   0 	 0.408233 	 4275.083700 	 19971.613337
    1 	 52.966752 	 11423.332036 	 19971.613337
    2 	 758.385829 	 14282.354079 	 19971.613337
    3 	 3976.012393 	 14906.516867 	 19971.613337
    4 	 785.579641 	 15474.817693 	 19971.613337
    5 	 609.750455 	 16488.853539 	 19971.613337
    6 	 1030.324535 	 16704.506322 	 19971.613337
    7 	 1248.404820 	 17760.283547 	 19971.613337
    8 	 4461.820232 	 18107.859567 	 19971.613337
    9 	 731.904542 	 17836.088687 	 19971.613337
   10 	 4461.820232 	 17772.849917 	 19971.613337
   11 	 6319.203036 	 17966.339888 	 19971.613337
   12 	 6319.203036 	 18439.027725 	 19971.613337
   13 	 785.579641 	 18036.509590 	 19971.613337
   14 	 9571.351891 	 18688.016102 	 19971.613337
   15 	 1248.404820 	 18601.631006 	 19971.613337
   16 	 901.735160 	 18584.551170 	 19971.613337
   17 	 5565.579345 	 18567.834224 	 19971.613337
   18 	 1209.854839 	 18235.381975 	 19971.613337
   19 	 5565.579345 	 18437.647965 	 19971.613337
   20 	 842.155623 	 18039.806657 	 19971.613337
   21 	 1172.204877 	 18252.231937 	 19971.613337
   22 	 1135.440816 	 18522.771385 	 19971.613337
   23 	 1135.440816 	 18536.286147 	 19971.613337
   24 	 1135.440816 	 18403.941674 	 19971.613337
   25 	 1209.854839 	 18535.869056 	 19971.613337
   26 	 6059.993646 	 18825.101207 	 19971.613337
   27 	 6319.203036 	 18817.210751 	 19971.613337
   28 	 1172.204877 	 18452.791205 	 19971.613337
   29 	 1248.404820 	 18985.126173 	 19971.613337
   30 	 1135.440816 	 18908.518670 	 19971.613337
   31 	 1172.204877 	 18144.926437 	 19971.613337
   32 	 6059.993646 	 18830.100435 	 19971.613337
   33 	 1248.404820 	 18627.667325 	 19971.613337
   34 	 5565.579345 	 18832.096620 	 19971.613337
   35 	 1248.404820 	 18377.700931 	 19971.613337
   36 	 932.683837 	 18160.974935 	 19971.613337
   37 	 1135.440816 	 18496.028947 	 19971.613337
   38 	 1209.854839 	 18435.050507 	 19971.613337
   39 	 1248.404820 	 18365.436423 	 19971.613337
   40 	 1172.204877 	 17763.370896 	 19971.613337
   41 	 1172.204877 	 18385.179008 	 19971.613337
   42 	 1209.854839 	 18594.367395 	 19971.613337
   43 	 2482.274490 	 18204.197512 	 19971.613337
   44 	 6059.993646 	 18605.288950 	 19971.613337
   45 	 8537.619040 	 18852.279580 	 19971.613337
   46 	 1135.440816 	 18585.997152 	 19971.613337
   47 	 1209.854839 	 18465.052539 	 19971.613337
   48 	 964.422716 	 18464.113484 	 19971.613337
   49 	 5933.421192 	 18208.483446 	 19971.613337
 