   0 	 0.408441 	 4689.092499 	 19971.613337
    1 	 19.436843 	 12345.739187 	 19971.613337
    2 	 587.284562 	 14286.770463 	 19971.613337
    3 	 1135.440816 	 16066.694022 	 19971.613337
    4 	 5686.235022 	 16642.526721 	 19971.613337
    5 	 5933.421192 	 17357.740084 	 19971.613337
    6 	 681.029434 	 16972.169331 	 19971.613337
    7 	 10122.077472 	 17745.523168 	 19971.613337
    8 	 932.683837 	 17261.034823 	 19971.613337
    9 	 1099.548650 	 17915.403029 	 19971.613337
   10 	 379.005392 	 17830.545065 	 19971.613337
   11 	 1248.404820 	 18104.672820 	 19971.613337
   12 	 5808.841996 	 17844.877651 	 19971.613337
   13 	 1248.404820 	 17775.391777 	 19971.613337
   14 	 842.155623 	 17437.197991 	 19971.613337
   15 	 1064.514484 	 17435.539746 	 19971.613337
   16 	 1248.404820 	 17659.412345 	 19971.613337
   17 	 6188.580508 	 18121.959784 	 19971.613337
   18 	 1209.854839 	 17995.968521 	 19971.613337
   19 	 1135.440816 	 17981.473194 	 19971.613337
   20 	 932.683837 	 17810.483145 	 19971.613337
   21 	 1172.204877 	 17911.556135 	 19971.613337
   22 	 1172.204877 	 17983.712459 	 19971.613337
   23 	 14181.598713 	 18658.441989 	 19971.613337
   24 	 14181.598713 	 18749.035265 	 19971.613337
   25 	 1099.548650 	 17902.066205 	 19971.613337
   26 	 1030.324535 	 18360.837712 	 19971.613337
   27 	 319.143408 	 18351.273294 	 19971.613337
   28 	 1172.204877 	 18113.225587 	 19971.613337
   29 	 1135.440816 	 17866.743040 	 19971.613337
   30 	 3704.262470 	 18019.645409 	 19971.613337
   31 	 932.683837 	 18657.796475 	 19971.613337
   32 	 1209.854839 	 18341.657324 	 19971.613337
   33 	 1209.854839 	 18282.297299 	 19971.613337
   34 	 1064.514484 	 18511.897198 	 19971.613337
   35 	 11499.360469 	 19028.403810 	 19971.613337
   36 	 11499.360469 	 18941.310510 	 19971.613337
   37 	 6188.580508 	 18964.899476 	 19971.613337
   38 	 1248.404820 	 18661.765703 	 19971.613337
   39 	 14181.598713 	 19042.230181 	 19971.613337
   40 	 1064.514484 	 18604.717187 	 19971.613337
   41 	 1064.514484 	 18605.796371 	 19971.613337
   42 	 6188.580508 	 19043.777340 	 19971.613337
   43 	 5808.841996 	 18856.474512 	 19971.613337
   44 	 706.123225 	 18362.540714 	 19971.613337
   45 	 1099.548650 	 18577.824539 	 19971.613337
   46 	 1248.404820 	 18663.758481 	 19971.613337
   47 	 1135.440816 	 18545.224711 	 19971.613337
   48 	 1209.854839 	 18779.480486 	 19971.613337
   49 	 901.735160 	 18177.846063 	 19971.613337
 