   0 	 0.408233 	 3958.009450 	 18752.341833
    1 	 254.640842 	 11643.421554 	 19971.613337
    2 	 1369.597725 	 14345.178340 	 19971.613337
    3 	 1248.404820 	 15630.307582 	 19971.613337
    4 	 785.579641 	 16743.131914 	 19971.613337
    5 	 1248.404820 	 17317.064004 	 19971.613337
    6 	 523.601786 	 17527.754881 	 19971.613337
    7 	 5808.841996 	 17700.572409 	 19971.613337
    8 	 12346.887005 	 17832.211034 	 19971.613337
    9 	 4773.891672 	 17883.790960 	 19971.613337
   10 	 1030.324535 	 17918.928214 	 19971.613337
   11 	 9571.351891 	 18171.287234 	 19971.613337
   12 	 4668.106467 	 17614.306619 	 19971.613337
   13 	 1099.548650 	 17559.598840 	 19971.613337
   14 	 5808.841996 	 18207.257796 	 19971.613337
   15 	 932.683837 	 17991.727251 	 19971.613337
   16 	 5686.235022 	 18075.495273 	 19971.613337
   17 	 1064.514484 	 17873.142369 	 19971.613337
   18 	 1248.404820 	 17826.966418 	 19971.613337
   19 	 964.422716 	 17907.460881 	 19971.613337
   20 	 1209.854839 	 17976.052430 	 19971.613337
   21 	 1099.548650 	 18327.471937 	 19971.613337
   22 	 465.247615 	 17976.045022 	 19971.613337
   23 	 12346.887005 	 18619.844826 	 19971.613337
   24 	 8212.417836 	 18742.155302 	 19971.613337
   25 	 46.079408 	 18119.951101 	 19971.613337
   26 	 5808.841996 	 18315.773848 	 19971.613337
   27 	 5330.038742 	 17861.842601 	 19971.613337
   28 	 5933.421192 	 18223.435102 	 19971.613337
   29 	 1248.404820 	 18528.792594 	 19971.613337
   30 	 1209.854839 	 18592.551148 	 19971.613337
   31 	 6188.580508 	 18840.777797 	 19971.613337
   32 	 4564.089257 	 18598.790717 	 19971.613337
   33 	 1099.548650 	 18586.511350 	 19971.613337
   34 	 1172.204877 	 18428.652080 	 19971.613337
   35 	 1135.440816 	 18095.879546 	 19971.613337
   36 	 5933.421192 	 18403.710647 	 19971.613337
   37 	 5933.421192 	 18604.710122 	 19971.613337
   38 	 1209.854839 	 18522.143428 	 19971.613337
   39 	 1064.514484 	 18570.621999 	 19971.613337
   40 	 9043.411510 	 18849.999693 	 19971.613337
   41 	 6188.580508 	 18476.271221 	 19971.613337
   42 	 395.203665 	 18109.067893 	 19971.613337
   43 	 1248.404820 	 18366.199295 	 19971.613337
   44 	 11707.017256 	 18960.610129 	 19971.613337
   45 	 706.123225 	 18754.301252 	 19971.613337
   46 	 1064.514484 	 18433.855792 	 19971.613337
   47 	 1209.854839 	 18551.717037 	 19971.613337
   48 	 1209.854839 	 18524.946529 	 19971.613337
   49 	 1064.514484 	 18555.670829 	 19971.613337
 