   0 	 0.410645 	 5372.366497 	 19661.381216
    1 	 4.683468 	 11619.019919 	 19971.613337
    2 	 3282.597829 	 14629.467316 	 19971.613337
    3 	 681.029434 	 15546.891432 	 19971.613337
    4 	 4069.833718 	 16093.705278 	 19971.613337
    5 	 4461.820232 	 16113.315754 	 19971.613337
    6 	 1064.514484 	 15799.512195 	 19971.613337
    7 	 2972.065002 	 16322.872273 	 19971.613337
    8 	 4069.833718 	 16404.929044 	 19971.613337
    9 	 4069.833718 	 16379.500519 	 19971.613337
   10 	 4773.891672 	 16490.456975 	 19971.613337
   11 	 813.498646 	 17236.838643 	 19971.613337
   12 	 6188.580508 	 17668.472430 	 19971.613337
   13 	 8053.346232 	 17990.448387 	 19971.613337
   14 	 1064.514484 	 17698.048389 	 19971.613337
   15 	 1064.514484 	 18032.841548 	 19971.613337
   16 	 1064.514484 	 17486.660898 	 19971.613337
   17 	 5686.235022 	 17905.054744 	 19971.613337
   18 	 758.385829 	 17242.865161 	 19661.381216
   19 	 4564.089257 	 17797.496151 	 19971.613337
   20 	 4564.089257 	 17593.562572 	 19971.613337
   21 	 5446.854152 	 17636.684544 	 19971.613337
   22 	 5446.854152 	 17850.005646 	 19971.613337
   23 	 5446.854152 	 17875.580731 	 19971.613337
   24 	 319.143408 	 17399.969137 	 19971.613337
   25 	 9392.871732 	 18259.210773 	 19971.613337
   26 	 1135.440816 	 17758.696511 	 19971.613337
   27 	 1135.440816 	 17981.938900 	 19971.613337
   28 	 1064.514484 	 18047.202909 	 19971.613337
   29 	 1099.548650 	 17895.817496 	 19971.613337
   30 	 1064.514484 	 17531.967278 	 19971.613337
   31 	 6188.580508 	 18118.368268 	 19971.613337
   32 	 1064.514484 	 18011.871674 	 19971.613337
   33 	 632.855214 	 17727.088235 	 19971.613337
   34 	 5565.579345 	 17767.674981 	 19971.613337
   35 	 319.143408 	 17563.395104 	 19971.613337
   36 	 60.604998 	 18192.312891 	 19971.613337
   37 	 1135.440816 	 18241.948006 	 19971.613337
   38 	 1099.548650 	 18448.440892 	 19971.613337
   39 	 4881.464792 	 18280.284543 	 19971.613337
   40 	 73.586033 	 18110.605057 	 19971.613337
   41 	 11092.346767 	 18784.378308 	 19971.613337
   42 	 1064.514484 	 17938.051976 	 19971.613337
   43 	 1172.204877 	 17961.455437 	 19971.613337
   44 	 1064.514484 	 17888.977043 	 19971.613337
   45 	 10502.205106 	 18402.960130 	 19971.613337
   46 	 932.683837 	 18263.902818 	 19971.613337
   47 	 1209.854839 	 18233.491035 	 19971.613337
   48 	 1099.548650 	 17640.054390 	 19971.613337
   49 	 1064.514484 	 17714.439933 	 19971.613337
 