   0 	 0.408241 	 4363.885825 	 19051.773810
    1 	 0.437107 	 11934.475972 	 19971.613337
    2 	 395.203665 	 15064.377482 	 19971.613337
    3 	 871.563460 	 16007.393221 	 19971.613337
    4 	 1248.404820 	 16921.209611 	 19971.613337
    5 	 5565.579345 	 16937.189866 	 19971.613337
    6 	 5330.038742 	 17156.302161 	 19971.613337
    7 	 813.498646 	 16569.035694 	 19971.613337
    8 	 31.816648 	 17075.108909 	 19971.613337
    9 	 1099.548650 	 17326.068228 	 19971.613337
   10 	 4773.891672 	 17690.000813 	 19971.613337
   11 	 901.735160 	 17614.157609 	 19971.613337
   12 	 964.422716 	 17743.775608 	 19971.613337
   13 	 5808.841996 	 17965.014235 	 19971.613337
   14 	 1248.404820 	 17039.935023 	 19971.613337
   15 	 932.683837 	 17618.125152 	 19971.613337
   16 	 871.563460 	 17569.284449 	 19971.613337
   17 	 1030.324535 	 17243.997574 	 19971.613337
   18 	 871.563460 	 17320.569585 	 19971.613337
   19 	 3363.892281 	 17724.827445 	 19971.613337
   20 	 1099.548650 	 17669.319970 	 19971.613337
   21 	 6059.993646 	 17851.728663 	 19971.613337
   22 	 731.904542 	 17850.859442 	 19971.613337
   23 	 1064.514484 	 17478.571702 	 19971.613337
   24 	 6188.580508 	 17952.367186 	 19971.613337
   25 	 1248.404820 	 17954.599445 	 19971.613337
   26 	 5102.055018 	 18122.905377 	 19971.613337
   27 	 1172.204877 	 17904.240462 	 19971.613337
   28 	 46.079408 	 17767.673952 	 19971.613337
   29 	 1248.404820 	 18361.755991 	 19971.613337
   30 	 964.422716 	 18057.851091 	 19971.613337
   31 	 1064.514484 	 18409.483834 	 19971.613337
   32 	 5686.235022 	 18616.899874 	 19971.613337
   33 	 5686.235022 	 18519.805835 	 19971.613337
   34 	 5808.841996 	 18378.357017 	 19971.613337
   35 	 5808.841996 	 18536.684938 	 19971.613337
   36 	 813.498646 	 17998.973544 	 19971.613337
   37 	 1248.404820 	 18136.959862 	 19971.613337
   38 	 1099.548650 	 18362.208180 	 19971.613337
   39 	 1209.854839 	 18811.653126 	 19971.613337
   40 	 5565.579345 	 18496.145109 	 19971.613337
   41 	 1030.324535 	 17789.985958 	 19971.613337
   42 	 1209.854839 	 18220.232803 	 19971.613337
   43 	 632.855214 	 18511.887090 	 19971.613337
   44 	 1209.854839 	 18453.722717 	 19971.613337
   45 	 1209.854839 	 18754.109936 	 19971.613337
   46 	 1099.548650 	 18628.816091 	 19971.613337
   47 	 1099.548650 	 18470.855610 	 19971.613337
   48 	 13704.951216 	 19073.051534 	 19971.613337
   49 	 1248.404820 	 18919.327034 	 19971.613337
 