   0 	 0.408241 	 3844.949177 	 19661.381216
    1 	 163.765154 	 10996.145433 	 19971.613337
    2 	 292.026161 	 13957.907367 	 19971.613337
    3 	 2898.003202 	 14567.142064 	 19971.613337
    4 	 1248.404820 	 15109.450154 	 19971.613337
    5 	 5446.854152 	 16364.022631 	 19971.613337
    6 	 5808.841996 	 16546.920401 	 19971.613337
    7 	 731.904542 	 16734.065989 	 19971.613337
    8 	 785.579641 	 17225.061423 	 19971.613337
    9 	 785.579641 	 17510.630306 	 19971.613337
   10 	 731.904542 	 17303.084661 	 19971.613337
   11 	 1030.324535 	 17662.895245 	 19971.613337
   12 	 1248.404820 	 18306.079444 	 19971.613337
   13 	 6319.203036 	 18397.196262 	 19971.613337
   14 	 1172.204877 	 18026.568980 	 19971.613337
   15 	 1209.854839 	 17410.410261 	 19971.613337
   16 	 1209.854839 	 18137.620103 	 19971.613337
   17 	 12787.801597 	 18444.298892 	 19971.613337
   18 	 996.965132 	 18260.399386 	 19971.613337
   19 	 996.965132 	 18332.398358 	 19971.613337
   20 	 10502.205106 	 18446.874714 	 19971.613337
   21 	 1099.548650 	 17921.000454 	 19971.613337
   22 	 4361.279696 	 18180.070819 	 19971.613337
   23 	 2972.065002 	 17913.746691 	 19971.613337
   24 	 11294.478583 	 18692.379333 	 19971.613337
   25 	 5933.421192 	 18397.832381 	 19971.613337
   26 	 1135.440816 	 17917.709319 	 19971.613337
   27 	 932.683837 	 17817.048649 	 19971.613337
   28 	 2898.003202 	 18556.586510 	 19971.613337
   29 	 587.284562 	 18106.252258 	 19971.613337
   30 	 9752.363665 	 18492.322625 	 19971.613337
   31 	 1172.204877 	 18452.055496 	 19971.613337
   32 	 5102.055018 	 18612.295662 	 19971.613337
   33 	 5446.854152 	 18610.271606 	 19971.613337
   34 	 996.965132 	 18256.765920 	 19971.613337
   35 	 681.029434 	 17771.498782 	 19971.613337
   36 	 1030.324535 	 18361.905621 	 19971.613337
   37 	 6059.993646 	 18865.412537 	 19971.613337
   38 	 1099.548650 	 18574.105937 	 19971.613337
   39 	 1099.548650 	 18840.213845 	 19971.613337
   40 	 1209.854839 	 18845.720735 	 19971.613337
   41 	 1099.548650 	 18789.561452 	 19971.613337
   42 	 6188.580508 	 18878.311224 	 19971.613337
   43 	 6319.203036 	 18614.268549 	 19971.613337
   44 	 544.221946 	 18474.376689 	 19971.613337
   45 	 1099.548650 	 18128.861579 	 19971.613337
   46 	 6319.203036 	 18849.238904 	 19971.613337
   47 	 1248.404820 	 18761.582940 	 19971.613337
   48 	 5215.112523 	 18826.327146 	 19971.613337
   49 	 1172.204877 	 18938.722275 	 19971.613337
 