   0 	 0.408233 	 4266.014362 	 19661.381216
    1 	 83.335913 	 11507.697156 	 19971.613337
    2 	 1287.869049 	 13350.795766 	 19661.381216
    3 	 1590.936290 	 15351.290615 	 19971.613337
    4 	 5565.579345 	 16293.170974 	 19661.381216
    5 	 871.563460 	 15846.409800 	 19971.613337
    6 	 1064.514484 	 16867.370580 	 19971.613337
    7 	 5446.854152 	 17231.392515 	 19971.613337
    8 	 842.155623 	 17172.594510 	 19971.613337
    9 	 964.422716 	 17176.158760 	 19971.613337
   10 	 1209.854839 	 17359.314634 	 19971.613337
   11 	 10310.827494 	 17355.503333 	 19971.613337
   12 	 1064.514484 	 17359.273051 	 19971.613337
   13 	 19.436843 	 17244.750098 	 19661.381216
   14 	 1064.514484 	 16938.486375 	 19661.381216
   15 	 1135.440816 	 17808.998178 	 19971.613337
   16 	 10310.827494 	 18270.298216 	 19971.613337
   17 	 996.965132 	 17828.104181 	 19971.613337
   18 	 1099.548650 	 18167.237597 	 19971.613337
   19 	 1030.324535 	 18317.037215 	 19971.613337
   20 	 1064.514484 	 18006.269235 	 19971.613337
   21 	 996.965132 	 18055.547863 	 19971.613337
   22 	 1209.854839 	 17697.462488 	 19971.613337
   23 	 1099.548650 	 17972.989377 	 19971.613337
   24 	 1209.854839 	 18315.224961 	 19971.613337
   25 	 5446.854152 	 18352.668184 	 19971.613337
   26 	 1030.324535 	 17928.167113 	 19971.613337
   27 	 1064.514484 	 18160.728277 	 19971.613337
   28 	 14181.598713 	 18608.032466 	 19971.613337
   29 	 1172.204877 	 17793.924366 	 19971.613337
   30 	 1135.440816 	 18036.477605 	 19971.613337
   31 	 10696.234580 	 18534.021853 	 19971.613337
   32 	 1209.854839 	 17894.354953 	 19971.613337
   33 	 4361.279696 	 18321.305431 	 19971.613337
   34 	 681.029434 	 18238.062717 	 19971.613337
   35 	 1209.854839 	 17536.097480 	 19971.613337
   36 	 6188.580508 	 18659.803568 	 19971.613337
   37 	 6319.203036 	 18722.288842 	 19971.613337
   38 	 6059.993646 	 18796.383127 	 19971.613337
   39 	 1248.404820 	 18553.062030 	 19971.613337
   40 	 6059.993646 	 18787.153680 	 19971.613337
   41 	 6319.203036 	 18942.759355 	 19971.613337
   42 	 1209.854839 	 18407.702327 	 19971.613337
   43 	 10892.940302 	 18992.993310 	 19971.613337
   44 	 1135.440816 	 18513.525191 	 19971.613337
   45 	 6059.993646 	 18673.419037 	 19971.613337
   46 	 1172.204877 	 18388.622487 	 19971.613337
   47 	 5933.421192 	 18178.266331 	 19971.613337
   48 	 1209.854839 	 18074.723356 	 19971.613337
   49 	 4990.845859 	 18052.823153 	 19971.613337
 