   0 	 0.473866 	 3765.989794 	 19051.773810
    1 	 83.335913 	 11586.929120 	 19661.381216
    2 	 292.026161 	 13587.667761 	 19661.381216
    3 	 871.563460 	 13958.390219 	 19971.613337
    4 	 1064.514484 	 15271.334734 	 19971.613337
    5 	 446.927236 	 16017.911190 	 19971.613337
    6 	 6319.203036 	 16450.416399 	 19971.613337
    7 	 243.017376 	 16236.057680 	 19661.381216
    8 	 932.683837 	 16558.670044 	 19661.381216
    9 	 1099.548650 	 16713.051267 	 19971.613337
   10 	 6319.203036 	 17380.319138 	 19971.613337
   11 	 1064.514484 	 17334.476374 	 19971.613337
   12 	 1064.514484 	 17478.746151 	 19971.613337
   13 	 681.029434 	 17427.584634 	 19971.613337
   14 	 5686.235022 	 18002.449151 	 19661.381216
   15 	 411.916198 	 17582.987384 	 19661.381216
   16 	 996.965132 	 17190.759294 	 19971.613337
   17 	 996.965132 	 17041.871243 	 19971.613337
   18 	 10696.234580 	 18065.181047 	 19971.613337
   19 	 1172.204877 	 17918.413958 	 19971.613337
   20 	 996.965132 	 17531.563554 	 19971.613337
   21 	 1030.324535 	 17860.595506 	 19971.613337
   22 	 1135.440816 	 17884.586333 	 19971.613337
   23 	 1248.404820 	 17768.294846 	 19971.613337
   24 	 1030.324535 	 17868.501545 	 19971.613337
   25 	 5446.854152 	 18104.513728 	 19971.613337
   26 	 5565.579345 	 17898.421238 	 19971.613337
   27 	 5565.579345 	 18185.398572 	 19971.613337
   28 	 1099.548650 	 17637.368126 	 19971.613337
   29 	 1064.514484 	 17823.453031 	 19971.613337
   30 	 996.965132 	 17731.238346 	 19971.613337
   31 	 1135.440816 	 17830.216335 	 19971.613337
   32 	 1030.324535 	 17556.273724 	 19971.613337
   33 	 1030.324535 	 18165.342037 	 19971.613337
   34 	 1135.440816 	 17848.623616 	 19971.613337
   35 	 1135.440816 	 17862.540877 	 19971.613337
   36 	 996.965132 	 18025.689188 	 19971.613337
   37 	 13704.951216 	 18419.604231 	 19971.613337
   38 	 1172.204877 	 18147.788637 	 19971.613337
   39 	 5565.579345 	 18302.036815 	 19971.613337
   40 	 1248.404820 	 17693.571549 	 19971.613337
   41 	 1172.204877 	 17529.098482 	 19971.613337
   42 	 11294.478583 	 18224.763075 	 19971.613337
   43 	 1030.324535 	 17800.867560 	 19971.613337
   44 	 1030.324535 	 17713.489827 	 19971.613337
   45 	 996.965132 	 17979.721765 	 19971.613337
   46 	 964.422716 	 18032.245121 	 19971.613337
   47 	 5565.579345 	 18298.579150 	 19971.613337
   48 	 964.422716 	 18268.630908 	 19971.613337
   49 	 5446.854152 	 18471.250388 	 19971.613337
 