   0 	 0.408241 	 5155.769195 	 19661.381216
    1 	 429.153761 	 12435.405548 	 19971.613337
    2 	 656.610837 	 15092.336817 	 19971.613337
    3 	 319.143408 	 15467.724083 	 19971.613337
    4 	 4564.089257 	 16261.150689 	 19971.613337
    5 	 4564.089257 	 16904.244822 	 19971.613337
    6 	 11092.346767 	 17133.899756 	 19971.613337
    7 	 11092.346767 	 17386.532542 	 19971.613337
    8 	 1172.204877 	 17200.417472 	 19971.613337
    9 	 1248.404820 	 17172.610868 	 19971.613337
   10 	 4262.448063 	 17377.098345 	 19971.613337
   11 	 1248.404820 	 17748.318182 	 19971.613337
   12 	 1099.548650 	 17789.917316 	 19971.613337
   13 	 656.610837 	 18049.823638 	 19971.613337
   14 	 1172.204877 	 18311.943323 	 19971.613337
   15 	 1135.440816 	 18516.040960 	 19971.613337
   16 	 1209.854839 	 18404.520663 	 19971.613337
   17 	 1209.854839 	 18696.212675 	 19971.613337
   18 	 1135.440816 	 18283.077050 	 19971.613337
   19 	 1209.854839 	 18505.803183 	 19971.613337
   20 	 1209.854839 	 18783.136729 	 19971.613337
   21 	 932.683837 	 18371.381419 	 19971.613337
   22 	 1172.204877 	 18684.448583 	 19971.613337
   23 	 9935.930879 	 19063.111144 	 19971.613337
   24 	 1209.854839 	 18621.718289 	 19971.613337
   25 	 1209.854839 	 18840.466597 	 19971.613337
   26 	 6319.203036 	 19074.622245 	 19971.613337
   27 	 1135.440816 	 18443.377572 	 19971.613337
   28 	 932.683837 	 18105.069114 	 19971.613337
   29 	 932.683837 	 18489.072124 	 19971.613337
   30 	 4990.845859 	 18715.956686 	 19971.613337
   31 	 37.045491 	 18409.917084 	 19971.613337
   32 	 1064.514484 	 18758.680919 	 19971.613337
   33 	 871.563460 	 18222.832481 	 19971.613337
   34 	 363.310720 	 18075.194027 	 19971.613337
   35 	 1172.204877 	 18231.972766 	 19971.613337
   36 	 731.904542 	 18244.783704 	 19971.613337
   37 	 6059.993646 	 18705.980446 	 19971.613337
   38 	 395.203665 	 18473.431242 	 19971.613337
   39 	 11294.478583 	 18709.487253 	 19971.613337
   40 	 1248.404820 	 18582.428187 	 19971.613337
   41 	 1209.854839 	 18701.517156 	 19971.613337
   42 	 1135.440816 	 18369.346509 	 19971.613337
   43 	 4990.845859 	 18465.624364 	 19971.613337
   44 	 1172.204877 	 18236.239510 	 19971.613337
   45 	 901.735160 	 18395.623194 	 19971.613337
   46 	 9752.363665 	 18713.443237 	 19971.613337
   47 	 5330.038742 	 18703.129360 	 19971.613337
   48 	 1172.204877 	 18694.517908 	 19971.613337
   49 	 6319.203036 	 18860.654585 	 19971.613337
 