   0 	 0.408233 	 4165.055177 	 19971.613337
    1 	 465.247615 	 11963.530204 	 19971.613337
    2 	 446.927236 	 15151.423652 	 19971.613337
    3 	 1209.854839 	 15652.359000 	 19971.613337
    4 	 39.892072 	 16589.575869 	 19971.613337
    5 	 78.346699 	 17286.012395 	 19971.613337
    6 	 4165.305857 	 17711.493707 	 19971.613337
    7 	 5446.854152 	 17857.103404 	 19971.613337
    8 	 5446.854152 	 18157.540436 	 19971.613337
    9 	 681.029434 	 17959.249518 	 19971.613337
   10 	 11707.017256 	 18809.422446 	 19971.613337
   11 	 871.563460 	 18388.162207 	 19971.613337
   12 	 996.965132 	 18095.415937 	 19971.613337
   13 	 1209.854839 	 18675.639884 	 19971.613337
   14 	 1135.440816 	 18394.283444 	 19971.613337
   15 	 1209.854839 	 18846.571402 	 19971.613337
   16 	 1064.514484 	 18557.739267 	 19971.613337
   17 	 6059.993646 	 18586.700958 	 19971.613337
   18 	 1135.440816 	 18338.816838 	 19971.613337
   19 	 1030.324535 	 18321.340077 	 19971.613337
   20 	 1135.440816 	 18573.514827 	 19971.613337
   21 	 11092.346767 	 18929.137356 	 19971.613337
   22 	 10502.205106 	 18825.518915 	 19971.613337
   23 	 1172.204877 	 18712.091389 	 19971.613337
   24 	 1172.204877 	 18255.811458 	 19971.613337
   25 	 996.965132 	 18721.567361 	 19971.613337
   26 	 1172.204877 	 18722.892416 	 19971.613337
   27 	 6188.580508 	 18680.102777 	 19971.613337
   28 	 11092.346767 	 18879.645765 	 19971.613337
   29 	 11294.478583 	 18664.264574 	 19971.613337
   30 	 6059.993646 	 18176.896005 	 19971.613337
   31 	 1172.204877 	 17665.135451 	 19971.613337
   32 	 1172.204877 	 18301.616484 	 19971.613337
   33 	 6059.993646 	 18332.212444 	 19971.613337
   34 	 1172.204877 	 18126.639860 	 19971.613337
   35 	 964.422716 	 18345.466093 	 19971.613337
   36 	 1135.440816 	 18526.648489 	 19971.613337
   37 	 6059.993646 	 18770.522060 	 19971.613337
   38 	 1135.440816 	 18592.604650 	 19971.613337
   39 	 1248.404820 	 18511.496681 	 19971.613337
   40 	 1172.204877 	 18514.904180 	 19971.613337
   41 	 5102.055018 	 18184.161984 	 19971.613337
   42 	 1209.854839 	 18032.015740 	 19971.613337
   43 	 1172.204877 	 17492.856748 	 19971.613337
   44 	 731.904542 	 17929.369862 	 19971.613337
   45 	 1248.404820 	 18747.888132 	 19971.613337
   46 	 1135.440816 	 18350.017019 	 19971.613337
   47 	 1248.404820 	 18218.483775 	 19971.613337
   48 	 1172.204877 	 18042.287536 	 19971.613337
   49 	 1209.854839 	 17874.780213 	 19971.613337
 