   0 	 0.408241 	 3339.240763 	 15427.606917
    1 	 132.364577 	 8445.319300 	 17875.194995
    2 	 132.364577 	 10728.309464 	 19661.381216
    3 	 348.109104 	 11568.036038 	 19971.613337
    4 	 13.515126 	 13274.030336 	 19661.381216
    5 	 3793.245741 	 14487.716458 	 19971.613337
    6 	 5446.854152 	 15054.066701 	 19661.381216
    7 	 7896.596826 	 15764.888890 	 19971.613337
    8 	 411.916198 	 15902.487501 	 19971.613337
    9 	 1135.440816 	 16437.569022 	 19971.613337
   10 	 758.385829 	 16431.507189 	 19971.613337
   11 	 5330.038742 	 17349.449514 	 19971.613337
   12 	 565.445651 	 17619.751163 	 19971.613337
   13 	 901.735160 	 17611.072622 	 19971.613337
   14 	 5933.421192 	 18202.980179 	 19971.613337
   15 	 1135.440816 	 18016.066986 	 19971.613337
   16 	 11092.346767 	 18296.545272 	 19971.613337
   17 	 5446.854152 	 17848.427686 	 19971.613337
   18 	 5933.421192 	 17891.155004 	 19971.613337
   19 	 348.109104 	 17400.594063 	 19971.613337
   20 	 1135.440816 	 18005.726697 	 19971.613337
   21 	 4165.305857 	 18003.118017 	 19971.613337
   22 	 1135.440816 	 18555.358647 	 19971.613337
   23 	 996.965132 	 18149.861038 	 19971.613337
   24 	 1172.204877 	 18550.834090 	 19971.613337
   25 	 1099.548650 	 18026.766965 	 19971.613337
   26 	 1172.204877 	 17997.516363 	 19971.613337
   27 	 1099.548650 	 18247.775042 	 19971.613337
   28 	 1030.324535 	 17954.194902 	 19971.613337
   29 	 5565.579345 	 17919.348540 	 19971.613337
   30 	 4361.279696 	 18308.082347 	 19971.613337
   31 	 52.966752 	 17536.360260 	 19971.613337
   32 	 1209.854839 	 18225.892581 	 19971.613337
   33 	 10502.205106 	 18318.233714 	 19971.613337
   34 	 9752.363665 	 18812.624297 	 19971.613337
   35 	 901.735160 	 17894.284396 	 19971.613337
   36 	 5933.421192 	 18160.713704 	 19971.613337
   37 	 6059.993646 	 18185.895219 	 19971.613337
   38 	 1172.204877 	 18102.055981 	 19971.613337
   39 	 842.155623 	 17855.861556 	 19971.613337
   40 	 5686.235022 	 18469.549460 	 19971.613337
   41 	 1172.204877 	 18363.419609 	 19971.613337
   42 	 1030.324535 	 17705.313600 	 19971.613337
   43 	 1172.204877 	 18438.571365 	 19971.613337
   44 	 1099.548650 	 18823.524232 	 19971.613337
   45 	 1135.440816 	 18735.282717 	 19971.613337
   46 	 1209.854839 	 18401.826114 	 19971.613337
   47 	 1248.404820 	 18640.479531 	 19971.613337
   48 	 6319.203036 	 18359.463884 	 19971.613337
   49 	 6319.203036 	 18767.410130 	 19971.613337
 