   0 	 0.409112 	 3905.493615 	 19354.777508
    1 	 544.221946 	 12171.025221 	 19661.381216
    2 	 2171.450874 	 13896.985032 	 19971.613337
    3 	 2112.969753 	 14860.882023 	 19971.613337
    4 	 901.735160 	 15489.818033 	 19971.613337
    5 	 996.965132 	 15582.955983 	 19971.613337
    6 	 9571.351891 	 16410.936396 	 19971.613337
    7 	 4564.089257 	 16669.710360 	 19971.613337
    8 	 7589.973878 	 16686.011298 	 19971.613337
    9 	 871.563460 	 15959.132627 	 19661.381216
   10 	 6451.882602 	 17174.657910 	 19971.613337
   11 	 1135.440816 	 16832.319267 	 19971.613337
   12 	 37.045491 	 16879.193331 	 19971.613337
   13 	 656.610837 	 17311.723403 	 19971.613337
   14 	 996.965132 	 17955.562052 	 19971.613337
   15 	 1172.204877 	 17617.324707 	 19971.613337
   16 	 11092.346767 	 18215.891250 	 19971.613337
   17 	 292.026161 	 17705.113754 	 19971.613337
   18 	 656.610837 	 17831.644058 	 19971.613337
   19 	 3793.245741 	 17706.801695 	 19971.613337
   20 	 132.364577 	 17580.643426 	 19971.613337
   21 	 181.416692 	 17097.298208 	 19971.613337
   22 	 996.965132 	 17393.995703 	 19971.613337
   23 	 8872.384351 	 17846.575117 	 19971.613337
   24 	 1099.548650 	 17911.586690 	 19971.613337
   25 	 1135.440816 	 17781.900691 	 19971.613337
   26 	 11707.017256 	 18488.199958 	 19971.613337
   27 	 1064.514484 	 18502.111998 	 19971.613337
   28 	 1135.440816 	 18442.811795 	 19971.613337
   29 	 6059.993646 	 18595.694060 	 19971.613337
   30 	 9752.363665 	 18742.519950 	 19971.613337
   31 	 565.445651 	 17745.206414 	 19971.613337
   32 	 1064.514484 	 17820.723580 	 19971.613337
   33 	 932.683837 	 18240.196818 	 19971.613337
   34 	 10696.234580 	 19113.010376 	 19971.613337
   35 	 10696.234580 	 19074.098210 	 19971.613337
   36 	 6188.580508 	 18700.402882 	 19971.613337
   37 	 5446.854152 	 18414.415056 	 19971.613337
   38 	 1135.440816 	 18749.861849 	 19971.613337
   39 	 1030.324535 	 18816.765405 	 19971.613337
   40 	 1135.440816 	 18211.837271 	 19971.613337
   41 	 1135.440816 	 17789.184337 	 19971.613337
   42 	 871.563460 	 17691.752830 	 19971.613337
   43 	 1135.440816 	 18274.488524 	 19971.613337
   44 	 5446.854152 	 18640.741411 	 19971.613337
   45 	 1135.440816 	 18308.475741 	 19971.613337
   46 	 1209.854839 	 18395.050336 	 19971.613337
   47 	 11294.478583 	 18863.970300 	 19971.613337
   48 	 1064.514484 	 17688.631635 	 19971.613337
   49 	 5446.854152 	 17790.182117 	 19971.613337
 