   0 	 0.408241 	 3152.661443 	 19354.777508
    1 	 1.006938 	 10818.533071 	 19971.613337
    2 	 632.855214 	 13494.527318 	 19971.613337
    3 	 587.284562 	 14989.528317 	 19971.613337
    4 	 7292.368648 	 15931.031961 	 19971.613337
    5 	 6188.580508 	 16057.773599 	 19971.613337
    6 	 871.563460 	 16431.578197 	 19971.613337
    7 	 446.927236 	 16946.580982 	 19971.613337
    8 	 6319.203036 	 17482.778445 	 19971.613337
    9 	 681.029434 	 17554.476762 	 19971.613337
   10 	 319.143408 	 17908.004494 	 19971.613337
   11 	 305.358792 	 17998.380917 	 19971.613337
   12 	 964.422716 	 18110.187028 	 19971.613337
   13 	 1248.404820 	 18199.628770 	 19971.613337
   14 	 1099.548650 	 18226.348098 	 19971.613337
   15 	 6319.203036 	 18191.695823 	 19971.613337
   16 	 1135.440816 	 17637.048958 	 19971.613337
   17 	 1135.440816 	 18103.998015 	 19971.613337
   18 	 6059.993646 	 18308.356131 	 19971.613337
   19 	 1135.440816 	 17869.723914 	 19971.613337
   20 	 1248.404820 	 18134.702471 	 19971.613337
   21 	 1209.854839 	 17619.333591 	 19971.613337
   22 	 1209.854839 	 17618.992689 	 19971.613337
   23 	 1209.854839 	 18115.056881 	 19971.613337
   24 	 1209.854839 	 18460.936682 	 19971.613337
   25 	 1248.404820 	 18460.694028 	 19971.613337
   26 	 1135.440816 	 18387.687255 	 19971.613337
   27 	 10502.205106 	 18930.601827 	 19971.613337
   28 	 1099.548650 	 18404.099851 	 19971.613337
   29 	 964.422716 	 18640.022702 	 19971.613337
   30 	 6059.993646 	 18879.747343 	 19971.613337
   31 	 706.123225 	 18726.850712 	 19971.613337
   32 	 1135.440816 	 18783.440823 	 19971.613337
   33 	 1209.854839 	 18775.633497 	 19971.613337
   34 	 996.965132 	 18654.581560 	 19971.613337
   35 	 1248.404820 	 18596.738658 	 19971.613337
   36 	 1248.404820 	 18154.227330 	 19971.613337
   37 	 6188.580508 	 18874.484831 	 19971.613337
   38 	 4165.305857 	 18562.656850 	 19971.613337
   39 	 363.310720 	 18694.509876 	 19971.613337
   40 	 706.123225 	 18641.083960 	 19971.613337
   41 	 1209.854839 	 18680.927611 	 19971.613337
   42 	 1209.854839 	 18677.518614 	 19971.613337
   43 	 6319.203036 	 19102.912414 	 19971.613337
   44 	 1135.440816 	 18916.758878 	 19971.613337
   45 	 1209.854839 	 18476.396629 	 19971.613337
   46 	 6188.580508 	 19016.837125 	 19971.613337
   47 	 6188.580508 	 18910.668273 	 19971.613337
   48 	 1248.404820 	 18284.583480 	 19971.613337
   49 	 5330.038742 	 18646.501424 	 19971.613337
 