   0 	 0.408241 	 4490.409992 	 19971.613337
    1 	 3.680294 	 13440.472413 	 19971.613337
    2 	 1099.548650 	 15158.538126 	 19971.613337
    3 	 587.284562 	 15851.901596 	 19971.613337
    4 	 1172.204877 	 16613.006033 	 19971.613337
    5 	 964.422716 	 17257.325701 	 19971.613337
    6 	 932.683837 	 17579.358324 	 19971.613337
    7 	 901.735160 	 17145.526886 	 19971.613337
    8 	 6059.993646 	 18246.506228 	 19971.613337
    9 	 1135.440816 	 18558.977901 	 19971.613337
   10 	 1135.440816 	 18122.677783 	 19971.613337
   11 	 1030.324535 	 18018.445784 	 19971.613337
   12 	 13941.747261 	 18998.272756 	 19971.613337
   13 	 1064.514484 	 18733.861634 	 19971.613337
   14 	 1099.548650 	 18432.321549 	 19971.613337
   15 	 6188.580508 	 18453.848150 	 19971.613337
   16 	 5933.421192 	 18464.474196 	 19971.613337
   17 	 10122.077472 	 18522.536796 	 19971.613337
   18 	 1030.324535 	 17676.358296 	 19971.613337
   19 	 1209.854839 	 18297.164788 	 19971.613337
   20 	 731.904542 	 18306.609529 	 19971.613337
   21 	 1135.440816 	 18842.664744 	 19971.613337
   22 	 842.155623 	 18293.699781 	 19971.613337
   23 	 5446.854152 	 18554.723063 	 19971.613337
   24 	 731.904542 	 18412.039092 	 19971.613337
   25 	 10696.234580 	 18841.887674 	 19971.613337
   26 	 1099.548650 	 19032.656695 	 19971.613337
   27 	 1209.854839 	 19180.712058 	 19971.613337
   28 	 1209.854839 	 18898.275023 	 19971.613337
   29 	 1209.854839 	 19015.571609 	 19971.613337
   30 	 1209.854839 	 18711.319910 	 19971.613337
   31 	 5933.421192 	 18878.876579 	 19971.613337
   32 	 1099.548650 	 18402.178292 	 19971.613337
   33 	 1172.204877 	 18343.440685 	 19971.613337
   34 	 1064.514484 	 18371.772751 	 19971.613337
   35 	 1099.548650 	 18156.959542 	 19971.613337
   36 	 1248.404820 	 18531.812499 	 19971.613337
   37 	 1248.404820 	 18514.537297 	 19971.613337
   38 	 1209.854839 	 18556.898599 	 19971.613337
   39 	 1248.404820 	 18670.848673 	 19971.613337
   40 	 1209.854839 	 18746.790083 	 19971.613337
   41 	 11092.346767 	 18581.673570 	 19971.613337
   42 	 395.203665 	 17869.194164 	 19971.613337
   43 	 996.965132 	 18210.423965 	 19971.613337
   44 	 1135.440816 	 18191.816370 	 19971.613337
   45 	 1135.440816 	 18579.303547 	 19971.613337
   46 	 731.904542 	 17628.017774 	 19971.613337
   47 	 1248.404820 	 18005.046449 	 19971.613337
   48 	 1064.514484 	 17726.873882 	 19971.613337
   49 	 5686.235022 	 18318.393644 	 19971.613337
 