   0 	 0.409112 	 4700.374483 	 19971.613337
    1 	 0.437107 	 11439.550385 	 19971.613337
    2 	 1172.204877 	 12755.433319 	 19971.613337
    3 	 785.579641 	 14133.563018 	 19971.613337
    4 	 333.390108 	 16105.645003 	 19971.613337
    5 	 379.005392 	 16858.259277 	 19971.613337
    6 	 587.284562 	 17002.495026 	 19971.613337
    7 	 842.155623 	 17105.694321 	 19971.613337
    8 	 1064.514484 	 17525.727386 	 19971.613337
    9 	 1099.548650 	 17860.169444 	 19971.613337
   10 	 1099.548650 	 17658.607477 	 19971.613337
   11 	 6319.203036 	 18510.216281 	 19971.613337
   12 	 5808.841996 	 18404.453180 	 19971.613337
   13 	 14670.572625 	 18813.183176 	 19971.613337
   14 	 996.965132 	 18552.349108 	 19971.613337
   15 	 1135.440816 	 18175.731367 	 19971.613337
   16 	 1064.514484 	 17772.939682 	 19971.613337
   17 	 6319.203036 	 18463.532948 	 19971.613337
   18 	 901.735160 	 18242.213532 	 19971.613337
   19 	 1030.324535 	 18649.281317 	 19971.613337
   20 	 1172.204877 	 18347.491688 	 19971.613337
   21 	 6319.203036 	 18568.183860 	 19971.613337
   22 	 932.683837 	 17838.059664 	 19971.613337
   23 	 1209.854839 	 18559.336615 	 19971.613337
   24 	 1248.404820 	 18352.460654 	 19971.613337
   25 	 5565.579345 	 18256.367600 	 19971.613337
   26 	 842.155623 	 18329.964960 	 19971.613337
   27 	 5808.841996 	 18297.563809 	 19971.613337
   28 	 1248.404820 	 18446.979489 	 19971.613337
   29 	 731.904542 	 18257.026948 	 19971.613337
   30 	 1172.204877 	 18356.182811 	 19971.613337
   31 	 13941.747261 	 18982.913803 	 19971.613337
   32 	 5330.038742 	 18631.314495 	 19971.613337
   33 	 1248.404820 	 18234.971728 	 19971.613337
   34 	 1030.324535 	 17974.403530 	 19971.613337
   35 	 1248.404820 	 18542.624236 	 19971.613337
   36 	 901.735160 	 18698.678250 	 19971.613337
   37 	 8703.794617 	 18876.133244 	 19971.613337
   38 	 6188.580508 	 19006.839098 	 19971.613337
   39 	 1172.204877 	 18091.043634 	 19971.613337
   40 	 1172.204877 	 18302.064442 	 19971.613337
   41 	 1248.404820 	 18713.962050 	 19971.613337
   42 	 8053.346232 	 18512.289508 	 19971.613337
   43 	 8053.346232 	 18057.148727 	 19971.613337
   44 	 544.221946 	 17818.862213 	 19971.613337
   45 	 1248.404820 	 17964.198849 	 19971.613337
   46 	 731.904542 	 17980.186393 	 19971.613337
   47 	 4262.448063 	 18498.646292 	 19971.613337
   48 	 15172.083653 	 19244.346699 	 19971.613337
   49 	 6319.203036 	 19004.087506 	 19971.613337
 