   0 	 0.413541 	 4527.225448 	 18164.080437
    1 	 99.747376 	 11292.391131 	 19354.777508
    2 	 842.155623 	 12707.938662 	 19971.613337
    3 	 125.278463 	 13287.323242 	 19661.381216
    4 	 587.284562 	 13862.758959 	 19971.613337
    5 	 5102.055018 	 15167.752548 	 19971.613337
    6 	 1209.854839 	 15587.341231 	 19971.613337
    7 	 29.422778 	 15629.077570 	 19661.381216
    8 	 4564.089257 	 15911.438373 	 19971.613337
    9 	 6723.498891 	 16171.811991 	 19971.613337
   10 	 1209.854839 	 16438.815500 	 19971.613337
   11 	 706.123225 	 16815.533716 	 19971.613337
   12 	 6188.580508 	 17143.661107 	 19971.613337
   13 	 4262.448063 	 17314.186579 	 19971.613337
   14 	 1209.854839 	 16872.793922 	 19971.613337
   15 	 1099.548650 	 17496.851293 	 19971.613337
   16 	 348.109104 	 17947.033966 	 19971.613337
   17 	 6319.203036 	 18100.520938 	 19971.613337
   18 	 1064.514484 	 17900.009868 	 19971.613337
   19 	 842.155623 	 17903.558803 	 19971.613337
   20 	 996.965132 	 17573.496343 	 19971.613337
   21 	 9216.899473 	 18417.832811 	 19971.613337
   22 	 9935.930879 	 18390.156354 	 19971.613337
   23 	 8537.619040 	 18595.814683 	 19971.613337
   24 	 6319.203036 	 18653.837372 	 19971.613337
   25 	 6319.203036 	 18917.803976 	 19971.613337
   26 	 1248.404820 	 18775.589707 	 19971.613337
   27 	 1209.854839 	 18077.836409 	 19971.613337
   28 	 1248.404820 	 18154.339539 	 19971.613337
   29 	 1209.854839 	 18561.167116 	 19971.613337
   30 	 1209.854839 	 18321.505905 	 19971.613337
   31 	 2615.510971 	 18534.567418 	 19971.613337
   32 	 5330.038742 	 18845.401662 	 19971.613337
   33 	 1248.404820 	 18298.688032 	 19971.613337
   34 	 6188.580508 	 17891.547777 	 19971.613337
   35 	 1209.854839 	 18522.312410 	 19971.613337
   36 	 42.901350 	 17685.298476 	 19971.613337
   37 	 5330.038742 	 18154.245788 	 19971.613337
   38 	 731.904542 	 18282.281223 	 19971.613337
   39 	 5933.421192 	 18313.895008 	 19971.613337
   40 	 1099.548650 	 18322.940319 	 19971.613337
   41 	 6188.580508 	 18562.523971 	 19971.613337
   42 	 1248.404820 	 18397.990988 	 19971.613337
   43 	 14424.531740 	 18568.779672 	 19971.613337
   44 	 932.683837 	 18258.046851 	 19971.613337
   45 	 10696.234580 	 18126.637039 	 19971.613337
   46 	 379.005392 	 17960.202627 	 19971.613337
   47 	 5808.841996 	 18133.287304 	 19971.613337
   48 	 1099.548650 	 17817.742569 	 19971.613337
   49 	 379.005392 	 17230.394687 	 19971.613337
 