   0 	 0.408233 	 4093.240112 	 19971.613337
    1 	 0.889826 	 11822.967325 	 19971.613337
    2 	 395.203665 	 14377.590197 	 19971.613337
    3 	 42.901350 	 14704.455406 	 19971.613337
    4 	 758.385829 	 15956.210692 	 19971.613337
    5 	 3363.892281 	 16682.655595 	 19971.613337
    6 	 1064.514484 	 16957.526042 	 19971.613337
    7 	 2754.041080 	 17796.673038 	 19971.613337
    8 	 1135.440816 	 17744.014400 	 19971.613337
    9 	 5808.841996 	 17831.368504 	 19971.613337
   10 	 1099.548650 	 17817.645674 	 19971.613337
   11 	 565.445651 	 17706.662089 	 19971.613337
   12 	 1099.548650 	 18493.401051 	 19971.613337
   13 	 5933.421192 	 18786.140385 	 19971.613337
   14 	 4262.448063 	 18544.357851 	 19971.613337
   15 	 1030.324535 	 18417.848449 	 19971.613337
   16 	 319.143408 	 18597.094901 	 19971.613337
   17 	 379.005392 	 18387.821280 	 19971.613337
   18 	 1099.548650 	 18261.245019 	 19971.613337
   19 	 1099.548650 	 18325.304998 	 19971.613337
   20 	 1099.548650 	 17846.413868 	 19971.613337
   21 	 1209.854839 	 18005.493131 	 19971.613337
   22 	 1209.854839 	 18078.003057 	 19971.613337
   23 	 1064.514484 	 17747.434433 	 19971.613337
   24 	 1209.854839 	 17912.282612 	 19971.613337
   25 	 6059.993646 	 18029.392641 	 19971.613337
   26 	 4361.279696 	 18066.369280 	 19971.613337
   27 	 1248.404820 	 18020.948677 	 19971.613337
   28 	 1030.324535 	 17883.064624 	 19971.613337
   29 	 6188.580508 	 18401.709854 	 19971.613337
   30 	 379.005392 	 17994.353049 	 19971.613337
   31 	 5808.841996 	 18402.503444 	 19971.613337
   32 	 932.683837 	 18069.359948 	 19971.613337
   33 	 6059.993646 	 18331.430804 	 19971.613337
   34 	 681.029434 	 17853.455555 	 19971.613337
   35 	 785.579641 	 18311.074412 	 19971.613337
   36 	 5808.841996 	 18650.527578 	 19971.613337
   37 	 5686.235022 	 18463.205258 	 19971.613337
   38 	 1172.204877 	 18057.277920 	 19971.613337
   39 	 10696.234580 	 18744.986761 	 19971.613337
   40 	 1248.404820 	 18616.207963 	 19971.613337
   41 	 4881.464792 	 18646.127144 	 19971.613337
   42 	 1248.404820 	 18208.157201 	 19971.613337
   43 	 4461.820232 	 17906.900127 	 19971.613337
   44 	 1064.514484 	 18062.771556 	 19971.613337
   45 	 6319.203036 	 18688.298445 	 19971.613337
   46 	 932.683837 	 18644.153657 	 19971.613337
   47 	 964.422716 	 18591.166777 	 19971.613337
   48 	 1248.404820 	 18476.390982 	 19971.613337
   49 	 932.683837 	 18087.780499 	 19971.613337
 