   0 	 0.410645 	 3745.043263 	 19971.613337
    1 	 319.143408 	 10626.760982 	 19971.613337
    2 	 31.816648 	 13832.312460 	 19971.613337
    3 	 0.473866 	 15382.980896 	 19971.613337
    4 	 446.927236 	 16045.809975 	 19971.613337
    5 	 6059.993646 	 16684.466148 	 19971.613337
    6 	 1172.204877 	 17277.937445 	 19971.613337
    7 	 901.735160 	 17546.116070 	 19971.613337
    8 	 5686.235022 	 17552.358193 	 19971.613337
    9 	 5215.112523 	 17309.414069 	 19971.613337
   10 	 2898.003202 	 17576.636465 	 19971.613337
   11 	 6059.993646 	 17959.404888 	 19971.613337
   12 	 5808.841996 	 17767.203043 	 19971.613337
   13 	 871.563460 	 17112.748791 	 19971.613337
   14 	 1030.324535 	 17578.851105 	 19971.613337
   15 	 5808.841996 	 18215.067950 	 19971.613337
   16 	 731.904542 	 18184.301127 	 19971.613337
   17 	 1064.514484 	 17912.602776 	 19971.613337
   18 	 1248.404820 	 18104.353552 	 19971.613337
   19 	 964.422716 	 17707.117481 	 19971.613337
   20 	 1099.548650 	 18283.229080 	 19971.613337
   21 	 996.965132 	 17924.458928 	 19971.613337
   22 	 632.855214 	 18072.445461 	 19971.613337
   23 	 1099.548650 	 18121.480745 	 19971.613337
   24 	 5565.579345 	 17315.721051 	 19971.613337
   25 	 1248.404820 	 17020.979822 	 19971.613337
   26 	 8872.384351 	 17649.988456 	 19971.613337
   27 	 9752.363665 	 17895.708888 	 19971.613337
   28 	 1135.440816 	 17347.841825 	 19971.613337
   29 	 3202.785954 	 17487.991774 	 19971.613337
   30 	 1099.548650 	 17596.285642 	 19971.613337
   31 	 1099.548650 	 17507.203660 	 19971.613337
   32 	 1030.324535 	 17174.684407 	 19971.613337
   33 	 1248.404820 	 17567.853471 	 19971.613337
   34 	 1030.324535 	 17859.742716 	 19971.613337
   35 	 5808.841996 	 17947.985452 	 19971.613337
   36 	 1209.854839 	 17806.810072 	 19971.613337
   37 	 842.155623 	 18121.982411 	 19971.613337
   38 	 842.155623 	 17937.104092 	 19971.613337
   39 	 5565.579345 	 18021.655909 	 19971.613337
   40 	 1064.514484 	 18406.352662 	 19971.613337
   41 	 5933.421192 	 18468.236539 	 19971.613337
   42 	 1248.404820 	 18476.876620 	 19971.613337
   43 	 1064.514484 	 18083.567247 	 19971.613337
   44 	 1099.548650 	 17755.232961 	 19971.613337
   45 	 1248.404820 	 17739.446386 	 19971.613337
   46 	 13941.747261 	 18454.816023 	 19971.613337
   47 	 731.904542 	 18012.272127 	 19971.613337
   48 	 4881.464792 	 18491.397436 	 19971.613337
   49 	 1248.404820 	 18188.562745 	 19971.613337
 