   0 	 0.408233 	 3565.334894 	 18456.453398
    1 	 14.843169 	 11041.198010 	 19051.773810
    2 	 587.284562 	 13741.162685 	 19661.381216
    3 	 871.563460 	 14631.498308 	 19971.613337
    4 	 842.155623 	 15340.758730 	 19971.613337
    5 	 5686.235022 	 15822.524613 	 19971.613337
    6 	 411.916198 	 15915.306656 	 19971.613337
    7 	 609.750455 	 16190.493908 	 19971.613337
    8 	 11917.473886 	 16983.475644 	 19971.613337
    9 	 3793.245741 	 17110.561134 	 19971.613337
   10 	 996.965132 	 17102.272729 	 19971.613337
   11 	 1064.514484 	 17046.594149 	 19971.613337
   12 	 3976.012393 	 17307.152269 	 19971.613337
   13 	 292.026161 	 17371.862797 	 19971.613337
   14 	 1209.854839 	 17307.253994 	 19971.613337
   15 	 996.965132 	 18078.549232 	 19971.613337
   16 	 996.965132 	 18158.701931 	 19971.613337
   17 	 9392.871732 	 18379.498011 	 19971.613337
   18 	 5686.235022 	 18510.809684 	 19971.613337
   19 	 1209.854839 	 18221.287090 	 19971.613337
   20 	 1064.514484 	 17601.259171 	 19971.613337
   21 	 2684.105715 	 18364.984240 	 19971.613337
   22 	 6319.203036 	 18405.616148 	 19971.613337
   23 	 333.390108 	 18363.354058 	 19971.613337
   24 	 1099.548650 	 18143.751613 	 19971.613337
   25 	 4361.279696 	 17927.245970 	 19971.613337
   26 	 9216.899473 	 18340.366604 	 19971.613337
   27 	 14424.531740 	 18323.040566 	 19971.613337
   28 	 1064.514484 	 17378.573181 	 19971.613337
   29 	 5446.854152 	 17511.002997 	 19971.613337
   30 	 1099.548650 	 17232.930278 	 19971.613337
   31 	 3883.822743 	 17421.618423 	 19971.613337
   32 	 1064.514484 	 17229.467595 	 19971.613337
   33 	 932.683837 	 17455.419423 	 19971.613337
   34 	 446.927236 	 17606.517722 	 19971.613337
   35 	 5933.421192 	 17738.052607 	 19971.613337
   36 	 632.855214 	 17049.512254 	 19971.613337
   37 	 871.563460 	 16645.111925 	 19971.613337
   38 	 996.965132 	 17949.427827 	 19971.613337
   39 	 10502.205106 	 18069.703407 	 19971.613337
   40 	 964.422716 	 17755.325562 	 19971.613337
   41 	 996.965132 	 17727.238629 	 19971.613337
   42 	 6188.580508 	 18240.200244 	 19971.613337
   43 	 1209.854839 	 18194.694018 	 19971.613337
   44 	 8053.346232 	 18388.098492 	 19971.613337
   45 	 842.155623 	 17986.830781 	 19971.613337
   46 	 1099.548650 	 18101.565422 	 19971.613337
   47 	 1736.005213 	 18448.548174 	 19971.613337
   48 	 6188.580508 	 18252.317975 	 19971.613337
   49 	 731.904542 	 17812.494284 	 19971.613337
 