   0 	 0.408241 	 4170.899894 	 18752.341833
    1 	 1.006938 	 9193.397015 	 18752.341833
    2 	 996.965132 	 12221.373535 	 19971.613337
    3 	 731.904542 	 13789.926129 	 19971.613337
    4 	 1030.324535 	 14621.724626 	 19971.613337
    5 	 5686.235022 	 15863.554182 	 19661.381216
    6 	 5686.235022 	 16339.240083 	 18752.341833
    7 	 5565.579345 	 16548.880523 	 19661.381216
    8 	 758.385829 	 16603.472924 	 19971.613337
    9 	 996.965132 	 16814.539313 	 19971.613337
   10 	 5808.841996 	 17090.885578 	 19971.613337
   11 	 4773.891672 	 17021.418603 	 19971.613337
   12 	 4773.891672 	 16998.998769 	 19971.613337
   13 	 10310.827494 	 17361.946758 	 19971.613337
   14 	 842.155623 	 17200.695192 	 19971.613337
   15 	 1064.514484 	 16740.783498 	 19971.613337
   16 	 4773.891672 	 17106.998962 	 19971.613337
   17 	 1030.324535 	 17402.484180 	 19971.613337
   18 	 964.422716 	 17220.956452 	 19971.613337
   19 	 5686.235022 	 17520.040350 	 19971.613337
   20 	 758.385829 	 17026.144628 	 19971.613337
   21 	 4881.464792 	 17611.212711 	 19971.613337
   22 	 1099.548650 	 17618.391902 	 19971.613337
   23 	 5446.854152 	 17692.162542 	 19971.613337
   24 	 1064.514484 	 17933.756128 	 19971.613337
   25 	 5446.854152 	 17823.245690 	 19971.613337
   26 	 1064.514484 	 17477.587669 	 19661.381216
   27 	 5686.235022 	 17801.596634 	 19971.613337
   28 	 5686.235022 	 17635.720334 	 19971.613337
   29 	 10696.234580 	 18189.591619 	 19971.613337
   30 	 1064.514484 	 17866.981324 	 19971.613337
   31 	 7896.596826 	 17949.084520 	 19971.613337
   32 	 1064.514484 	 17501.663494 	 19971.613337
   33 	 319.143408 	 17003.277465 	 19971.613337
   34 	 996.965132 	 17751.278352 	 19971.613337
   35 	 1064.514484 	 17102.147155 	 19971.613337
   36 	 5686.235022 	 18167.085127 	 19971.613337
   37 	 996.965132 	 18009.013558 	 19971.613337
   38 	 996.965132 	 17426.930653 	 19971.613337
   39 	 758.385829 	 17515.239426 	 19971.613337
   40 	 996.965132 	 17798.234276 	 19971.613337
   41 	 1209.854839 	 17786.854801 	 19971.613337
   42 	 6319.203036 	 17816.096013 	 19971.613337
   43 	 5808.841996 	 17812.864715 	 19971.613337
   44 	 932.683837 	 18037.875178 	 19971.613337
   45 	 1209.854839 	 17870.898536 	 19971.613337
   46 	 4773.891672 	 17243.325683 	 19971.613337
   47 	 1099.548650 	 18253.768275 	 19971.613337
   48 	 656.610837 	 17691.342469 	 19971.613337
   49 	 5215.112523 	 18156.947078 	 19971.613337
 