   0 	 0.408441 	 3862.885605 	 19971.613337
    1 	 69.046825 	 10428.431386 	 19971.613337
    2 	 1638.240149 	 13235.107863 	 19971.613337
    3 	 3047.537508 	 15114.933946 	 19971.613337
    4 	 279.135525 	 15467.513409 	 19971.613337
    5 	 609.750455 	 15877.293825 	 19971.613337
    6 	 5565.579345 	 16988.865151 	 19971.613337
    7 	 1209.854839 	 17168.142257 	 19971.613337
    8 	 932.683837 	 17329.697707 	 19971.613337
    9 	 1030.324535 	 17793.887977 	 19971.613337
   10 	 6059.993646 	 18246.513481 	 19971.613337
   11 	 6059.993646 	 17880.592564 	 19971.613337
   12 	 6059.993646 	 18291.273284 	 19971.613337
   13 	 871.563460 	 18182.996297 	 19971.613337
   14 	 758.385829 	 17849.888086 	 19971.613337
   15 	 3976.012393 	 17630.428198 	 19971.613337
   16 	 4564.089257 	 18071.332485 	 19971.613337
   17 	 4564.089257 	 17794.824848 	 19971.613337
   18 	 1135.440816 	 17868.143337 	 19971.613337
   19 	 6059.993646 	 18236.276987 	 19971.613337
   20 	 363.310720 	 17871.994364 	 19971.613337
   21 	 11092.346767 	 18510.812625 	 19971.613337
   22 	 758.385829 	 18300.850780 	 19971.613337
   23 	 901.735160 	 18181.112285 	 19971.613337
   24 	 1135.440816 	 18221.052425 	 19971.613337
   25 	 1172.204877 	 18361.554518 	 19971.613337
   26 	 871.563460 	 17750.671899 	 19971.613337
   27 	 5933.421192 	 18399.371919 	 19971.613337
   28 	 13012.635488 	 18507.880180 	 19971.613337
   29 	 656.610837 	 17765.207267 	 19971.613337
   30 	 9752.363665 	 18363.367013 	 19971.613337
   31 	 1248.404820 	 18064.413252 	 19971.613337
   32 	 996.965132 	 18148.820026 	 19971.613337
   33 	 964.422716 	 18351.652461 	 19971.613337
   34 	 1135.440816 	 18085.450690 	 19971.613337
   35 	 1209.854839 	 18501.463659 	 19971.613337
   36 	 8537.619040 	 18530.698710 	 19971.613337
   37 	 1135.440816 	 18661.232534 	 19971.613337
   38 	 5565.579345 	 18568.122840 	 19971.613337
   39 	 6319.203036 	 18635.461829 	 19971.613337
   40 	 11707.017256 	 18831.209923 	 19971.613337
   41 	 656.610837 	 17910.125229 	 19971.613337
   42 	 964.422716 	 18130.342787 	 19971.613337
   43 	 1172.204877 	 18774.218459 	 19971.613337
   44 	 1248.404820 	 18322.785732 	 19971.613337
   45 	 1172.204877 	 18004.530210 	 19971.613337
   46 	 1248.404820 	 17814.809406 	 19971.613337
   47 	 3704.262470 	 18599.954391 	 19971.613337
   48 	 3704.262470 	 18912.477618 	 19971.613337
   49 	 6059.993646 	 18443.910106 	 19971.613337
 