   0 	 0.408233 	 3607.598542 	 18456.453398
    1 	 1328.261866 	 11217.446473 	 19971.613337
    2 	 60.604998 	 13872.290241 	 19971.613337
    3 	 1064.514484 	 15745.542034 	 19971.613337
    4 	 609.750455 	 16757.640903 	 19971.613337
    5 	 5565.579345 	 16916.643497 	 19971.613337
    6 	 1248.404820 	 17653.217894 	 19971.613337
    7 	 5446.854152 	 18450.137028 	 19971.613337
    8 	 785.579641 	 18131.898214 	 19971.613337
    9 	 964.422716 	 17872.426948 	 19971.613337
   10 	 1064.514484 	 17650.654409 	 19971.613337
   11 	 11499.360469 	 18261.720999 	 19971.613337
   12 	 1099.548650 	 17873.885467 	 19971.613337
   13 	 429.153761 	 18357.175710 	 19971.613337
   14 	 932.683837 	 18030.288344 	 19971.613337
   15 	 1135.440816 	 17881.467723 	 19971.613337
   16 	 5933.421192 	 18044.280621 	 19971.613337
   17 	 1030.324535 	 18258.057641 	 19971.613337
   18 	 1135.440816 	 17837.907717 	 19971.613337
   19 	 1172.204877 	 17857.668702 	 19971.613337
   20 	 813.498646 	 18111.053380 	 19971.613337
   21 	 871.563460 	 18310.840839 	 19971.613337
   22 	 1030.324535 	 17910.816831 	 19971.613337
   23 	 1064.514484 	 17890.588490 	 19971.613337
   24 	 901.735160 	 18020.855706 	 19971.613337
   25 	 996.965132 	 17920.243855 	 19971.613337
   26 	 6188.580508 	 18572.416948 	 19971.613337
   27 	 1172.204877 	 18309.349871 	 19971.613337
   28 	 1172.204877 	 17856.130274 	 19971.613337
   29 	 5808.841996 	 18223.240228 	 19971.613337
   30 	 1099.548650 	 18175.988381 	 19971.613337
   31 	 333.390108 	 18306.780387 	 19971.613337
   32 	 1064.514484 	 17866.991336 	 19971.613337
   33 	 1064.514484 	 18139.127194 	 19971.613337
   34 	 1209.854839 	 17455.817736 	 19971.613337
   35 	 5686.235022 	 17987.523102 	 19971.613337
   36 	 5808.841996 	 18014.289833 	 19971.613337
   37 	 5808.841996 	 18370.598167 	 19971.613337
   38 	 1030.324535 	 18134.176670 	 19971.613337
   39 	 1030.324535 	 18000.290139 	 19971.613337
   40 	 13704.951216 	 18320.556691 	 19971.613337
   41 	 1030.324535 	 17958.052138 	 19971.613337
   42 	 1099.548650 	 17925.791033 	 19971.613337
   43 	 2825.334421 	 18339.529812 	 19971.613337
   44 	 5446.854152 	 18235.745668 	 19971.613337
   45 	 5446.854152 	 18094.133591 	 19971.613337
   46 	 871.563460 	 17827.689396 	 19971.613337
   47 	 1030.324535 	 17940.716533 	 19971.613337
   48 	 11092.346767 	 18273.942725 	 19971.613337
   49 	 1030.324535 	 17794.415824 	 19971.613337
 