   0 	 0.408241 	 3447.206591 	 19971.613337
    1 	 147.437068 	 9819.659729 	 19971.613337
    2 	 1328.261866 	 13366.489903 	 19971.613337
    3 	 4.683468 	 14861.686955 	 19971.613337
    4 	 7896.596826 	 16586.209148 	 19971.613337
    5 	 1786.497220 	 17233.556467 	 19971.613337
    6 	 1248.404820 	 17679.618554 	 19971.613337
    7 	 1248.404820 	 17714.721950 	 19971.613337
    8 	 1172.204877 	 17464.062105 	 19971.613337
    9 	 5102.055018 	 17591.736822 	 19971.613337
   10 	 996.965132 	 18034.927167 	 19971.613337
   11 	 1135.440816 	 17715.121443 	 19971.613337
   12 	 1209.854839 	 17986.480859 	 19971.613337
   13 	 932.683837 	 18212.575984 	 19971.613337
   14 	 1135.440816 	 18243.085632 	 19971.613337
   15 	 4461.820232 	 18592.209242 	 19971.613337
   16 	 1248.404820 	 18450.587006 	 19971.613337
   17 	 1209.854839 	 17977.406934 	 19971.613337
   18 	 1248.404820 	 18326.864766 	 19971.613337
   19 	 1172.204877 	 18492.031323 	 19971.613337
   20 	 1030.324535 	 17844.678513 	 19971.613337
   21 	 10122.077472 	 18768.111014 	 19971.613337
   22 	 1030.324535 	 18321.803308 	 19971.613337
   23 	 1099.548650 	 18288.667652 	 19971.613337
   24 	 1209.854839 	 18201.150381 	 19971.613337
   25 	 901.735160 	 18177.666310 	 19971.613337
   26 	 1030.324535 	 18503.926151 	 19971.613337
   27 	 1248.404820 	 18128.672808 	 19971.613337
   28 	 932.683837 	 17675.057515 	 19971.613337
   29 	 5102.055018 	 18599.774069 	 19971.613337
   30 	 6319.203036 	 18867.607591 	 19971.613337
   31 	 78.346699 	 18614.155671 	 19971.613337
   32 	 5215.112523 	 18348.248922 	 19971.613337
   33 	 1172.204877 	 18360.322897 	 19971.613337
   34 	 5808.841996 	 18599.211086 	 19971.613337
   35 	 1209.854839 	 18230.602327 	 19971.613337
   36 	 333.390108 	 17580.195327 	 19971.613337
   37 	 8703.794617 	 18006.855153 	 19971.613337
   38 	 4461.820232 	 17539.486607 	 19971.613337
   39 	 901.735160 	 17742.081685 	 19971.613337
   40 	 1135.440816 	 17748.074400 	 19971.613337
   41 	 1209.854839 	 17617.162462 	 19971.613337
   42 	 565.445651 	 18137.768584 	 19971.613337
   43 	 9216.899473 	 18209.381559 	 19971.613337
   44 	 996.965132 	 18101.776942 	 19971.613337
   45 	 5933.421192 	 18389.286970 	 19971.613337
   46 	 11499.360469 	 18752.605537 	 19971.613337
   47 	 5808.841996 	 18313.546440 	 19971.613337
   48 	 6188.580508 	 18470.062780 	 19971.613337
   49 	 964.422716 	 18260.330476 	 19971.613337
 