   0 	 0.408233 	 4154.305337 	 19971.613337
    1 	 0.889826 	 11577.823774 	 19971.613337
    2 	 932.683837 	 13814.462495 	 19971.613337
    3 	 2898.003202 	 15608.225519 	 19971.613337
    4 	 429.153761 	 16078.925411 	 19971.613337
    5 	 3704.262470 	 16516.236327 	 19971.613337
    6 	 523.601786 	 16836.964306 	 19971.613337
    7 	 429.153761 	 16901.814856 	 19971.613337
    8 	 1099.548650 	 17220.336234 	 19971.613337
    9 	 5686.235022 	 17422.092587 	 19971.613337
   10 	 758.385829 	 17349.191120 	 19971.613337
   11 	 871.563460 	 17118.411301 	 19971.613337
   12 	 901.735160 	 17362.143975 	 19971.613337
   13 	 996.965132 	 17658.101789 	 19971.613337
   14 	 1030.324535 	 17629.519515 	 19971.613337
   15 	 3976.012393 	 17713.106516 	 19971.613337
   16 	 996.965132 	 17212.293794 	 19971.613337
   17 	 1736.005213 	 17623.062521 	 19971.613337
   18 	 10696.234580 	 17928.351816 	 19971.613337
   19 	 1209.854839 	 17808.469866 	 19971.613337
   20 	 785.579641 	 17482.477495 	 19971.613337
   21 	 1030.324535 	 17852.369394 	 19971.613337
   22 	 1099.548650 	 17732.357952 	 19971.613337
   23 	 333.390108 	 17886.304653 	 19971.613337
   24 	 9043.411510 	 18180.773790 	 19971.613337
   25 	 5446.854152 	 18027.149262 	 19971.613337
   26 	 6059.993646 	 18114.609597 	 19971.613337
   27 	 11707.017256 	 18287.074753 	 19971.613337
   28 	 1099.548650 	 18171.161780 	 19971.613337
   29 	 1099.548650 	 18118.195523 	 19971.613337
   30 	 6319.203036 	 18180.175358 	 19971.613337
   31 	 996.965132 	 17552.618772 	 19971.613337
   32 	 1099.548650 	 17902.903781 	 19971.613337
   33 	 5565.579345 	 18376.726631 	 19971.613337
   34 	 5808.841996 	 18536.003868 	 19971.613337
   35 	 1248.404820 	 18578.008216 	 19971.613337
   36 	 10892.940302 	 19086.214891 	 19971.613337
   37 	 964.422716 	 17923.095047 	 19971.613337
   38 	 1030.324535 	 18255.245317 	 19971.613337
   39 	 1064.514484 	 18431.830770 	 19971.613337
   40 	 1099.548650 	 18022.161300 	 19971.613337
   41 	 1209.854839 	 18749.115822 	 19971.613337
   42 	 1099.548650 	 18496.640847 	 19971.613337
   43 	 1099.548650 	 18358.198706 	 19971.613337
   44 	 4461.820232 	 18567.159491 	 19971.613337
   45 	 731.904542 	 18698.925974 	 19971.613337
   46 	 4461.820232 	 18843.059621 	 19971.613337
   47 	 11707.017256 	 19232.136711 	 19971.613337
   48 	 1248.404820 	 19003.556835 	 19971.613337
   49 	 1248.404820 	 18581.274597 	 19971.613337
 