   0 	 0.408241 	 4103.704170 	 18164.080437
    1 	 13.515126 	 9791.026717 	 18752.341833
    2 	 731.904542 	 12996.787328 	 19971.613337
    3 	 333.390108 	 14445.124275 	 19971.613337
    4 	 523.601786 	 15812.517090 	 19971.613337
    5 	 4773.891672 	 16503.032803 	 19971.613337
    6 	 69.046825 	 16741.835669 	 19971.613337
    7 	 587.284562 	 16855.551792 	 19971.613337
    8 	 932.683837 	 17150.928359 	 19971.613337
    9 	 1030.324535 	 17314.069206 	 19971.613337
   10 	 1248.404820 	 17489.798453 	 19971.613337
   11 	 484.126004 	 17332.136055 	 19971.613337
   12 	 5565.579345 	 17923.734885 	 19971.613337
   13 	 5933.421192 	 17898.245638 	 19971.613337
   14 	 8053.346232 	 18188.504522 	 19971.613337
   15 	 996.965132 	 17673.517767 	 19971.613337
   16 	 901.735160 	 17826.754633 	 19971.613337
   17 	 1172.204877 	 17669.647458 	 19971.613337
   18 	 1030.324535 	 17665.731139 	 19971.613337
   19 	 1064.514484 	 18154.351492 	 19971.613337
   20 	 785.579641 	 17842.761330 	 19971.613337
   21 	 932.683837 	 17984.306032 	 19971.613337
   22 	 73.586033 	 18165.663961 	 19971.613337
   23 	 13704.951216 	 18551.737314 	 19971.613337
   24 	 1248.404820 	 18323.176536 	 19971.613337
   25 	 1248.404820 	 18382.636443 	 19971.613337
   26 	 5686.235022 	 18662.798786 	 19971.613337
   27 	 842.155623 	 18399.178015 	 19971.613337
   28 	 1209.854839 	 18622.575366 	 19971.613337
   29 	 5446.854152 	 18736.553493 	 19971.613337
   30 	 932.683837 	 18292.822620 	 19971.613337
   31 	 1209.854839 	 18206.182719 	 19971.613337
   32 	 1064.514484 	 18404.765699 	 19971.613337
   33 	 1209.854839 	 18518.791583 	 19971.613337
   34 	 6188.580508 	 18814.882616 	 19971.613337
   35 	 932.683837 	 18413.503785 	 19971.613337
   36 	 333.390108 	 17930.188116 	 19971.613337
   37 	 10122.077472 	 18822.575401 	 19971.613337
   38 	 1209.854839 	 17970.191046 	 19971.613337
   39 	 1099.548650 	 18181.880620 	 19971.613337
   40 	 1209.854839 	 18246.878311 	 19971.613337
   41 	 1099.548650 	 17960.246526 	 19971.613337
   42 	 333.390108 	 18208.394604 	 19971.613337
   43 	 2754.041080 	 18433.734666 	 19971.613337
   44 	 1064.514484 	 17918.521508 	 19971.613337
   45 	 5808.841996 	 18814.160006 	 19971.613337
   46 	 5686.235022 	 18845.324224 	 19971.613337
   47 	 1209.854839 	 18638.311581 	 19971.613337
   48 	 1209.854839 	 18202.460009 	 19971.613337
   49 	 1135.440816 	 18687.216279 	 19971.613337
 