   0 	 0.408241 	 4995.311038 	 19354.777508
    1 	 565.445651 	 11698.842971 	 19971.613337
    2 	 446.927236 	 13492.558183 	 19971.613337
    3 	 964.422716 	 15321.011957 	 19971.613337
    4 	 758.385829 	 15865.396371 	 19971.613337
    5 	 1248.404820 	 16212.561875 	 19971.613337
    6 	 1099.548650 	 16281.721560 	 19971.613337
    7 	 6319.203036 	 17048.648404 	 19971.613337
    8 	 4881.464792 	 17329.340993 	 19971.613337
    9 	 34.355636 	 17153.813279 	 19971.613337
   10 	 964.422716 	 17365.542350 	 19971.613337
   11 	 4881.464792 	 17632.808950 	 19971.613337
   12 	 5808.841996 	 17602.261203 	 19971.613337
   13 	 4773.891672 	 17406.080495 	 19971.613337
   14 	 871.563460 	 17717.641337 	 19971.613337
   15 	 13941.747261 	 18317.913983 	 19971.613337
   16 	 1172.204877 	 18027.660945 	 19971.613337
   17 	 5565.579345 	 18326.573270 	 19971.613337
   18 	 4881.464792 	 18254.875768 	 19971.613337
   19 	 1030.324535 	 17718.793148 	 19971.613337
   20 	 465.247615 	 17562.486815 	 19971.613337
   21 	 1172.204877 	 17784.007389 	 19971.613337
   22 	 1099.548650 	 17866.374992 	 19971.613337
   23 	 5808.841996 	 17951.943677 	 19971.613337
   24 	 6059.993646 	 18348.146176 	 19971.613337
   25 	 1030.324535 	 17960.761723 	 19971.613337
   26 	 363.310720 	 17836.222820 	 19971.613337
   27 	 1030.324535 	 17959.418336 	 19971.613337
   28 	 1172.204877 	 17999.632771 	 19971.613337
   29 	 1135.440816 	 18136.166363 	 19971.613337
   30 	 5102.055018 	 17788.835660 	 19971.613337
   31 	 1030.324535 	 18201.991004 	 19971.613337
   32 	 1099.548650 	 18458.298210 	 19971.613337
   33 	 1248.404820 	 18100.624592 	 19971.613337
   34 	 901.735160 	 18097.941617 	 19971.613337
   35 	 1172.204877 	 18315.698678 	 19971.613337
   36 	 1030.324535 	 18149.608904 	 19971.613337
   37 	 1172.204877 	 17989.553034 	 19971.613337
   38 	 1064.514484 	 17159.722382 	 19971.613337
   39 	 465.247615 	 17281.367334 	 19971.613337
   40 	 1030.324535 	 17886.950535 	 19971.613337
   41 	 1172.204877 	 17668.498743 	 19971.613337
   42 	 5565.579345 	 18055.182158 	 19971.613337
   43 	 52.966752 	 17972.413049 	 19971.613337
   44 	 1172.204877 	 17841.186735 	 19971.613337
   45 	 731.904542 	 18033.078941 	 19971.613337
   46 	 1248.404820 	 18272.060430 	 19971.613337
   47 	 964.422716 	 18482.156095 	 19971.613337
   48 	 1172.204877 	 18468.566827 	 19971.613337
   49 	 5808.841996 	 18675.879364 	 19971.613337
 