   0 	 0.408233 	 4072.904345 	 19661.381216
    1 	 56.688761 	 9811.905277 	 19971.613337
    2 	 163.765154 	 12886.961617 	 19971.613337
    3 	 632.855214 	 14313.523398 	 19971.613337
    4 	 1209.854839 	 15306.347520 	 19971.613337
    5 	 1209.854839 	 16607.106866 	 19971.613337
    6 	 813.498646 	 17531.760951 	 19971.613337
    7 	 4773.891672 	 17910.639308 	 19971.613337
    8 	 706.123225 	 17324.800474 	 19971.613337
    9 	 3047.537508 	 17804.553286 	 19971.613337
   10 	 609.750455 	 17802.296378 	 19971.613337
   11 	 1099.548650 	 17998.127311 	 19971.613337
   12 	 1209.854839 	 18096.964008 	 19971.613337
   13 	 1172.204877 	 17456.943937 	 19971.613337
   14 	 1209.854839 	 18478.562786 	 19971.613337
   15 	 12346.887005 	 18613.313562 	 19971.613337
   16 	 395.203665 	 18184.152687 	 19971.613337
   17 	 1209.854839 	 17961.240950 	 19971.613337
   18 	 1209.854839 	 18197.482434 	 19971.613337
   19 	 842.155623 	 17797.813427 	 19971.613337
   20 	 731.904542 	 17890.954134 	 19971.613337
   21 	 1172.204877 	 18549.127983 	 19971.613337
   22 	 1135.440816 	 18660.369485 	 19971.613337
   23 	 1209.854839 	 18394.904683 	 19971.613337
   24 	 5933.421192 	 18913.957239 	 19971.613337
   25 	 11499.360469 	 18970.391678 	 19971.613337
   26 	 5565.579345 	 18882.192770 	 19971.613337
   27 	 1135.440816 	 18355.162820 	 19971.613337
   28 	 6188.580508 	 18730.169544 	 19971.613337
   29 	 1064.514484 	 18682.898201 	 19971.613337
   30 	 5686.235022 	 18888.576939 	 19971.613337
   31 	 871.563460 	 18468.569857 	 19971.613337
   32 	 964.422716 	 18212.559507 	 19971.613337
   33 	 1248.404820 	 18585.557575 	 19971.613337
   34 	 6059.993646 	 18622.942593 	 19971.613337
   35 	 1064.514484 	 18387.069974 	 19971.613337
   36 	 1099.548650 	 18263.219734 	 19971.613337
   37 	 1248.404820 	 18865.472641 	 19971.613337
   38 	 6059.993646 	 18718.108773 	 19971.613337
   39 	 379.005392 	 17822.488451 	 19971.613337
   40 	 1248.404820 	 18457.119516 	 19971.613337
   41 	 1209.854839 	 18406.290473 	 19971.613337
   42 	 2972.065002 	 18735.299564 	 19971.613337
   43 	 1064.514484 	 18441.243667 	 19971.613337
   44 	 1248.404820 	 18288.012695 	 19971.613337
   45 	 1064.514484 	 18410.788210 	 19971.613337
   46 	 1209.854839 	 17926.803241 	 19971.613337
   47 	 1209.854839 	 18295.311666 	 19971.613337
   48 	 6188.580508 	 18618.566793 	 19971.613337
   49 	 6188.580508 	 18538.564713 	 19971.613337
 