   0 	 0.408241 	 3998.770526 	 19354.777508
    1 	 220.970482 	 10930.549579 	 19971.613337
    2 	 4069.833718 	 14102.671412 	 19971.613337
    3 	 503.573618 	 14886.417263 	 19971.613337
    4 	 1248.404820 	 15661.144256 	 19971.613337
    5 	 996.965132 	 16102.845683 	 19971.613337
    6 	 4990.845859 	 16308.781712 	 19971.613337
    7 	 964.422716 	 16912.409268 	 19971.613337
    8 	 1172.204877 	 18065.454486 	 19971.613337
    9 	 964.422716 	 17704.439138 	 19971.613337
   10 	 1172.204877 	 17845.550993 	 19971.613337
   11 	 1135.440816 	 17871.882197 	 19971.613337
   12 	 1030.324535 	 18012.330393 	 19971.613337
   13 	 1172.204877 	 17914.352401 	 19971.613337
   14 	 1030.324535 	 17495.736951 	 19971.613337
   15 	 348.109104 	 17835.545683 	 19971.613337
   16 	 1172.204877 	 17768.138795 	 19971.613337
   17 	 5808.841996 	 18012.309802 	 19971.613337
   18 	 871.563460 	 17170.979702 	 19971.613337
   19 	 1135.440816 	 17354.608877 	 19971.613337
   20 	 1135.440816 	 18097.002334 	 19971.613337
   21 	 1172.204877 	 18062.865501 	 19971.613337
   22 	 901.735160 	 17486.313680 	 19971.613337
   23 	 5933.421192 	 18311.274581 	 19971.613337
   24 	 1099.548650 	 18085.561187 	 19971.613337
   25 	 1030.324535 	 17862.390559 	 19971.613337
   26 	 1030.324535 	 18246.062489 	 19971.613337
   27 	 1135.440816 	 18100.272911 	 19971.613337
   28 	 1172.204877 	 18074.299197 	 19971.613337
   29 	 964.422716 	 18270.812073 	 19971.613337
   30 	 5102.055018 	 17902.697413 	 19971.613337
   31 	 681.029434 	 17912.087895 	 19971.613337
   32 	 6059.993646 	 18362.879682 	 19971.613337
   33 	 6319.203036 	 18656.104190 	 19971.613337
   34 	 1135.440816 	 18685.522412 	 19971.613337
   35 	 1030.324535 	 18454.912946 	 19971.613337
   36 	 1030.324535 	 18249.053756 	 19971.613337
   37 	 2754.041080 	 18417.108160 	 19971.613337
   38 	 5446.854152 	 18633.617779 	 19971.613337
   39 	 5933.421192 	 18378.304396 	 19971.613337
   40 	 5446.854152 	 18347.445287 	 19971.613337
   41 	 5808.841996 	 18493.560347 	 19971.613337
   42 	 73.586033 	 17665.423519 	 19971.613337
   43 	 1172.204877 	 18268.808799 	 19971.613337
   44 	 1135.440816 	 18195.756271 	 19971.613337
   45 	 1135.440816 	 18436.021706 	 19971.613337
   46 	 656.610837 	 18492.591870 	 19971.613337
   47 	 1030.324535 	 18355.591452 	 19971.613337
   48 	 1135.440816 	 18167.604959 	 19971.613337
   49 	 1248.404820 	 18174.594713 	 19971.613337
 