   0 	 0.408233 	 3609.379735 	 19971.613337
    1 	 348.109104 	 9972.141175 	 19971.613337
    2 	 785.579641 	 13541.533892 	 19971.613337
    3 	 932.683837 	 14183.301843 	 19971.613337
    4 	 118.481610 	 14308.437265 	 19971.613337
    5 	 731.904542 	 15369.947844 	 19971.613337
    6 	 4881.464792 	 16315.725431 	 19971.613337
    7 	 1030.324535 	 16609.002407 	 19971.613337
    8 	 785.579641 	 17002.424879 	 19971.613337
    9 	 1248.404820 	 17213.639055 	 19971.613337
   10 	 1064.514484 	 17096.282726 	 19971.613337
   11 	 1064.514484 	 17135.488154 	 19971.613337
   12 	 932.683837 	 17850.466235 	 19971.613337
   13 	 1030.324535 	 16973.637425 	 19971.613337
   14 	 1099.548650 	 17361.734013 	 19971.613337
   15 	 1209.854839 	 18038.273914 	 19971.613337
   16 	 1209.854839 	 18270.900773 	 19971.613337
   17 	 1099.548650 	 17891.890667 	 19971.613337
   18 	 1099.548650 	 17982.705046 	 19971.613337
   19 	 5808.841996 	 18235.388609 	 19971.613337
   20 	 5565.579345 	 17854.642668 	 19971.613337
   21 	 6188.580508 	 17629.174732 	 19971.613337
   22 	 1248.404820 	 17640.267560 	 19971.613337
   23 	 10122.077472 	 17940.175515 	 19971.613337
   24 	 1099.548650 	 18071.405832 	 19971.613337
   25 	 379.005392 	 18043.286768 	 19971.613337
   26 	 10502.205106 	 18341.429974 	 19971.613337
   27 	 3047.537508 	 17960.750112 	 19971.613337
   28 	 842.155623 	 17986.187599 	 19971.613337
   29 	 932.683837 	 17351.368868 	 19971.613337
   30 	 932.683837 	 17980.203566 	 19971.613337
   31 	 5686.235022 	 18303.295374 	 19971.613337
   32 	 5686.235022 	 18001.234140 	 19971.613337
   33 	 842.155623 	 17174.955251 	 19971.613337
   34 	 1064.514484 	 18215.224435 	 19971.613337
   35 	 1099.548650 	 18162.969084 	 19971.613337
   36 	 2754.041080 	 18076.022839 	 19971.613337
   37 	 1209.854839 	 18198.266646 	 19971.613337
   38 	 11707.017256 	 18657.142688 	 19971.613337
   39 	 901.735160 	 18164.670654 	 19971.613337
   40 	 731.904542 	 18420.053070 	 19971.613337
   41 	 731.904542 	 18099.012479 	 19971.613337
   42 	 5215.112523 	 18144.907135 	 19971.613337
   43 	 4881.464792 	 18299.764569 	 19971.613337
   44 	 1248.404820 	 18525.556929 	 19971.613337
   45 	 1099.548650 	 18541.208012 	 19971.613337
   46 	 1209.854839 	 18785.193017 	 19971.613337
   47 	 348.109104 	 18822.712698 	 19971.613337
   48 	 1209.854839 	 18986.527401 	 19971.613337
   49 	 13471.184517 	 19373.916279 	 19971.613337
 