   0 	 0.408233 	 3412.452983 	 19661.381216
    1 	 1.144164 	 9073.405735 	 19971.613337
    2 	 523.601786 	 11784.000911 	 19971.613337
    3 	 319.143408 	 14094.265828 	 19971.613337
    4 	 1135.440816 	 15416.747502 	 19971.613337
    5 	 395.203665 	 16592.076342 	 19971.613337
    6 	 243.017376 	 16314.303713 	 19971.613337
    7 	 1172.204877 	 17353.985500 	 19971.613337
    8 	 78.346699 	 17280.068650 	 19971.613337
    9 	 11499.360469 	 17776.284195 	 19971.613337
   10 	 5808.841996 	 17982.368789 	 19971.613337
   11 	 1099.548650 	 17477.593626 	 19971.613337
   12 	 813.498646 	 17441.491864 	 19971.613337
   13 	 1172.204877 	 17824.715043 	 19971.613337
   14 	 731.904542 	 18117.808578 	 19971.613337
   15 	 1099.548650 	 18201.639875 	 19971.613337
   16 	 10892.940302 	 18528.813415 	 19971.613337
   17 	 5686.235022 	 18279.563471 	 19971.613337
   18 	 1099.548650 	 18325.708683 	 19971.613337
   19 	 1064.514484 	 18198.694410 	 19971.613337
   20 	 5808.841996 	 18665.494892 	 19971.613337
   21 	 1248.404820 	 18404.389142 	 19971.613337
   22 	 1030.324535 	 17944.680435 	 19971.613337
   23 	 1099.548650 	 18236.506956 	 19971.613337
   24 	 1172.204877 	 18243.433865 	 19971.613337
   25 	 758.385829 	 18572.039572 	 19971.613337
   26 	 1099.548650 	 18925.999434 	 19971.613337
   27 	 964.422716 	 18930.438076 	 19971.613337
   28 	 1135.440816 	 18574.169484 	 19971.613337
   29 	 1248.404820 	 18025.850813 	 19971.613337
   30 	 6059.993646 	 18369.772684 	 19971.613337
   31 	 1099.548650 	 18509.969505 	 19971.613337
   32 	 1172.204877 	 18799.572517 	 19971.613337
   33 	 1209.854839 	 18762.671146 	 19971.613337
   34 	 1248.404820 	 18431.872691 	 19971.613337
   35 	 6319.203036 	 18881.138475 	 19971.613337
   36 	 1099.548650 	 18943.402267 	 19971.613337
   37 	 6319.203036 	 18876.294587 	 19971.613337
   38 	 1248.404820 	 18634.561670 	 19971.613337
   39 	 5808.841996 	 18658.362429 	 19971.613337
   40 	 1099.548650 	 18317.546086 	 19971.613337
   41 	 5102.055018 	 18866.184171 	 19971.613337
   42 	 1172.204877 	 18639.514327 	 19971.613337
   43 	 11707.017256 	 18957.324511 	 19971.613337
   44 	 656.610837 	 17832.380520 	 19971.613337
   45 	 901.735160 	 17988.594879 	 19971.613337
   46 	 901.735160 	 18385.678772 	 19971.613337
   47 	 731.904542 	 18329.244300 	 19971.613337
   48 	 503.573618 	 18173.888626 	 19971.613337
   49 	 4461.820232 	 18501.991939 	 19971.613337
 