   0 	 0.119848 	 500.188741 	 3801.942563
    1 	 6.877595 	 1532.813492 	 3801.942563
    2 	 6.111057 	 2324.613167 	 3801.942563
    3 	 411.909188 	 2720.806872 	 3801.942563
    4 	 411.909188 	 2823.525445 	 3802.556752
    5 	 411.909188 	 3119.244591 	 3802.556752
    6 	 1506.761765 	 3244.904904 	 3802.261919
    7 	 8.592853 	 3432.631726 	 3802.261919
    8 	 2033.467241 	 3616.985363 	 3802.261919
    9 	 2289.175860 	 3659.866267 	 3802.261919
   10 	 2289.175860 	 3676.624057 	 3802.131107
   11 	 2535.508331 	 3720.016838 	 3821.677040
   12 	 2600.373290 	 3734.318250 	 3802.131107
   13 	 2645.443772 	 3727.826907 	 3802.131107
   14 	 1891.624136 	 3714.643211 	 3801.942563
   15 	 2816.127589 	 3726.700935 	 3862.014676
   16 	 2816.127589 	 3736.307420 	 3862.014676
   17 	 2914.898877 	 3752.501376 	 3862.014676
   18 	 3175.737751 	 3759.930549 	 3821.677040
   19 	 3175.737751 	 3767.400097 	 3821.677040
   20 	 3184.895326 	 3752.423950 	 3801.942563
   21 	 3197.472906 	 3759.947993 	 3802.131107
   22 	 3197.472906 	 3767.056887 	 3802.131107
   23 	 3197.472906 	 3769.599130 	 3802.131107
   24 	 3197.472906 	 3770.477559 	 3802.131107
   25 	 3512.069411 	 3781.786040 	 3842.175956
   26 	 3493.154134 	 3788.584524 	 3842.175956
   27 	 3493.154134 	 3791.898779 	 3842.175956
   28 	 3493.154134 	 3787.453888 	 3842.175956
   29 	 3549.520373 	 3786.819976 	 3802.142959
   30 	 3549.520373 	 3786.819857 	 3802.131107
   31 	 3549.520373 	 3794.386867 	 3802.131107
   32 	 2645.620592 	 3780.305143 	 3802.514339
   33 	 2645.620592 	 3767.171132 	 3802.514339
   34 	 2645.620592 	 3783.764841 	 3802.514339
   35 	 2645.620592 	 3786.170047 	 3802.131107
   36 	 3549.520373 	 3797.735133 	 3802.131107
   37 	 3530.504130 	 3791.761826 	 3821.677040
   38 	 3530.504130 	 3786.231866 	 3821.677040
   39 	 3398.824028 	 3784.547757 	 3802.131107
   40 	 3530.504130 	 3786.134429 	 3821.677040
   41 	 3530.504130 	 3793.953906 	 3821.677040
   42 	 3512.069411 	 3793.967790 	 3842.175956
   43 	 3549.520373 	 3796.095777 	 3821.677040
   44 	 3781.964427 	 3801.745134 	 3821.677040
   45 	 3781.964427 	 3802.144145 	 3821.677040
   46 	 3781.964427 	 3802.541823 	 3821.677040
   47 	 3644.674900 	 3801.468716 	 3821.677040
   48 	 3781.964427 	 3803.134561 	 3821.677040
   49 	 3791.941981 	 3802.848839 	 3821.677040
 