   0 	 0.239543 	 429.774306 	 2775.178845
    1 	 34.241701 	 1241.437330 	 3188.380540
    2 	 93.811081 	 1963.100567 	 3410.858667
    3 	 564.988714 	 2237.439986 	 3410.858667
    4 	 621.247886 	 2437.172150 	 3395.504381
    5 	 738.904982 	 2607.924760 	 3484.988301
    6 	 1239.265394 	 2866.269750 	 3484.988301
    7 	 1250.995443 	 2915.861304 	 3484.988301
    8 	 649.697678 	 3008.939512 	 3521.481571
    9 	 1299.603585 	 3156.189749 	 3538.096782
   10 	 1508.427545 	 3196.703559 	 3538.096782
   11 	 1508.427545 	 3224.494650 	 3622.619516
   12 	 871.655857 	 3185.389286 	 3625.703440
   13 	 871.655857 	 3166.896698 	 3625.703440
   14 	 2797.944897 	 3265.768522 	 3646.148823
   15 	 2444.100562 	 3244.574136 	 3629.865520
   16 	 708.658640 	 3188.105770 	 3625.703440
   17 	 2444.100562 	 3238.263227 	 3625.703440
   18 	 862.234622 	 3213.759698 	 3633.524752
   19 	 1849.321412 	 3287.795157 	 3625.798296
   20 	 1847.102366 	 3280.837314 	 3687.273498
   21 	 380.999250 	 3178.637414 	 3687.273498
   22 	 657.996842 	 3246.489143 	 3687.273498
   23 	 380.665090 	 3291.846169 	 3687.273498
   24 	 1744.297524 	 3311.854606 	 3687.273498
   25 	 1827.058397 	 3378.435624 	 3646.299698
   26 	 1813.421917 	 3366.114332 	 3646.299698
   27 	 1813.421917 	 3344.909047 	 3646.299698
   28 	 2797.939482 	 3425.244054 	 3784.922297
   29 	 344.501506 	 3332.642441 	 3639.638925
   30 	 2797.944897 	 3455.051567 	 3639.638925
   31 	 338.219330 	 3345.264938 	 3642.018077
   32 	 276.592810 	 3401.536681 	 3787.632017
   33 	 2793.801429 	 3503.200747 	 3765.251982
   34 	 349.842376 	 3443.527246 	 3765.251982
   35 	 381.629135 	 3431.300049 	 3765.251982
   36 	 379.921684 	 3501.560562 	 3784.913153
   37 	 340.612111 	 3466.092941 	 3765.251982
   38 	 2775.972278 	 3557.410458 	 3765.251982
   39 	 738.530154 	 3485.169546 	 3807.101266
   40 	 951.399297 	 3514.751163 	 3767.529798
   41 	 2775.972278 	 3550.820394 	 3767.529798
   42 	 380.617187 	 3426.701059 	 3804.625524
   43 	 984.204666 	 3496.176215 	 3768.442766
   44 	 379.921684 	 3505.035700 	 3768.442766
   45 	 379.921684 	 3541.592496 	 3768.442766
   46 	 2786.337924 	 3601.085006 	 3768.442766
   47 	 332.001130 	 3580.940403 	 3768.442766
   48 	 1847.731251 	 3575.481715 	 3768.442766
   49 	 3473.181066 	 3622.878469 	 3768.442766
 