   0 	 1.633548 	 423.212676 	 2300.696276
    1 	 35.937875 	 1000.369944 	 2623.066797
    2 	 45.649957 	 1407.830273 	 3267.722690
    3 	 58.128995 	 1789.262587 	 3485.008500
    4 	 40.239574 	 2117.454149 	 3485.008500
    5 	 855.520393 	 2331.853646 	 3485.008500
    6 	 1225.793189 	 2480.065745 	 3485.008500
    7 	 1228.390653 	 2684.631634 	 3485.008500
    8 	 314.977793 	 2772.736582 	 3485.008500
    9 	 329.686816 	 2903.908704 	 3485.008500
   10 	 1754.880943 	 2982.317477 	 3485.008500
   11 	 1722.238371 	 2979.580622 	 3485.008500
   12 	 1754.880943 	 3069.257064 	 3485.008500
   13 	 1754.880943 	 3101.791575 	 3485.008500
   14 	 840.880956 	 3066.577842 	 3485.008500
   15 	 840.880956 	 3062.692645 	 3380.712566
   16 	 1848.325847 	 3156.503923 	 3380.712566
   17 	 2269.871253 	 3181.490761 	 3380.712566
   18 	 830.184137 	 3181.312409 	 3380.712566
   19 	 2588.533480 	 3261.378246 	 3380.712566
   20 	 2622.043986 	 3306.187008 	 3380.712566
   21 	 2622.043986 	 3318.371580 	 3380.712566
   22 	 2622.043986 	 3312.992687 	 3380.712566
   23 	 2823.619143 	 3322.500188 	 3681.881195
   24 	 2823.619143 	 3345.858790 	 3682.568043
   25 	 2823.619143 	 3345.328352 	 3681.881195
   26 	 2823.619143 	 3342.267174 	 3681.881195
   27 	 2823.619143 	 3334.661151 	 3681.881195
   28 	 2823.619143 	 3315.354404 	 3378.737208
   29 	 2823.619143 	 3312.509090 	 3378.737208
   30 	 2823.619143 	 3295.113315 	 3378.389688
   31 	 2823.619143 	 3331.370791 	 3378.737208
   32 	 3107.590068 	 3352.063805 	 3378.737208
   33 	 2592.532253 	 3334.295158 	 3378.737208
   34 	 2818.314647 	 3349.892514 	 3378.737208
   35 	 313.853223 	 3267.864521 	 3378.737208
   36 	 690.968690 	 3326.270366 	 3378.737208
   37 	 3107.590068 	 3370.140241 	 3378.737208
   38 	 3107.590068 	 3372.827386 	 3378.737208
   39 	 3107.590068 	 3372.957361 	 3378.737208
   40 	 3107.590068 	 3375.716444 	 3378.737208
   41 	 3107.590068 	 3370.290026 	 3378.737208
   42 	 3107.590068 	 3374.520108 	 3530.945806
   43 	 3107.590068 	 3374.513158 	 3530.945806
   44 	 2810.049618 	 3372.723663 	 3378.737208
   45 	 2810.049618 	 3367.036787 	 3378.737208
   46 	 2810.049618 	 3361.171320 	 3378.737208
   47 	 3378.389688 	 3378.403589 	 3378.737208
   48 	 3378.389688 	 3378.396638 	 3378.737208
   49 	 3378.304088 	 3378.392307 	 3378.737208
 