   0 	 0.640023 	 544.043048 	 3055.353325
    1 	 7.799821 	 1322.030721 	 3055.353325
    2 	 66.612719 	 2003.726939 	 3055.353325
    3 	 118.481158 	 2307.026195 	 3349.922976
    4 	 149.236383 	 2390.264004 	 3349.922976
    5 	 573.661299 	 2532.601383 	 3444.882824
    6 	 180.386875 	 2631.158143 	 3349.922976
    7 	 1066.806301 	 2739.181436 	 3540.166804
    8 	 1506.236801 	 2778.165658 	 3540.166804
    9 	 1506.236801 	 2833.311771 	 3695.344278
   10 	 1506.236801 	 2938.030960 	 3698.547350
   11 	 720.133188 	 2991.384267 	 3695.344278
   12 	 615.217135 	 3010.047663 	 3695.344278
   13 	 2701.169269 	 3077.182126 	 3695.344278
   14 	 2706.123781 	 3074.370455 	 3695.344278
   15 	 2669.675860 	 3111.381264 	 3695.344278
   16 	 1259.251769 	 3088.999026 	 3695.344278
   17 	 2706.123781 	 3091.159963 	 3695.344278
   18 	 212.632309 	 3000.923667 	 3695.346383
   19 	 232.236845 	 3074.901262 	 3724.227169
   20 	 1326.744884 	 3156.972176 	 3695.346383
   21 	 2706.123781 	 3227.707578 	 3695.344278
   22 	 702.765653 	 3115.137458 	 3734.696660
   23 	 1032.874900 	 3237.154959 	 3734.696660
   24 	 1027.283860 	 3278.820986 	 3734.696660
   25 	 917.907476 	 3346.636565 	 3734.696660
   26 	 2842.856740 	 3405.628227 	 3701.446799
   27 	 2904.043820 	 3427.486280 	 3701.614230
   28 	 806.354643 	 3379.142262 	 3701.614230
   29 	 798.315466 	 3376.897882 	 3819.233891
   30 	 965.414799 	 3368.312687 	 3819.233891
   31 	 2914.067811 	 3446.624345 	 3819.233891
   32 	 930.061880 	 3436.748126 	 3819.233891
   33 	 1030.841380 	 3502.812575 	 3819.233891
   34 	 1030.841380 	 3493.431137 	 3819.233891
   35 	 1030.841380 	 3460.586613 	 3819.233891
   36 	 1030.841380 	 3417.726746 	 3819.233891
   37 	 1034.043280 	 3458.734642 	 3819.233891
   38 	 812.835795 	 3460.234764 	 3819.233891
   39 	 1081.823476 	 3513.451071 	 3819.233891
   40 	 2913.897722 	 3523.720847 	 3819.061091
   41 	 2913.897722 	 3498.558384 	 3819.061091
   42 	 2913.897722 	 3499.128118 	 3819.061091
   43 	 2913.897722 	 3538.275177 	 3819.061091
   44 	 2913.897722 	 3527.555816 	 3819.061091
   45 	 1121.856421 	 3493.409389 	 3819.061091
   46 	 1322.084576 	 3536.921344 	 3819.061091
   47 	 3055.509896 	 3552.920720 	 3819.277411
   48 	 3055.509896 	 3568.392710 	 3819.277411
   49 	 3055.509896 	 3549.192666 	 3819.277411
 