   0 	 0.630475 	 401.211546 	 3437.268992
    1 	 12.044032 	 1263.358765 	 3437.268992
    2 	 118.529471 	 2141.840260 	 3437.268992
    3 	 351.894364 	 2532.091036 	 3437.268992
    4 	 497.095906 	 2717.931009 	 3569.076449
    5 	 1018.931769 	 3031.962784 	 3569.076449
    6 	 1837.367865 	 3256.586193 	 3569.076449
    7 	 1927.267103 	 3336.435730 	 3569.077364
    8 	 1927.267103 	 3350.810082 	 3484.331264
    9 	 2803.565499 	 3388.123245 	 3484.331264
   10 	 2803.565499 	 3419.176830 	 3744.623723
   11 	 3001.311150 	 3424.492549 	 3744.623723
   12 	 3001.311150 	 3423.502166 	 3744.623723
   13 	 3001.311150 	 3421.969302 	 3597.664963
   14 	 3001.311150 	 3416.992878 	 3597.664963
   15 	 3001.311150 	 3418.356934 	 3597.664963
   16 	 3001.311150 	 3433.182266 	 3678.459629
   17 	 3001.311150 	 3422.543453 	 3597.664963
   18 	 3001.311150 	 3432.637116 	 3597.664963
   19 	 3001.314494 	 3446.186047 	 3588.074537
   20 	 3367.426401 	 3451.917076 	 3588.074537
   21 	 3437.265648 	 3453.550906 	 3588.074537
   22 	 3437.265648 	 3449.126097 	 3588.074537
   23 	 3437.265648 	 3446.771756 	 3588.074537
   24 	 3437.265648 	 3450.441316 	 3588.074537
   25 	 3437.265648 	 3450.627998 	 3484.331264
   26 	 3437.265648 	 3447.899990 	 3484.332120
   27 	 3292.050745 	 3450.685741 	 3512.722227
   28 	 3409.185229 	 3454.303343 	 3512.722227
   29 	 3409.185229 	 3452.141550 	 3512.722227
   30 	 3152.625306 	 3450.702629 	 3512.722227
   31 	 3152.625306 	 3448.800245 	 3512.722227
   32 	 3437.268992 	 3454.393337 	 3512.722227
   33 	 3437.268992 	 3455.907820 	 3512.722227
   34 	 3437.268992 	 3457.884677 	 3531.466321
   35 	 3437.268992 	 3459.203948 	 3531.466321
   36 	 3399.849574 	 3460.145682 	 3531.466321
   37 	 3437.268992 	 3464.010317 	 3531.466321
   38 	 3437.268992 	 3467.314933 	 3531.466321
   39 	 3437.268992 	 3469.579488 	 3531.466321
   40 	 2888.394113 	 3470.138970 	 3540.981698
   41 	 3437.268992 	 3470.543960 	 3540.981698
   42 	 3437.268992 	 3463.749180 	 3540.981698
   43 	 2932.033946 	 3460.483973 	 3531.466321
   44 	 2932.033946 	 3457.842862 	 3531.466321
   45 	 2932.033946 	 3462.561931 	 3531.466321
   46 	 3437.268992 	 3465.911789 	 3531.467177
   47 	 3437.268992 	 3462.322642 	 3531.466321
   48 	 3437.268992 	 3459.124774 	 3531.466321
   49 	 3399.849574 	 3453.765235 	 3531.466321
 