   0 	 0.505328 	 464.265221 	 3288.963649
    1 	 13.753531 	 1357.835436 	 3320.820210
    2 	 246.895283 	 2095.020997 	 3320.891546
    3 	 113.606559 	 2635.863875 	 3320.891546
    4 	 772.273514 	 2833.589288 	 3852.000329
    5 	 113.181327 	 2931.123208 	 3365.785613
    6 	 1873.507614 	 3142.558337 	 3424.905466
    7 	 1873.507614 	 3178.441959 	 3578.348080
    8 	 1874.027206 	 3226.149370 	 3578.348080
    9 	 2881.397322 	 3249.796292 	 3578.348080
   10 	 357.163745 	 3186.267088 	 3578.348080
   11 	 1002.373753 	 3213.412093 	 3635.003431
   12 	 1066.937512 	 3267.077578 	 3635.003431
   13 	 2500.282026 	 3297.679180 	 3641.697740
   14 	 2500.282026 	 3286.164059 	 3635.003431
   15 	 2500.282026 	 3324.687467 	 3635.003431
   16 	 1814.787001 	 3301.705477 	 3642.186956
   17 	 772.204250 	 3280.155813 	 3642.186956
   18 	 374.422794 	 3231.263512 	 3642.186956
   19 	 1811.381221 	 3249.554321 	 3635.003431
   20 	 1811.381221 	 3228.759697 	 3635.003431
   21 	 325.751176 	 3177.164965 	 3634.977159
   22 	 1814.787001 	 3280.040064 	 3634.977159
   23 	 403.322530 	 3196.571841 	 3635.003431
   24 	 701.492230 	 3299.166834 	 3635.003431
   25 	 3128.866906 	 3347.780314 	 3634.977159
   26 	 3128.866906 	 3371.888366 	 3634.977159
   27 	 1806.315427 	 3339.985053 	 3634.977159
   28 	 1806.315427 	 3319.274790 	 3634.977159
   29 	 852.631839 	 3256.021937 	 3635.003431
   30 	 980.260341 	 3340.256558 	 3647.312035
   31 	 980.260341 	 3376.166853 	 3647.312035
   32 	 335.011243 	 3366.680543 	 3635.003431
   33 	 1921.366629 	 3428.038825 	 3635.003431
   34 	 770.154524 	 3375.608977 	 3636.892027
   35 	 1810.794469 	 3387.466281 	 3637.309106
   36 	 2025.335356 	 3432.158595 	 3637.309106
   37 	 926.429326 	 3416.104079 	 3635.003431
   38 	 2498.728625 	 3448.170470 	 3635.003431
   39 	 375.738880 	 3390.901483 	 3635.003431
   40 	 779.535528 	 3321.483386 	 3635.003431
   41 	 974.441633 	 3366.844085 	 3635.016759
   42 	 283.882624 	 3351.352287 	 3673.688417
   43 	 325.849848 	 3300.253327 	 3673.688417
   44 	 2484.357150 	 3448.114522 	 3673.688417
   45 	 2907.458033 	 3484.474001 	 3644.655478
   46 	 2907.458033 	 3492.744563 	 3635.003431
   47 	 918.778344 	 3441.212145 	 3635.003431
   48 	 2907.458033 	 3515.528277 	 3635.003431
   49 	 771.718089 	 3469.372319 	 3635.003431
 