   0 	 0.259124 	 496.273218 	 3603.417285
    1 	 4.924940 	 1378.748743 	 3603.417285
    2 	 290.894226 	 2151.567169 	 3603.417285
    3 	 600.628371 	 2608.979687 	 3603.417285
    4 	 741.669969 	 2890.729056 	 3623.727963
    5 	 826.909588 	 3122.465108 	 3623.474307
    6 	 380.741758 	 3190.941375 	 3627.820163
    7 	 1122.105203 	 3457.370067 	 3627.820163
    8 	 2366.683546 	 3504.580493 	 3627.820163
    9 	 2366.683546 	 3482.452049 	 3604.854085
   10 	 2281.535025 	 3517.244214 	 3603.688261
   11 	 1926.960128 	 3542.143306 	 3603.688261
   12 	 2481.804189 	 3578.851420 	 3603.688261
   13 	 3579.310906 	 3599.659234 	 3605.642749
   14 	 3579.310906 	 3598.431789 	 3604.550341
   15 	 3579.310906 	 3598.115909 	 3603.417285
   16 	 3564.914602 	 3597.140900 	 3603.417285
   17 	 3579.310906 	 3597.976578 	 3605.642749
   18 	 3579.310906 	 3597.568302 	 3605.642749
   19 	 3579.310906 	 3598.067682 	 3605.642749
   20 	 3579.310906 	 3598.386976 	 3604.550341
   21 	 3579.310906 	 3597.702280 	 3604.550341
   22 	 3579.310906 	 3599.522634 	 3605.642749
   23 	 3579.310906 	 3598.631262 	 3605.642749
   24 	 3576.698170 	 3597.970694 	 3604.550341
   25 	 3576.698170 	 3598.457016 	 3604.550341
   26 	 3579.310906 	 3599.236415 	 3605.033981
   27 	 3579.310906 	 3598.954457 	 3605.642749
   28 	 3579.310906 	 3597.754165 	 3605.033981
   29 	 3579.310906 	 3598.912824 	 3605.605529
   30 	 3579.310906 	 3599.064689 	 3605.605529
   31 	 2531.385892 	 3588.280331 	 3608.218265
   32 	 3576.698170 	 3599.660253 	 3613.059690
   33 	 3576.698170 	 3600.100928 	 3613.059690
   34 	 2538.670716 	 3588.958191 	 3613.059690
   35 	 3579.244442 	 3599.656432 	 3613.059690
   36 	 3012.698309 	 3588.585581 	 3613.059690
   37 	 3010.891062 	 3595.794531 	 3613.059690
   38 	 3579.310906 	 3602.014863 	 3613.059690
   39 	 3026.480394 	 3595.891075 	 3613.059690
   40 	 3015.311045 	 3595.212998 	 3613.059690
   41 	 3579.310906 	 3600.974227 	 3603.417285
   42 	 3579.310906 	 3600.450854 	 3603.417285
   43 	 3579.310906 	 3601.030382 	 3604.550341
   44 	 3590.536320 	 3601.821026 	 3604.550341
   45 	 3590.536320 	 3602.089644 	 3604.550341
   46 	 3595.363229 	 3601.986787 	 3604.550341
   47 	 3595.363229 	 3601.742026 	 3604.550341
   48 	 3598.584733 	 3601.920537 	 3604.550341
   49 	 3593.757824 	 3602.029945 	 3608.255485
 