   0 	 0.552352 	 492.442425 	 3136.574029
    1 	 11.424858 	 1595.337566 	 3717.920730
    2 	 84.014096 	 2415.549231 	 3717.920730
    3 	 124.284188 	 2708.985529 	 3725.228016
    4 	 1637.839941 	 2962.886456 	 3725.228016
    5 	 490.307695 	 2919.984593 	 3722.720112
    6 	 1214.198473 	 3029.129070 	 3717.920730
    7 	 802.606168 	 3025.320841 	 3738.250819
    8 	 1604.974725 	 3061.262672 	 3738.250819
    9 	 1650.485729 	 3113.396955 	 3738.250819
   10 	 2047.392170 	 3216.141600 	 3781.523755
   11 	 2047.392170 	 3242.233157 	 3781.523755
   12 	 2047.392170 	 3243.944430 	 3781.523755
   13 	 2047.392170 	 3252.678195 	 3781.523755
   14 	 354.696467 	 3165.752118 	 3738.250819
   15 	 772.023137 	 3286.899257 	 3738.250819
   16 	 985.672616 	 3272.098125 	 3791.358280
   17 	 312.338456 	 3277.503280 	 3791.358280
   18 	 2727.775567 	 3398.256918 	 3791.358280
   19 	 2727.775567 	 3431.865045 	 3791.358280
   20 	 2727.775567 	 3446.680154 	 3795.052142
   21 	 2727.775567 	 3461.925146 	 3765.560689
   22 	 851.529214 	 3422.022647 	 3787.101098
   23 	 3105.390454 	 3502.764474 	 3787.101098
   24 	 313.586440 	 3477.551654 	 3795.069587
   25 	 3084.354211 	 3539.110088 	 3798.103667
   26 	 3084.354211 	 3550.705355 	 3798.103667
   27 	 3195.296797 	 3554.032582 	 3798.103667
   28 	 3195.296797 	 3576.129953 	 3866.278877
   29 	 3232.956062 	 3574.090421 	 3816.044186
   30 	 3232.956062 	 3567.984678 	 3816.044186
   31 	 3232.956062 	 3551.821229 	 3816.044186
   32 	 3232.956062 	 3559.306387 	 3816.044186
   33 	 3232.956062 	 3560.159126 	 3796.007578
   34 	 3232.956062 	 3577.129437 	 3824.122029
   35 	 3232.956062 	 3544.183144 	 3786.903637
   36 	 3232.956062 	 3553.737542 	 3793.002960
   37 	 3205.707320 	 3586.377112 	 3790.756882
   38 	 3205.707320 	 3585.968441 	 3790.756882
   39 	 3205.707320 	 3585.729439 	 3790.756882
   40 	 3205.707320 	 3606.352049 	 3790.756882
   41 	 3205.707320 	 3609.522173 	 3790.756882
   42 	 3205.707320 	 3626.195213 	 3815.318080
   43 	 3205.707320 	 3621.846859 	 3815.318080
   44 	 3205.707320 	 3625.588882 	 3815.318080
   45 	 3314.644824 	 3642.921840 	 3815.318080
   46 	 3313.889624 	 3651.396823 	 3816.082240
   47 	 2576.157317 	 3633.351299 	 3820.244285
   48 	 3313.889624 	 3642.853445 	 3816.082240
   49 	 3313.889624 	 3657.496099 	 3816.082240
 