   0 	 0.702500 	 558.237663 	 3413.378339
    1 	 5.912417 	 1394.747013 	 3573.234406
    2 	 256.331181 	 1991.902050 	 3574.839898
    3 	 7.524195 	 2274.019868 	 3574.839898
    4 	 118.499716 	 2591.561787 	 3574.839898
    5 	 898.256552 	 2736.285025 	 3738.738629
    6 	 819.096139 	 2828.104961 	 3738.738629
    7 	 593.574325 	 2925.201798 	 3738.738629
    8 	 933.152219 	 3064.173700 	 3738.738629
    9 	 1114.132728 	 3082.332767 	 3728.762975
   10 	 2258.726222 	 3115.071094 	 3733.313055
   11 	 2258.726222 	 3112.699149 	 3733.313055
   12 	 210.666125 	 3070.340491 	 3733.313055
   13 	 339.571940 	 3232.905000 	 3733.313055
   14 	 858.563453 	 3267.299996 	 3737.966879
   15 	 2479.444113 	 3358.639664 	 3735.105878
   16 	 2619.344858 	 3406.235544 	 3735.105878
   17 	 655.264034 	 3412.389924 	 3735.105878
   18 	 2619.344858 	 3482.106232 	 3735.105878
   19 	 2498.062202 	 3497.295583 	 3735.105878
   20 	 2498.062202 	 3503.250068 	 3735.105878
   21 	 2498.062202 	 3586.538958 	 3734.026335
   22 	 2498.062202 	 3601.269075 	 3734.026335
   23 	 3194.573034 	 3598.602136 	 3734.026335
   24 	 3121.432662 	 3593.639131 	 3738.541036
   25 	 3194.573034 	 3607.956549 	 3733.875030
   26 	 3194.573034 	 3592.664379 	 3735.110943
   27 	 3194.572539 	 3593.872608 	 3735.110943
   28 	 3194.573034 	 3578.544746 	 3735.110943
   29 	 3194.573034 	 3564.543026 	 3735.116010
   30 	 3194.573034 	 3585.225335 	 3735.116010
   31 	 3212.685038 	 3595.524669 	 3735.116010
   32 	 3212.685038 	 3616.582709 	 3735.116010
   33 	 3194.573034 	 3657.682190 	 3739.465349
   34 	 3194.573034 	 3664.891552 	 3735.116010
   35 	 3194.573034 	 3671.884553 	 3739.465349
   36 	 3422.674333 	 3661.473942 	 3739.465349
   37 	 3016.829365 	 3641.036832 	 3739.465349
   38 	 3002.977698 	 3630.011192 	 3739.465349
   39 	 3011.810523 	 3664.931650 	 3739.465349
   40 	 3422.657673 	 3664.455496 	 3739.465349
   41 	 3272.201515 	 3681.953786 	 3735.105878
   42 	 3272.201515 	 3687.747938 	 3738.598076
   43 	 3272.201515 	 3689.261371 	 3738.598076
   44 	 3272.201515 	 3686.370172 	 3738.598076
   45 	 3272.201515 	 3686.026923 	 3738.598076
   46 	 3272.201515 	 3699.314120 	 3738.539984
   47 	 3272.201515 	 3688.064342 	 3738.539984
   48 	 3403.977916 	 3682.009537 	 3738.539984
   49 	 3413.251612 	 3686.223128 	 3738.539984
 