   0 	 0.229257 	 494.098784 	 3284.280697
    1 	 15.410449 	 1234.026803 	 3284.280697
    2 	 156.041131 	 1940.020502 	 3475.860697
    3 	 433.970551 	 2428.095878 	 3475.860697
    4 	 1356.662137 	 2650.279654 	 3475.860697
    5 	 112.218373 	 2657.279311 	 3284.404601
    6 	 954.391207 	 2941.731798 	 3302.569067
    7 	 1465.356473 	 2969.748987 	 3302.569067
    8 	 868.016040 	 2955.131410 	 3297.472672
    9 	 1465.356473 	 3115.763154 	 3538.163930
   10 	 805.175405 	 3117.292765 	 3538.163930
   11 	 2118.922918 	 3150.158688 	 3538.163930
   12 	 1792.551244 	 3150.341019 	 3339.260790
   13 	 1990.947456 	 3184.598883 	 3357.777539
   14 	 2118.922918 	 3200.979149 	 3357.777539
   15 	 2118.922918 	 3175.265748 	 3357.777539
   16 	 291.189509 	 3066.265728 	 3362.414726
   17 	 315.903097 	 3165.310668 	 3393.573757
   18 	 1891.898978 	 3187.883855 	 3393.573757
   19 	 2978.739631 	 3246.826452 	 3388.921560
   20 	 3128.052232 	 3241.658722 	 3386.700820
   21 	 1870.685227 	 3219.164360 	 3440.713465
   22 	 1957.821071 	 3233.886849 	 3440.713465
   23 	 1957.821071 	 3243.537856 	 3440.713465
   24 	 1901.649756 	 3242.353620 	 3440.713465
   25 	 1901.649756 	 3227.758702 	 3440.713465
   26 	 3068.496421 	 3246.462866 	 3440.713465
   27 	 3128.052232 	 3251.430351 	 3440.713465
   28 	 1722.996618 	 3235.654892 	 3433.059574
   29 	 3132.326068 	 3272.288868 	 3433.059574
   30 	 3132.326068 	 3271.384557 	 3433.059574
   31 	 2630.324281 	 3245.754122 	 3433.059574
   32 	 2630.324281 	 3246.378951 	 3388.921560
   33 	 1850.810912 	 3225.813048 	 3388.921560
   34 	 2697.081721 	 3239.108609 	 3388.921560
   35 	 315.358084 	 3135.991847 	 3388.921560
   36 	 1862.657067 	 3229.545542 	 3388.921560
   37 	 1859.206798 	 3218.794446 	 3388.921560
   38 	 1859.206798 	 3227.866510 	 3388.917641
   39 	 317.169516 	 3178.519950 	 3388.917641
   40 	 1862.657067 	 3243.347121 	 3388.917641
   41 	 860.405276 	 3197.598525 	 3388.917641
   42 	 860.405276 	 3236.079257 	 3388.921560
   43 	 315.903097 	 3218.364081 	 3436.021159
   44 	 3123.578268 	 3268.857031 	 3390.612172
   45 	 3132.326068 	 3282.809425 	 3395.332079
   46 	 3131.608299 	 3277.925832 	 3395.332079
   47 	 317.169516 	 3225.491462 	 3395.330208
   48 	 3132.326068 	 3275.087148 	 3395.330208
   49 	 2613.705195 	 3267.198615 	 3395.330208
 