   0 	 1.440572 	 453.112536 	 3043.401088
    1 	 30.212385 	 1530.625500 	 3043.401088
    2 	 249.919639 	 1947.026051 	 3043.401088
    3 	 286.899647 	 2021.598436 	 3043.401088
    4 	 286.899647 	 2311.185325 	 3288.002765
    5 	 911.989994 	 2383.279860 	 3421.534519
    6 	 1333.674790 	 2519.146397 	 3421.534519
    7 	 892.802163 	 2606.584710 	 3421.534519
    8 	 1413.383699 	 2725.782647 	 3515.989177
    9 	 1413.383699 	 2857.264520 	 3574.098020
   10 	 2079.191612 	 2915.107791 	 3515.044096
   11 	 2079.127411 	 2966.580636 	 3548.327161
   12 	 2079.408393 	 2989.507864 	 3548.327161
   13 	 2079.351817 	 3003.425043 	 3548.574985
   14 	 1797.741353 	 3029.247057 	 3549.052480
   15 	 2079.408393 	 3121.910966 	 3549.052480
   16 	 2040.932582 	 3138.000958 	 3549.052480
   17 	 1924.623497 	 3143.811294 	 3548.992320
   18 	 628.532544 	 3122.651052 	 3548.992320
   19 	 649.996849 	 3158.342425 	 3541.606553
   20 	 2278.626286 	 3225.349330 	 3549.236032
   21 	 2518.778638 	 3254.683010 	 3549.236032
   22 	 2518.778638 	 3235.610104 	 3547.912185
   23 	 2870.956260 	 3228.321344 	 3519.757384
   24 	 2481.062854 	 3265.911294 	 3614.833602
   25 	 2783.045275 	 3244.990272 	 3519.972352
   26 	 2783.045275 	 3261.587985 	 3519.972352
   27 	 2783.045275 	 3284.243605 	 3614.435451
   28 	 2640.855377 	 3311.068266 	 3586.803299
   29 	 406.685136 	 3303.426084 	 3586.803299
   30 	 407.100112 	 3299.094539 	 3586.803299
   31 	 2870.956260 	 3329.819357 	 3586.803299
   32 	 2870.956260 	 3333.346582 	 3586.803299
   33 	 2870.956260 	 3336.139944 	 3519.972352
   34 	 2870.956260 	 3348.826189 	 3547.915300
   35 	 2870.956260 	 3354.951279 	 3549.236032
   36 	 3000.470080 	 3348.372720 	 3548.585536
   37 	 2999.753349 	 3360.612600 	 3548.585536
   38 	 2957.332594 	 3353.075506 	 3626.421568
   39 	 2957.332594 	 3335.044787 	 3626.421568
   40 	 2957.332594 	 3356.517770 	 3626.421568
   41 	 2957.332594 	 3358.793961 	 3631.239117
   42 	 2957.332594 	 3370.511357 	 3631.239117
   43 	 2957.332594 	 3357.964466 	 3631.239117
   44 	 2781.721428 	 3381.898009 	 3631.239117
   45 	 2781.721428 	 3401.409043 	 3631.239117
   46 	 2781.721428 	 3413.863549 	 3631.443917
   47 	 2781.721428 	 3393.897576 	 3626.785344
   48 	 2781.721428 	 3396.556164 	 3626.785344
   49 	 2781.721428 	 3423.822700 	 3515.786240
 