   0 	 0.930246 	 424.339727 	 3701.924470
    1 	 7.023301 	 1308.914584 	 3702.851955
    2 	 172.923391 	 2160.612693 	 3741.716651
    3 	 495.766044 	 2899.683865 	 3702.851955
    4 	 386.491189 	 3142.740537 	 3702.851955
    5 	 1796.247355 	 3440.359291 	 3702.851955
    6 	 929.264742 	 3495.226847 	 3702.851955
    7 	 909.922048 	 3559.331465 	 3740.934364
    8 	 2290.209160 	 3681.334625 	 3740.934364
    9 	 3505.804227 	 3700.115836 	 3706.878323
   10 	 3505.804227 	 3700.115511 	 3706.878323
   11 	 3505.804227 	 3700.125437 	 3702.851955
   12 	 3697.898102 	 3702.123939 	 3706.878323
   13 	 3697.898102 	 3702.124591 	 3706.878323
   14 	 2561.835584 	 3690.890294 	 3706.878323
   15 	 3697.898102 	 3702.195528 	 3706.878323
   16 	 3700.035830 	 3702.195853 	 3702.851955
   17 	 3700.035830 	 3702.213719 	 3702.851955
   18 	 3700.035830 	 3702.194580 	 3702.851955
   19 	 3700.035830 	 3702.139919 	 3702.851955
   20 	 3700.035830 	 3702.158384 	 3702.851955
   21 	 3700.035830 	 3702.044418 	 3702.851955
   22 	 3696.894902 	 3701.989349 	 3705.675123
   23 	 3682.246038 	 3701.960882 	 3704.989683
   24 	 3682.166486 	 3701.500179 	 3704.989683
   25 	 3682.246038 	 3701.751254 	 3704.989683
   26 	 3682.246038 	 3701.824681 	 3704.989683
   27 	 3700.035830 	 3702.085639 	 3704.989683
   28 	 3700.035830 	 3701.970670 	 3704.989683
   29 	 3697.851830 	 3701.999301 	 3705.122675
   30 	 3697.898102 	 3702.111997 	 3705.122675
   31 	 3697.898102 	 3702.238681 	 3705.122675
   32 	 3700.035830 	 3702.279942 	 3705.055923
   33 	 3697.898102 	 3702.168684 	 3706.878323
   34 	 1631.275228 	 3681.375148 	 3702.898739
   35 	 1631.275228 	 3660.489170 	 3702.993843
   36 	 3697.898102 	 3702.039868 	 3706.878323
   37 	 3697.898102 	 3702.001810 	 3702.851955
   38 	 3697.898102 	 3702.113981 	 3702.851955
   39 	 3697.898102 	 3702.172414 	 3702.851955
   40 	 3697.898102 	 3702.319380 	 3702.851955
   41 	 3697.898102 	 3702.657127 	 3722.344336
   42 	 3697.898102 	 3702.953013 	 3722.344336
   43 	 3697.898102 	 3702.808874 	 3719.581417
   44 	 3697.898102 	 3702.838967 	 3719.581417
   45 	 3697.716086 	 3702.726648 	 3706.957875
   46 	 3697.898102 	 3702.883593 	 3706.878323
   47 	 3697.898102 	 3702.878426 	 3706.878323
   48 	 3547.155486 	 3701.525053 	 3706.878323
   49 	 3701.924470 	 3703.320435 	 3706.878323
 