   0 	 0.045120 	 558.592666 	 3436.782485
    1 	 1.298489 	 1497.095209 	 3436.782485
    2 	 405.660295 	 2129.707618 	 3574.923506
    3 	 486.516875 	 2525.169674 	 3574.923506
    4 	 1068.328316 	 2811.291241 	 3585.091662
    5 	 1156.122565 	 2964.165099 	 3662.145918
    6 	 625.441534 	 2984.791126 	 3662.145918
    7 	 1114.221906 	 3104.475503 	 3662.145918
    8 	 1970.779621 	 3251.087868 	 3550.120392
    9 	 1970.779621 	 3350.203638 	 3672.939777
   10 	 1385.368065 	 3385.208624 	 3672.939777
   11 	 2327.715396 	 3386.376804 	 3672.939777
   12 	 2327.715396 	 3351.276879 	 3776.929405
   13 	 2682.997944 	 3385.871579 	 3776.929405
   14 	 2682.997944 	 3418.434609 	 3588.309295
   15 	 2682.997944 	 3436.165031 	 3556.920766
   16 	 2932.243451 	 3468.948457 	 3668.793534
   17 	 2932.243451 	 3463.915552 	 3668.793534
   18 	 2932.243451 	 3478.259940 	 3668.793534
   19 	 2932.243451 	 3471.416460 	 3678.510608
   20 	 3290.732018 	 3481.216550 	 3678.510608
   21 	 3290.732018 	 3488.488795 	 3683.489296
   22 	 3290.732018 	 3496.279517 	 3683.489296
   23 	 3290.732018 	 3494.704588 	 3673.772222
   24 	 3391.990516 	 3497.272810 	 3673.772222
   25 	 3391.990516 	 3506.588147 	 3673.772222
   26 	 3399.412783 	 3511.717346 	 3673.772222
   27 	 3370.699237 	 3513.183349 	 3673.772222
   28 	 3399.412783 	 3520.319143 	 3673.772222
   29 	 3399.412783 	 3529.652978 	 3665.301499
   30 	 3399.412783 	 3528.405908 	 3665.301499
   31 	 2318.440228 	 3525.878792 	 3665.301499
   32 	 2327.099157 	 3553.709144 	 3665.301499
   33 	 3431.803797 	 3570.875741 	 3665.301499
   34 	 3431.803797 	 3571.894892 	 3665.301499
   35 	 3431.803797 	 3576.004615 	 3665.301499
   36 	 3431.803797 	 3569.904252 	 3665.301499
   37 	 3431.803797 	 3581.485805 	 3665.301499
   38 	 3431.803797 	 3578.741680 	 3665.301499
   39 	 2563.462318 	 3573.828289 	 3665.301499
   40 	 2563.462318 	 3573.091810 	 3665.301499
   41 	 3436.045461 	 3582.156199 	 3665.301499
   42 	 3436.045461 	 3582.951652 	 3665.301499
   43 	 3436.045461 	 3599.454593 	 3665.301499
   44 	 3436.045461 	 3607.056085 	 3665.301499
   45 	 3053.908617 	 3610.452720 	 3665.301499
   46 	 3357.269192 	 3618.744874 	 3665.301499
   47 	 3357.269192 	 3611.056240 	 3665.301499
   48 	 3357.269192 	 3612.076034 	 3665.301499
   49 	 3357.269192 	 3608.994298 	 3665.301499
 