   0 	 0.045855 	 521.146974 	 3551.068925
    1 	 31.044274 	 1399.418346 	 3611.063908
    2 	 290.163085 	 2362.035672 	 3611.063908
    3 	 290.163085 	 2763.554892 	 3611.063908
    4 	 423.648408 	 3091.697172 	 3611.063908
    5 	 1234.208687 	 3217.515687 	 3620.624683
    6 	 1582.572180 	 3368.207423 	 3620.624683
    7 	 409.795809 	 3378.645158 	 3620.624683
    8 	 409.795809 	 3438.233551 	 3620.624683
    9 	 863.114251 	 3426.496022 	 3620.624683
   10 	 863.114251 	 3482.553048 	 3620.624683
   11 	 2697.726285 	 3492.635540 	 3620.624683
   12 	 411.672194 	 3439.498425 	 3620.624683
   13 	 411.672194 	 3441.729345 	 3620.624683
   14 	 411.672194 	 3450.253774 	 3620.683714
   15 	 2992.383287 	 3540.105884 	 3620.683714
   16 	 2716.911955 	 3536.492993 	 3620.717803
   17 	 2992.383287 	 3544.170435 	 3627.382210
   18 	 3180.295272 	 3557.422473 	 3627.382210
   19 	 3180.295272 	 3540.361887 	 3620.501314
   20 	 3180.295272 	 3535.004596 	 3620.501314
   21 	 3180.295272 	 3549.082312 	 3630.950920
   22 	 408.432994 	 3472.081565 	 3630.950920
   23 	 412.364825 	 3504.607315 	 3617.756132
   24 	 2080.546525 	 3535.380954 	 3613.408228
   25 	 2080.546525 	 3540.481385 	 3613.408228
   26 	 2080.546525 	 3539.708558 	 3621.317314
   27 	 2080.546525 	 3548.572854 	 3621.317314
   28 	 409.287328 	 3513.673499 	 3621.317314
   29 	 2063.435779 	 3550.183716 	 3621.317314
   30 	 1576.182875 	 3544.032033 	 3621.317314
   31 	 1576.182875 	 3558.444526 	 3627.209323
   32 	 1010.908612 	 3496.700508 	 3621.396075
   33 	 1006.696491 	 3524.148977 	 3621.396075
   34 	 1006.696491 	 3547.907925 	 3621.319195
   35 	 2987.275413 	 3564.446085 	 3622.930114
   36 	 1029.974921 	 3517.788868 	 3621.319195
   37 	 2952.697526 	 3554.644185 	 3621.319195
   38 	 2952.697526 	 3553.256627 	 3622.537815
   39 	 411.664409 	 3493.162795 	 3621.396075
   40 	 2989.831622 	 3565.446508 	 3627.209323
   41 	 1028.405090 	 3527.821080 	 3623.058114
   42 	 2936.700267 	 3561.648247 	 3622.926955
   43 	 2408.049531 	 3557.912141 	 3621.661378
   44 	 2063.313244 	 3520.781691 	 3621.661378
   45 	 2063.313244 	 3536.827005 	 3621.661378
   46 	 2110.592310 	 3521.056685 	 3621.661378
   47 	 2090.180581 	 3521.779450 	 3622.520814
   48 	 2090.180581 	 3506.023478 	 3799.334669
   49 	 2090.180581 	 3494.215447 	 3622.535918
 