   0 	 1.612999 	 463.154888 	 2952.101173
    1 	 53.023194 	 1285.488711 	 2952.101173
    2 	 14.914524 	 1832.245370 	 3405.448785
    3 	 547.485843 	 2324.977069 	 3448.606516
    4 	 178.008850 	 2595.292650 	 3590.324001
    5 	 107.190578 	 2619.786181 	 3585.547548
    6 	 1486.358404 	 2765.263186 	 3527.327432
    7 	 474.237431 	 2792.344485 	 3611.481801
    8 	 2075.559857 	 2897.805238 	 3675.009200
    9 	 148.759148 	 2857.389652 	 3611.481801
   10 	 1604.299737 	 3043.147313 	 3611.481801
   11 	 1609.783096 	 3111.399439 	 3611.481801
   12 	 1609.783096 	 3151.875542 	 3611.481801
   13 	 1609.783096 	 3174.344316 	 3611.481801
   14 	 2091.482880 	 3238.933719 	 3611.481801
   15 	 1731.969276 	 3242.462932 	 3837.937352
   16 	 321.541832 	 3203.068595 	 3837.937352
   17 	 2190.967781 	 3301.872042 	 3837.937352
   18 	 808.340478 	 3194.505499 	 3837.937352
   19 	 864.292319 	 3244.958688 	 3837.937352
   20 	 864.127711 	 3117.170090 	 3617.219481
   21 	 2354.352706 	 3319.773070 	 3617.219481
   22 	 316.477922 	 3298.718507 	 3617.219481
   23 	 2354.352706 	 3387.120449 	 3617.219481
   24 	 2354.352706 	 3409.174170 	 3618.765721
   25 	 789.822363 	 3399.342259 	 3838.004141
   26 	 2685.874521 	 3400.221298 	 3838.004141
   27 	 864.451912 	 3395.300020 	 3838.004141
   28 	 318.243377 	 3325.015800 	 3838.004141
   29 	 2781.083336 	 3437.791337 	 3838.004141
   30 	 332.160913 	 3358.329969 	 3838.004141
   31 	 864.125204 	 3318.789039 	 3838.004141
   32 	 1742.151776 	 3347.967046 	 3621.102659
   33 	 1148.993970 	 3367.292934 	 3621.102659
   34 	 317.440533 	 3297.924251 	 3621.102659
   35 	 1148.993970 	 3381.044787 	 3621.102659
   36 	 316.426082 	 3312.211775 	 3621.102659
   37 	 318.344524 	 3364.591944 	 3621.102659
   38 	 867.057581 	 3391.737472 	 3837.937352
   39 	 864.518701 	 3371.810129 	 3837.937352
   40 	 317.440533 	 3339.509386 	 3837.937352
   41 	 808.340478 	 3368.984099 	 3838.004141
   42 	 866.940232 	 3391.158974 	 3827.839373
   43 	 2696.489951 	 3448.909276 	 3837.937352
   44 	 2537.509744 	 3454.289955 	 3837.937352
   45 	 317.518854 	 3376.997684 	 3837.937352
   46 	 2696.489951 	 3481.854891 	 3838.002472
   47 	 2525.736379 	 3476.430834 	 3837.937352
   48 	 1854.085826 	 3433.928068 	 3837.937352
   49 	 316.426082 	 3331.766359 	 3837.937352
 