   0 	 0.801300 	 496.788367 	 2909.049152
    1 	 18.166848 	 1065.002755 	 3614.634932
    2 	 149.570444 	 1771.294252 	 3822.563084
    3 	 513.747757 	 2256.367867 	 3822.563084
    4 	 516.224645 	 2601.032119 	 3822.563084
    5 	 712.957940 	 2836.098775 	 3822.563084
    6 	 1262.619063 	 2984.498486 	 3822.563084
    7 	 994.807819 	 3009.217706 	 3626.115678
    8 	 252.789318 	 3004.748717 	 3626.115678
    9 	 750.129347 	 3057.811955 	 3626.115678
   10 	 750.129347 	 3155.113442 	 3626.115678
   11 	 2324.321369 	 3220.255793 	 3626.115678
   12 	 2112.969281 	 3217.949502 	 3626.115678
   13 	 245.643573 	 3263.501831 	 3646.615991
   14 	 2331.874537 	 3380.643985 	 3646.615991
   15 	 2546.434706 	 3411.528005 	 3646.615991
   16 	 2546.434706 	 3449.297664 	 3646.615991
   17 	 2773.645092 	 3486.472422 	 3627.319979
   18 	 887.522197 	 3482.360254 	 3627.319979
   19 	 2773.645092 	 3509.400481 	 3638.048941
   20 	 2773.645092 	 3513.457400 	 3638.048941
   21 	 2773.645092 	 3531.862534 	 3678.605823
   22 	 2864.327176 	 3537.730747 	 3678.605823
   23 	 2845.225330 	 3536.096671 	 3638.706125
   24 	 2853.489849 	 3559.005810 	 3638.706125
   25 	 2853.499134 	 3558.289707 	 3694.034681
   26 	 2853.499134 	 3567.176543 	 3694.034681
   27 	 2853.440574 	 3569.971539 	 3694.034681
   28 	 2853.440574 	 3572.738780 	 3638.706125
   29 	 2853.440574 	 3571.731202 	 3638.706125
   30 	 3484.098896 	 3592.756657 	 3643.758541
   31 	 3485.328704 	 3590.207734 	 3658.558676
   32 	 3491.754930 	 3589.942189 	 3638.706125
   33 	 3491.754930 	 3595.921696 	 3644.550379
   34 	 3491.754930 	 3593.848671 	 3644.550379
   35 	 3333.960593 	 3579.778224 	 3644.550379
   36 	 3332.914956 	 3576.210095 	 3640.274727
   37 	 3491.754930 	 3572.586061 	 3640.274727
   38 	 3477.910493 	 3572.244990 	 3640.274727
   39 	 3492.308781 	 3572.789403 	 3650.453864
   40 	 3493.793101 	 3572.136166 	 3629.070942
   41 	 3495.007565 	 3567.263484 	 3629.070942
   42 	 3239.100905 	 3573.577789 	 3629.070942
   43 	 3431.139239 	 3569.029266 	 3632.374732
   44 	 3452.392978 	 3575.222692 	 3632.374732
   45 	 3483.435815 	 3580.243421 	 3633.228856
   46 	 3483.435815 	 3581.778167 	 3634.117401
   47 	 3483.435815 	 3581.016935 	 3639.722562
   48 	 3281.549407 	 3577.174950 	 3644.550379
   49 	 3281.549407 	 3572.936140 	 3638.706125
 