   0 	 0.325543 	 421.129262 	 3564.151531
    1 	 24.551792 	 1615.478584 	 3589.383668
    2 	 148.659485 	 2579.528194 	 3589.383668
    3 	 906.607357 	 3021.515216 	 3628.991431
    4 	 912.322592 	 3212.415083 	 3627.413201
    5 	 1164.946552 	 3299.797012 	 3640.977758
    6 	 1738.580276 	 3438.165231 	 3599.501402
    7 	 932.742466 	 3447.418150 	 3599.501402
    8 	 2646.587849 	 3492.175742 	 3602.462245
    9 	 936.452526 	 3437.995100 	 3602.462245
   10 	 378.185988 	 3417.416034 	 3602.462245
   11 	 271.825308 	 3447.468379 	 3662.219539
   12 	 271.825308 	 3460.361653 	 3602.987749
   13 	 2758.437627 	 3514.161544 	 3602.987749
   14 	 2758.437627 	 3517.626712 	 3641.450843
   15 	 2758.437627 	 3516.400517 	 3613.274033
   16 	 2446.343096 	 3521.818964 	 3613.274033
   17 	 774.002886 	 3488.997261 	 3589.702132
   18 	 774.002886 	 3519.745363 	 3603.806829
   19 	 2793.004294 	 3552.268219 	 3603.806829
   20 	 2793.004294 	 3547.333090 	 3603.806829
   21 	 3503.488720 	 3557.065560 	 3603.806829
   22 	 3494.504680 	 3558.220567 	 3603.701174
   23 	 3498.783603 	 3557.859362 	 3613.868244
   24 	 3478.816622 	 3558.160565 	 3613.868244
   25 	 926.062965 	 3449.832896 	 3652.573803
   26 	 959.313759 	 3527.540448 	 3715.602214
   27 	 3357.106059 	 3552.097585 	 3715.602214
   28 	 3357.106059 	 3549.608730 	 3715.602214
   29 	 1947.940791 	 3514.362827 	 3700.419845
   30 	 1947.622327 	 3532.647549 	 3700.419845
   31 	 1520.291799 	 3531.498806 	 3700.419845
   32 	 3357.106059 	 3549.409775 	 3627.251665
   33 	 3357.106059 	 3551.985285 	 3653.636108
   34 	 3357.106059 	 3554.481433 	 3653.636108
   35 	 3357.106059 	 3556.844696 	 3627.251665
   36 	 3357.106059 	 3557.969344 	 3594.064387
   37 	 3357.106059 	 3558.443848 	 3685.766732
   38 	 3357.106059 	 3563.978851 	 3685.766732
   39 	 3400.116269 	 3569.984953 	 3685.766732
   40 	 3400.116269 	 3569.788577 	 3685.766732
   41 	 3400.116269 	 3565.502585 	 3685.766732
   42 	 3400.116269 	 3567.135406 	 3685.766732
   43 	 3400.116269 	 3571.874652 	 3614.476454
   44 	 3400.116269 	 3568.973368 	 3602.462245
   45 	 3289.081512 	 3569.370945 	 3602.462356
   46 	 3018.012060 	 3562.150236 	 3608.466794
   47 	 3289.081512 	 3567.287643 	 3590.468147
   48 	 3512.965560 	 3572.972553 	 3602.780709
   49 	 3512.965560 	 3572.942378 	 3602.462356
 