   0 	 0.347645 	 542.319271 	 3282.788368
    1 	 33.791999 	 1521.666807 	 3282.788368
    2 	 306.952239 	 2192.139467 	 3390.302629
    3 	 670.218952 	 2674.286679 	 3432.445053
    4 	 144.743333 	 2691.530307 	 3772.636897
    5 	 239.078105 	 2819.004332 	 3772.873697
    6 	 149.892132 	 2891.232059 	 3772.873697
    7 	 1064.065642 	 2944.539267 	 3776.559543
    8 	 1064.065642 	 3011.986253 	 3772.873697
    9 	 379.985400 	 2966.317023 	 3772.162865
   10 	 423.152036 	 3045.618208 	 3777.146289
   11 	 1613.317007 	 3078.273388 	 3772.162865
   12 	 1836.061243 	 3086.753126 	 3777.205905
   13 	 188.988517 	 3061.662721 	 3777.205905
   14 	 1836.061243 	 3137.637743 	 3777.909025
   15 	 641.085761 	 3112.348399 	 3777.909025
   16 	 641.085761 	 3191.448699 	 3772.811425
   17 	 1574.679301 	 3222.704310 	 3772.811425
   18 	 403.248965 	 3147.139153 	 3772.811425
   19 	 1956.032101 	 3272.526501 	 3772.811425
   20 	 1956.032101 	 3285.038298 	 3772.811425
   21 	 1956.032101 	 3361.568514 	 3827.371165
   22 	 2523.214089 	 3424.497246 	 3774.039841
   23 	 397.553345 	 3325.415678 	 3774.039841
   24 	 2803.565947 	 3466.792977 	 3787.105350
   25 	 2855.526873 	 3513.345381 	 3899.929849
   26 	 2856.770789 	 3543.117512 	 3899.929849
   27 	 2856.770789 	 3534.452880 	 3899.929849
   28 	 3190.900464 	 3552.297321 	 3899.929849
   29 	 3190.896344 	 3567.517713 	 3899.929849
   30 	 3190.896344 	 3565.580788 	 3903.505564
   31 	 3261.048898 	 3571.838167 	 3903.505564
   32 	 3261.048898 	 3660.766082 	 3905.665948
   33 	 3261.048898 	 3683.229297 	 3903.505564
   34 	 3261.048898 	 3673.706416 	 3903.505564
   35 	 3261.048898 	 3685.603946 	 3903.505564
   36 	 1876.796684 	 3688.378034 	 3903.505564
   37 	 3282.784248 	 3719.113431 	 3903.505564
   38 	 3282.784248 	 3727.130132 	 3903.505564
   39 	 2797.057957 	 3737.187562 	 3903.505564
   40 	 2797.057957 	 3733.063959 	 3903.505564
   41 	 2918.316079 	 3752.502834 	 3903.505564
   42 	 924.230555 	 3685.734715 	 3903.505564
   43 	 2918.316079 	 3734.626114 	 3903.526548
   44 	 419.773005 	 3661.475144 	 3903.526548
   45 	 955.050681 	 3619.546811 	 3903.169426
   46 	 955.276729 	 3683.554742 	 3903.169426
   47 	 2918.316079 	 3730.640151 	 3903.169426
   48 	 2009.161097 	 3687.426193 	 3903.169426
   49 	 2009.161097 	 3675.445745 	 3903.169426
 