   0 	 0.790060 	 513.823973 	 2858.872751
    1 	 14.879084 	 1265.156977 	 3345.330676
    2 	 10.041106 	 1721.528825 	 3510.600316
    3 	 415.505734 	 2244.892465 	 3510.600316
    4 	 868.882943 	 2446.164000 	 3510.600316
    5 	 868.882943 	 2465.015198 	 3510.600316
    6 	 868.882943 	 2608.639581 	 3510.745564
    7 	 1507.021103 	 2625.236267 	 3510.600316
    8 	 1507.021103 	 2659.753269 	 3814.865938
    9 	 1507.021103 	 2728.482537 	 3814.865938
   10 	 1512.991791 	 2863.546892 	 3815.384338
   11 	 1393.689388 	 2904.412384 	 3815.384338
   12 	 2089.006591 	 3012.683894 	 3815.384338
   13 	 2109.322957 	 3105.273958 	 3814.865938
   14 	 2307.842514 	 3111.438404 	 3814.865938
   15 	 2307.842514 	 3117.321952 	 3815.561234
   16 	 2392.010115 	 3175.740283 	 3821.960213
   17 	 2392.010115 	 3178.246871 	 3821.960213
   18 	 1918.265151 	 3179.372251 	 3821.960213
   19 	 2392.010115 	 3235.151983 	 3815.561234
   20 	 2411.840232 	 3298.896467 	 3815.561234
   21 	 2662.459988 	 3369.917101 	 3815.561234
   22 	 2662.459988 	 3403.729709 	 3817.920533
   23 	 998.923207 	 3376.246966 	 3803.155296
   24 	 1034.167370 	 3385.630117 	 3803.155296
   25 	 2606.159935 	 3453.644612 	 3687.892231
   26 	 2606.159935 	 3459.356788 	 3687.892231
   27 	 2606.159935 	 3455.841483 	 3687.892231
   28 	 2973.516339 	 3460.645636 	 3687.892231
   29 	 2973.516339 	 3463.125988 	 3687.892231
   30 	 2973.516339 	 3462.073230 	 3688.336795
   31 	 2904.180262 	 3457.992299 	 3688.336795
   32 	 2904.180262 	 3459.489987 	 3688.336795
   33 	 2904.738854 	 3465.833720 	 3688.336795
   34 	 1501.414371 	 3448.494017 	 3688.903579
   35 	 2974.083919 	 3500.610965 	 3688.903579
   36 	 2086.793593 	 3492.314457 	 3688.903579
   37 	 2086.793593 	 3481.158291 	 3688.336795
   38 	 2086.793593 	 3476.916396 	 3688.336795
   39 	 2086.793593 	 3455.134408 	 3688.336795
   40 	 401.759109 	 3327.933407 	 3688.336795
   41 	 403.618731 	 3460.133799 	 3688.336795
   42 	 966.340823 	 3438.562181 	 3688.336795
   43 	 1977.958795 	 3485.344983 	 3688.336795
   44 	 2083.861000 	 3508.870024 	 3688.336795
   45 	 1977.555211 	 3481.158796 	 3688.336795
   46 	 1977.555211 	 3502.967980 	 3692.798491
   47 	 1977.555211 	 3514.221334 	 3692.798491
   48 	 3432.384319 	 3532.723389 	 3690.135451
   49 	 1822.697311 	 3517.309160 	 3690.135451
 