   0 	 2.188278 	 553.295481 	 3103.900732
    1 	 3.995434 	 1409.913106 	 3103.900732
    2 	 57.078881 	 1941.098133 	 3103.900732
    3 	 478.329892 	 2320.078160 	 3103.900732
    4 	 874.005518 	 2535.202356 	 3103.900732
    5 	 874.005518 	 2657.647704 	 3810.514981
    6 	 1244.662952 	 2791.879077 	 3810.514981
    7 	 1641.100855 	 2894.522593 	 3444.911086
    8 	 1641.100855 	 2926.342670 	 3444.911086
    9 	 2410.467143 	 2940.784695 	 3444.911086
   10 	 2183.172288 	 2967.108751 	 3827.524217
   11 	 2183.172288 	 2998.977828 	 3827.524217
   12 	 2052.568341 	 3032.560502 	 3827.524217
   13 	 2052.568341 	 3073.431065 	 3827.524217
   14 	 2052.568341 	 3095.514212 	 3827.524217
   15 	 2197.288296 	 3151.973985 	 3827.524217
   16 	 2686.031104 	 3167.540782 	 3827.524217
   17 	 2686.031104 	 3151.132414 	 3827.524217
   18 	 2147.059493 	 3157.687229 	 3827.524217
   19 	 1045.059947 	 3116.004818 	 3835.234952
   20 	 928.048438 	 3147.712100 	 3835.234952
   21 	 928.048438 	 3142.326565 	 3835.234952
   22 	 928.048438 	 3236.044626 	 3837.418952
   23 	 928.048438 	 3263.182138 	 3837.418952
   24 	 2399.974272 	 3319.992788 	 3837.418952
   25 	 407.384221 	 3339.771352 	 3837.418952
   26 	 938.460165 	 3377.580964 	 3840.004744
   27 	 2957.642188 	 3458.356472 	 3840.004744
   28 	 2957.642188 	 3461.709450 	 3840.004744
   29 	 2957.642188 	 3479.673206 	 3857.044141
   30 	 3033.067055 	 3501.657345 	 3857.246821
   31 	 2511.707028 	 3476.652745 	 3857.246821
   32 	 2813.934884 	 3552.938672 	 3857.252488
   33 	 2803.390046 	 3623.714930 	 3857.314957
   34 	 2699.484080 	 3621.478743 	 3857.314957
   35 	 2813.934884 	 3629.946850 	 3857.314957
   36 	 2813.934884 	 3667.309439 	 3857.314957
   37 	 2813.934884 	 3684.976825 	 3857.314957
   38 	 3033.125975 	 3690.324038 	 3856.537957
   39 	 3033.125975 	 3692.435076 	 3856.537957
   40 	 3033.125975 	 3712.262280 	 3856.537957
   41 	 3142.382800 	 3728.830783 	 3856.537957
   42 	 3235.675819 	 3727.166168 	 3835.390664
   43 	 3230.926030 	 3740.421431 	 3835.390664
   44 	 3230.926030 	 3734.834279 	 3837.492779
   45 	 3229.016491 	 3748.988953 	 3837.418952
   46 	 3527.136251 	 3768.550437 	 3837.424619
   47 	 3532.007676 	 3766.889071 	 3837.424619
   48 	 3532.007676 	 3779.237952 	 3855.218533
   49 	 3543.724134 	 3795.657635 	 3855.218533
 