   0 	 1.198650 	 545.799994 	 3650.975962
    1 	 0.909517 	 1599.461958 	 3650.975962
    2 	 420.111540 	 2401.671805 	 3650.995954
    3 	 854.867110 	 2831.402251 	 3735.398952
    4 	 152.325762 	 2880.858710 	 3735.398952
    5 	 152.325762 	 3062.571425 	 3703.313998
    6 	 1948.636287 	 3208.609355 	 3703.313998
    7 	 1942.820650 	 3339.327804 	 3809.454744
    8 	 2517.343863 	 3465.486065 	 3829.294984
    9 	 400.591457 	 3374.164311 	 3703.313998
   10 	 2518.138144 	 3518.621729 	 3703.313998
   11 	 2839.143530 	 3516.363763 	 3703.313998
   12 	 2575.821553 	 3498.068415 	 3670.320503
   13 	 2575.821553 	 3533.203840 	 3670.320503
   14 	 2839.248362 	 3567.144384 	 3809.454744
   15 	 2839.248362 	 3586.403816 	 3809.454744
   16 	 2839.248362 	 3575.639044 	 3809.454744
   17 	 2839.248362 	 3596.277984 	 3829.214824
   18 	 400.743984 	 3563.393747 	 3829.214824
   19 	 2839.248362 	 3580.972516 	 3829.214824
   20 	 401.636651 	 3537.114490 	 3829.214824
   21 	 401.916659 	 3574.127594 	 3670.320503
   22 	 3350.677977 	 3614.417279 	 3816.877615
   23 	 3342.212009 	 3622.911570 	 3816.877615
   24 	 3498.289752 	 3636.888154 	 3816.877615
   25 	 3498.249864 	 3631.937111 	 3816.877615
   26 	 3498.289752 	 3638.176746 	 3816.877615
   27 	 3498.289752 	 3636.907513 	 3809.534904
   28 	 3498.289752 	 3640.156561 	 3809.534904
   29 	 3498.289752 	 3641.980557 	 3809.534904
   30 	 3498.289752 	 3639.612001 	 3809.534904
   31 	 3081.790389 	 3636.429592 	 3660.709539
   32 	 3498.269792 	 3638.974209 	 3660.709539
   33 	 3498.289752 	 3641.934216 	 3660.709539
   34 	 3498.289752 	 3637.354422 	 3660.709539
   35 	 3360.267563 	 3642.042643 	 3809.534904
   36 	 3360.267563 	 3646.561469 	 3651.136794
   37 	 3360.267563 	 3646.561681 	 3651.136794
   38 	 3498.369912 	 3649.471175 	 3651.136794
   39 	 3650.896314 	 3650.995227 	 3651.136794
   40 	 400.743984 	 3618.493509 	 3651.136794
   41 	 3650.896314 	 3650.999232 	 3651.136794
   42 	 3644.942554 	 3650.936709 	 3651.136794
   43 	 3644.942554 	 3650.753888 	 3651.136794
   44 	 3644.942554 	 3650.834162 	 3653.371270
   45 	 3644.942554 	 3650.638027 	 3651.116578
   46 	 3644.942554 	 3650.639441 	 3651.136794
   47 	 3644.942554 	 3650.755640 	 3651.136794
   48 	 3644.942554 	 3650.875760 	 3651.157042
   49 	 3650.896314 	 3651.000021 	 3651.096394
 