   0 	 2.206777 	 526.601974 	 3327.001558
    1 	 31.916914 	 1601.980457 	 3341.838032
    2 	 314.582964 	 2204.306535 	 3530.107881
    3 	 606.499911 	 2700.305692 	 3514.647098
    4 	 772.733834 	 2727.531075 	 3621.621270
    5 	 269.202301 	 2778.123713 	 3621.621270
    6 	 1641.088065 	 2961.634456 	 3621.621270
    7 	 302.201295 	 2992.726950 	 3621.621270
    8 	 331.453793 	 3020.183432 	 3621.621270
    9 	 927.247956 	 3156.229330 	 3621.621270
   10 	 763.206517 	 3135.064104 	 3621.621270
   11 	 971.743187 	 3178.063397 	 3621.621270
   12 	 2399.497395 	 3246.287897 	 3621.621270
   13 	 788.492296 	 3200.273880 	 3621.621270
   14 	 788.492296 	 3258.931105 	 3735.817483
   15 	 1724.475043 	 3294.590714 	 3621.621270
   16 	 1724.475043 	 3266.770372 	 3621.621270
   17 	 311.159271 	 3258.103483 	 3656.862820
   18 	 297.476586 	 3240.404821 	 3660.397917
   19 	 860.416234 	 3256.667527 	 3621.621270
   20 	 861.973743 	 3321.042761 	 3656.821556
   21 	 861.973743 	 3275.408638 	 3659.926966
   22 	 303.820986 	 3237.493552 	 3621.621270
   23 	 1834.952825 	 3299.819318 	 3621.621270
   24 	 2151.445456 	 3334.943482 	 3616.635504
   25 	 871.048368 	 3306.329821 	 3616.635504
   26 	 3242.920623 	 3376.423978 	 3602.380266
   27 	 3114.668164 	 3363.125019 	 3602.380266
   28 	 3236.625194 	 3384.606326 	 3621.287959
   29 	 3246.139042 	 3400.807707 	 3621.287959
   30 	 348.212567 	 3293.806130 	 3621.287959
   31 	 3251.837771 	 3407.113864 	 3641.062851
   32 	 871.048368 	 3362.887175 	 3641.058275
   33 	 883.729892 	 3156.902455 	 3641.058275
   34 	 891.856356 	 3244.972295 	 3641.058275
   35 	 348.967689 	 3273.784281 	 3641.058275
   36 	 1827.637147 	 3353.793947 	 3797.163210
   37 	 787.856923 	 3276.617518 	 3797.163210
   38 	 787.856923 	 3301.232179 	 3797.163210
   39 	 871.048368 	 3324.093352 	 3797.163210
   40 	 352.547478 	 3290.531495 	 3797.163210
   41 	 354.585155 	 3387.835818 	 3797.418954
   42 	 928.904652 	 3355.979391 	 3797.759910
   43 	 2327.130775 	 3392.038592 	 3641.425599
   44 	 2635.382854 	 3413.961782 	 3641.425599
   45 	 348.643953 	 3350.254731 	 3660.988892
   46 	 2635.382854 	 3359.574433 	 3641.643491
   47 	 2635.382854 	 3394.235499 	 3641.643491
   48 	 861.660065 	 3278.883493 	 3641.654975
   49 	 1939.031220 	 3416.975531 	 3641.643491
 