   0 	 1.221797 	 487.843830 	 3630.530720
    1 	 12.863136 	 1408.361404 	 3630.530720
    2 	 288.544128 	 2341.516292 	 3640.174880
    3 	 323.676568 	 2932.643522 	 3630.689137
    4 	 281.403877 	 3051.746203 	 3630.530720
    5 	 1650.839840 	 3218.709625 	 3630.530720
    6 	 1650.839840 	 3313.328315 	 3630.530720
    7 	 1535.010848 	 3330.531072 	 3630.689137
    8 	 787.487640 	 3287.308375 	 3630.689137
    9 	 1890.890345 	 3415.146245 	 3630.689137
   10 	 2409.659883 	 3450.175075 	 3630.689137
   11 	 2409.659883 	 3463.881388 	 3630.698272
   12 	 2409.710414 	 3532.840253 	 3630.722720
   13 	 3046.704909 	 3561.652714 	 3693.446560
   14 	 3252.953611 	 3564.848180 	 3693.446560
   15 	 3219.151923 	 3571.609961 	 3693.414385
   16 	 3219.151923 	 3581.341993 	 3693.414385
   17 	 2434.286611 	 3567.711897 	 3693.414385
   18 	 2574.857545 	 3534.089709 	 3693.446560
   19 	 3218.691482 	 3575.433292 	 3693.446560
   20 	 2547.010440 	 3581.889673 	 3631.022825
   21 	 2547.010440 	 3562.944430 	 3631.022825
   22 	 2914.268320 	 3574.861378 	 3632.296096
   23 	 3255.260320 	 3572.738304 	 3634.585760
   24 	 3255.652512 	 3577.608746 	 3632.296096
   25 	 3255.652512 	 3578.839642 	 3635.240096
   26 	 3327.471476 	 3578.302811 	 3634.585760
   27 	 3327.471476 	 3588.977557 	 3634.585760
   28 	 3327.471476 	 3572.208545 	 3634.585760
   29 	 3327.462725 	 3578.431717 	 3634.585760
   30 	 3327.462725 	 3561.919515 	 3630.922912
   31 	 3327.462725 	 3573.508126 	 3630.922912
   32 	 3327.471476 	 3579.638455 	 3630.922912
   33 	 3327.471476 	 3582.646213 	 3630.922912
   34 	 3327.471476 	 3570.462832 	 3630.722720
   35 	 3327.471476 	 3554.890270 	 3630.698272
   36 	 3327.471476 	 3567.142253 	 3630.698272
   37 	 3327.471476 	 3584.023457 	 3630.722720
   38 	 3327.471476 	 3573.583330 	 3630.698272
   39 	 3327.471476 	 3582.707617 	 3630.698272
   40 	 3327.471476 	 3576.850361 	 3630.922912
   41 	 3327.471476 	 3572.396593 	 3631.794497
   42 	 3326.947700 	 3576.943759 	 3630.922912
   43 	 3326.947700 	 3581.464243 	 3630.922912
   44 	 3326.947700 	 3573.729237 	 3630.698272
   45 	 3326.947700 	 3582.771788 	 3630.698272
   46 	 3327.494900 	 3581.173731 	 3631.365137
   47 	 3475.017125 	 3591.939144 	 3632.004721
   48 	 3475.794644 	 3593.510234 	 3632.004721
   49 	 3475.794644 	 3598.172351 	 3632.004721
 