   0 	 0.774217 	 518.142427 	 2835.942701
    1 	 2.995912 	 1450.793074 	 2994.926899
    2 	 240.303459 	 2068.324512 	 3259.573421
    3 	 24.516213 	 2273.153123 	 3334.644260
    4 	 231.905346 	 2534.050983 	 3634.162601
    5 	 789.706513 	 2709.500327 	 3634.162601
    6 	 118.677421 	 2829.444040 	 3693.873030
    7 	 2144.220539 	 2893.005124 	 3693.873030
    8 	 2158.672620 	 2915.378285 	 3831.533417
    9 	 1181.214542 	 2918.897436 	 3824.116500
   10 	 912.717757 	 2927.587167 	 3824.116500
   11 	 223.717411 	 2869.401447 	 3824.116500
   12 	 1917.276493 	 2955.546144 	 3824.116500
   13 	 1003.763065 	 2971.270174 	 3824.116500
   14 	 697.693646 	 2968.721855 	 3824.116500
   15 	 697.693646 	 3010.931252 	 3824.116500
   16 	 2158.606891 	 3105.298637 	 3824.116500
   17 	 987.811220 	 3118.302878 	 3824.116500
   18 	 2704.610620 	 3141.270219 	 3849.419177
   19 	 1899.740906 	 3149.370379 	 3849.419177
   20 	 1063.649263 	 3148.365515 	 3849.419177
   21 	 365.662307 	 3113.850860 	 3849.419177
   22 	 2603.635709 	 3269.870682 	 3859.342711
   23 	 2337.428533 	 3335.303101 	 3864.120104
   24 	 2226.833112 	 3397.965760 	 3864.120104
   25 	 2226.833112 	 3444.842617 	 3864.120104
   26 	 2226.833112 	 3475.821151 	 3864.120104
   27 	 2226.833112 	 3492.392458 	 3889.190114
   28 	 2819.006234 	 3541.209042 	 3889.190114
   29 	 2788.105841 	 3598.760568 	 3889.190114
   30 	 2788.105841 	 3587.536419 	 3889.638754
   31 	 2959.538618 	 3605.031543 	 3889.638754
   32 	 1905.536965 	 3585.499788 	 3889.638754
   33 	 1905.536965 	 3590.487699 	 3889.638754
   34 	 1905.536965 	 3639.029914 	 3869.690519
   35 	 410.653139 	 3645.547729 	 3864.716240
   36 	 2991.463971 	 3722.075951 	 3864.716240
   37 	 2991.463971 	 3734.399668 	 3864.716240
   38 	 3154.557659 	 3765.376883 	 3873.338120
   39 	 3153.038043 	 3771.134604 	 3873.338120
   40 	 3153.038043 	 3766.980254 	 3873.338120
   41 	 3150.792904 	 3756.945050 	 3891.468527
   42 	 3150.792904 	 3762.888055 	 3878.419702
   43 	 3150.341704 	 3757.676383 	 3881.925420
   44 	 3150.341704 	 3759.821361 	 3896.255778
   45 	 3150.341704 	 3772.832981 	 3896.255778
   46 	 3150.792904 	 3800.728555 	 3896.255778
   47 	 2670.974270 	 3800.777999 	 3896.255778
   48 	 3150.792904 	 3807.069843 	 3896.255778
   49 	 3220.667777 	 3820.657995 	 3896.255778
 