   0 	 0.612455 	 541.217119 	 3402.131432
    1 	 23.700106 	 1337.534421 	 3402.131432
    2 	 69.944278 	 2024.402470 	 3493.992089
    3 	 386.972431 	 2271.368718 	 3493.992089
    4 	 1061.531574 	 2633.199556 	 3414.966681
    5 	 1584.054630 	 2884.425344 	 3688.543090
    6 	 1584.054630 	 3022.789127 	 3688.543090
    7 	 1537.550069 	 3166.509826 	 3655.463692
    8 	 1537.550069 	 3198.029032 	 3655.463692
    9 	 1537.550069 	 3261.773561 	 3655.463692
   10 	 1537.550069 	 3255.777516 	 3655.463692
   11 	 2339.545648 	 3303.207246 	 3655.463692
   12 	 2339.545648 	 3307.687366 	 3655.463692
   13 	 3110.255387 	 3334.148244 	 3655.463692
   14 	 421.506660 	 3314.320316 	 3665.159895
   15 	 3065.833755 	 3342.040748 	 3665.159895
   16 	 3066.937755 	 3342.740441 	 3665.159895
   17 	 3066.937755 	 3339.366282 	 3665.159895
   18 	 3059.123203 	 3344.312227 	 3674.993577
   19 	 3059.123203 	 3352.747286 	 3674.993577
   20 	 2996.528744 	 3347.073112 	 3674.993577
   21 	 2996.528744 	 3334.188570 	 3665.258770
   22 	 2998.716626 	 3346.793609 	 3665.300409
   23 	 2998.716626 	 3359.850209 	 3665.258770
   24 	 2315.192734 	 3380.678539 	 3665.260254
   25 	 3066.937755 	 3376.792181 	 3672.296280
   26 	 3061.219739 	 3401.210533 	 3672.296280
   27 	 3061.219739 	 3392.853705 	 3666.116084
   28 	 3061.219739 	 3394.045607 	 3666.116084
   29 	 3061.219739 	 3411.053858 	 3666.116084
   30 	 3061.219739 	 3382.492852 	 3674.965254
   31 	 3061.219739 	 3385.501294 	 3674.965254
   32 	 3065.764251 	 3419.488909 	 3674.965254
   33 	 3065.764251 	 3420.924474 	 3706.433221
   34 	 3120.282114 	 3459.762068 	 3706.433221
   35 	 2979.054491 	 3486.459790 	 3706.433221
   36 	 2979.054491 	 3505.728043 	 3706.433221
   37 	 2952.939112 	 3495.012625 	 3706.716357
   38 	 2952.939112 	 3519.300086 	 3706.716357
   39 	 3269.406798 	 3538.842038 	 3706.433221
   40 	 3269.406798 	 3551.762982 	 3706.433221
   41 	 3280.850206 	 3562.921111 	 3706.433221
   42 	 3249.920032 	 3556.402775 	 3706.433221
   43 	 3249.920032 	 3590.166119 	 3706.433221
   44 	 3249.920032 	 3578.274928 	 3706.433221
   45 	 3279.518359 	 3605.702190 	 3706.433221
   46 	 3279.518359 	 3607.038824 	 3708.989883
   47 	 2593.870144 	 3613.045608 	 3708.989883
   48 	 3353.229906 	 3640.133322 	 3708.989883
   49 	 3392.738075 	 3653.521453 	 3708.989883
 