   0 	 0.288721 	 573.511222 	 3631.307065
    1 	 2.867236 	 1894.673445 	 3631.307065
    2 	 181.737361 	 2548.182313 	 3703.335541
    3 	 76.838191 	 2638.222497 	 3703.335541
    4 	 497.221040 	 2868.680000 	 3718.721404
    5 	 992.306095 	 3142.045643 	 3762.519211
    6 	 1912.090791 	 3245.072704 	 3718.721404
    7 	 346.019824 	 3314.183824 	 3718.729844
    8 	 493.424201 	 3330.681796 	 3718.729844
    9 	 940.115300 	 3469.799330 	 3718.729844
   10 	 940.115300 	 3478.287148 	 3718.729844
   11 	 372.221436 	 3461.406268 	 3718.729844
   12 	 2768.224956 	 3529.754089 	 3718.729844
   13 	 1957.621751 	 3488.015225 	 3718.729844
   14 	 859.935120 	 3457.180207 	 3718.729844
   15 	 371.701369 	 3459.174513 	 3718.729844
   16 	 1957.621751 	 3489.038086 	 3675.920997
   17 	 938.760868 	 3470.335670 	 3675.920997
   18 	 873.266370 	 3393.680349 	 3675.920997
   19 	 811.052694 	 3323.804153 	 3675.920997
   20 	 856.109927 	 3406.744922 	 3695.781867
   21 	 856.109927 	 3529.473131 	 3695.781867
   22 	 856.109927 	 3493.643985 	 3695.781867
   23 	 940.998233 	 3517.310493 	 3723.487047
   24 	 3382.473339 	 3554.125630 	 3695.781867
   25 	 341.511673 	 3480.996860 	 3696.053067
   26 	 3287.659945 	 3543.035689 	 3715.183288
   27 	 2726.455436 	 3529.199877 	 3715.183288
   28 	 2726.455436 	 3522.547865 	 3715.183288
   29 	 347.443860 	 3406.926926 	 3647.442909
   30 	 347.844597 	 3330.629760 	 3647.442909
   31 	 2849.541854 	 3524.222169 	 3680.835766
   32 	 1880.147258 	 3488.501170 	 3680.835766
   33 	 3160.548905 	 3530.741546 	 3699.747275
   34 	 1783.854349 	 3507.697952 	 3647.528445
   35 	 1783.854349 	 3520.331922 	 3647.528445
   36 	 386.793710 	 3431.137765 	 3647.528445
   37 	 1776.433261 	 3486.281508 	 3647.528445
   38 	 374.507775 	 3468.927543 	 3694.681317
   39 	 964.066174 	 3497.558544 	 3694.681317
   40 	 389.030410 	 3487.073959 	 3694.681317
   41 	 372.529118 	 3497.250838 	 3694.681317
   42 	 3274.522585 	 3561.877083 	 3694.681317
   43 	 2767.898253 	 3531.677324 	 3694.681317
   44 	 2768.329869 	 3538.094555 	 3694.681317
   45 	 2768.329869 	 3530.043840 	 3694.681317
   46 	 1960.097310 	 3523.366084 	 3694.681317
   47 	 912.720026 	 3454.728599 	 3694.681317
   48 	 1896.044573 	 3454.063101 	 3704.573498
   49 	 391.024354 	 3471.387190 	 3704.577290
 