   0 	 0.440027 	 613.290713 	 3210.392792
    1 	 45.561984 	 1565.525948 	 3425.692426
    2 	 45.561984 	 2125.618963 	 3589.151918
    3 	 599.920601 	 2524.664284 	 3425.692426
    4 	 738.180422 	 2655.502639 	 3656.942940
    5 	 1069.849778 	 2873.746011 	 3779.938789
    6 	 1792.480274 	 2938.422409 	 3656.942940
    7 	 361.309231 	 2913.677185 	 3656.942940
    8 	 361.178832 	 2949.724050 	 3656.942940
    9 	 361.309231 	 3054.569119 	 3502.624206
   10 	 216.642540 	 3062.718399 	 3502.624206
   11 	 1520.837598 	 3161.636993 	 3573.890405
   12 	 2554.337483 	 3187.573569 	 3799.638069
   13 	 2554.337483 	 3160.525506 	 3582.214595
   14 	 2014.152221 	 3139.719697 	 3682.210389
   15 	 2071.921523 	 3193.622603 	 3750.777258
   16 	 2554.337483 	 3186.775912 	 3682.210389
   17 	 2633.478043 	 3243.768671 	 3682.210389
   18 	 987.461060 	 3221.051793 	 3683.224164
   19 	 652.708866 	 3141.889892 	 3682.210389
   20 	 2633.478043 	 3291.815193 	 3682.210389
   21 	 2633.478043 	 3314.080984 	 3682.210389
   22 	 1947.407455 	 3278.696655 	 3682.210389
   23 	 1947.407455 	 3307.740093 	 3682.210389
   24 	 1810.212543 	 3245.563067 	 3799.633989
   25 	 395.346653 	 3240.114390 	 3799.633989
   26 	 395.346653 	 3242.016635 	 3799.633989
   27 	 856.687833 	 3284.599548 	 3810.019619
   28 	 866.083046 	 3334.600395 	 3799.633989
   29 	 866.083046 	 3351.802018 	 3810.019619
   30 	 866.083046 	 3333.491164 	 3799.633989
   31 	 3092.466296 	 3366.118814 	 3799.635341
   32 	 3102.850476 	 3369.619133 	 3799.633989
   33 	 3102.850476 	 3344.403847 	 3799.633989
   34 	 3102.850476 	 3341.366781 	 3799.633989
   35 	 2654.140575 	 3345.966106 	 3799.633989
   36 	 3120.377928 	 3365.431358 	 3799.633989
   37 	 3120.377928 	 3348.284656 	 3494.081719
   38 	 3120.377928 	 3362.761274 	 3531.971009
   39 	 2852.472900 	 3357.763949 	 3494.081719
   40 	 2852.472900 	 3357.481665 	 3494.081719
   41 	 3102.528556 	 3359.040258 	 3500.545060
   42 	 2332.500211 	 3368.081613 	 3500.545060
   43 	 3210.380768 	 3389.044439 	 3500.545060
   44 	 3210.391424 	 3387.629569 	 3500.545060
   45 	 3210.391424 	 3382.920664 	 3500.450212
   46 	 3174.230519 	 3387.498412 	 3500.450212
   47 	 3174.230519 	 3397.252554 	 3500.526636
   48 	 3214.120664 	 3391.980078 	 3500.450212
   49 	 3210.282712 	 3409.581289 	 3500.450212
 