   0 	 0.053369 	 505.451067 	 3217.165847
    1 	 69.412713 	 1566.081278 	 3428.921889
    2 	 156.907956 	 2095.488414 	 3428.921889
    3 	 1006.127307 	 2421.179813 	 3575.364319
    4 	 212.840721 	 2585.184786 	 3575.364319
    5 	 1006.127307 	 2703.032515 	 3757.602786
    6 	 1496.017055 	 2852.282522 	 3757.602786
    7 	 51.130901 	 2900.734809 	 3757.602786
    8 	 309.434850 	 3071.509309 	 3757.602786
    9 	 1992.683940 	 3158.911442 	 3757.602786
   10 	 1992.683940 	 3197.137304 	 3771.810363
   11 	 2295.726963 	 3328.546623 	 3757.602786
   12 	 2295.767731 	 3380.583152 	 3779.702211
   13 	 2211.536560 	 3434.549075 	 3779.702211
   14 	 2295.767731 	 3459.591437 	 3786.975167
   15 	 2295.767731 	 3459.295246 	 3838.747348
   16 	 2774.089116 	 3518.077432 	 3838.747348
   17 	 408.867397 	 3533.373698 	 3838.747348
   18 	 2938.544949 	 3571.708771 	 3843.704897
   19 	 2938.544949 	 3591.283212 	 3843.704897
   20 	 2471.700485 	 3563.984222 	 3866.053467
   21 	 2471.700485 	 3580.331747 	 3786.975167
   22 	 2471.700485 	 3554.956271 	 3786.975167
   23 	 2470.686725 	 3539.365755 	 3838.737253
   24 	 2470.686725 	 3570.420851 	 3838.737253
   25 	 2548.836485 	 3555.209696 	 3843.802234
   26 	 3196.673039 	 3604.149102 	 3843.802234
   27 	 3196.673039 	 3622.957455 	 3843.802234
   28 	 3196.673039 	 3625.949965 	 3843.802234
   29 	 3196.673039 	 3648.372277 	 3843.802234
   30 	 3301.545028 	 3678.973420 	 3843.802234
   31 	 1715.175403 	 3685.481769 	 3843.802234
   32 	 3359.292489 	 3698.193915 	 3843.802234
   33 	 1863.157484 	 3709.616620 	 3843.802234
   34 	 3359.292489 	 3718.169664 	 3852.212232
   35 	 2644.498666 	 3713.017445 	 3852.212232
   36 	 3359.292489 	 3726.490055 	 3843.968978
   37 	 3359.292489 	 3733.226436 	 3843.968978
   38 	 3359.292489 	 3734.992954 	 3843.968978
   39 	 3359.036934 	 3731.101469 	 3843.968978
   40 	 3359.036934 	 3744.971014 	 3843.968978
   41 	 3452.376598 	 3741.865503 	 3843.968978
   42 	 3452.376598 	 3734.557799 	 3843.968978
   43 	 3452.379637 	 3736.718465 	 3843.968978
   44 	 384.138110 	 3702.930295 	 3849.814994
   45 	 3450.069493 	 3734.282906 	 3843.694802
   46 	 1865.287186 	 3719.691175 	 3843.694802
   47 	 1865.287186 	 3728.297107 	 3831.046977
   48 	 3465.259378 	 3733.502155 	 3831.046977
   49 	 3461.780964 	 3744.793312 	 3831.046977
 