   0 	 0.198890 	 515.275633 	 3246.298105
    1 	 18.464500 	 1425.411996 	 3296.231006
    2 	 83.529297 	 2108.127413 	 3296.231006
    3 	 578.980433 	 2476.510863 	 3313.043082
    4 	 595.471621 	 2803.334102 	 3540.958087
    5 	 1669.176146 	 2846.486285 	 3763.306962
    6 	 1082.032215 	 2856.209803 	 3763.306962
    7 	 313.590921 	 2855.857235 	 3763.306962
    8 	 380.787346 	 2887.037569 	 3773.294971
    9 	 380.787346 	 2947.739502 	 3772.695931
   10 	 1799.182852 	 2993.179814 	 3763.306962
   11 	 1484.433076 	 2945.155707 	 3763.306962
   12 	 1484.433076 	 2988.114245 	 3763.324155
   13 	 2384.440738 	 3004.965735 	 3763.324155
   14 	 1983.819122 	 3013.355340 	 3864.926190
   15 	 2135.208926 	 3090.602073 	 3864.926190
   16 	 2135.208926 	 3169.955777 	 3864.926190
   17 	 222.679231 	 3130.208480 	 3864.926190
   18 	 346.990186 	 3203.255180 	 3864.926190
   19 	 404.579035 	 3304.524872 	 3864.926190
   20 	 1491.715781 	 3312.224232 	 3864.926190
   21 	 1491.715781 	 3324.381105 	 3866.169660
   22 	 1643.660741 	 3431.678911 	 3866.839374
   23 	 694.749732 	 3395.796885 	 3875.098666
   24 	 1653.140306 	 3437.560617 	 3867.067374
   25 	 1653.140306 	 3490.646365 	 3867.067374
   26 	 200.832606 	 3454.125139 	 3867.067374
   27 	 1906.795196 	 3673.685356 	 3867.067374
   28 	 2892.572679 	 3710.193017 	 3876.001834
   29 	 2892.572679 	 3752.592965 	 3876.001834
   30 	 2928.673984 	 3766.371800 	 3876.001834
   31 	 3110.129377 	 3786.654525 	 3876.001834
   32 	 3544.019307 	 3806.071522 	 3876.001834
   33 	 1953.736767 	 3779.565954 	 3876.001834
   34 	 3589.045130 	 3816.411358 	 3876.001834
   35 	 3589.045130 	 3813.966953 	 3876.001834
   36 	 962.146800 	 3755.820041 	 3876.001834
   37 	 962.146800 	 3761.227251 	 3876.001834
   38 	 964.717598 	 3794.063275 	 3876.001834
   39 	 964.717598 	 3793.173884 	 3876.001834
   40 	 3589.045130 	 3822.452675 	 3876.001834
   41 	 3252.253713 	 3798.302806 	 3876.001834
   42 	 3252.253713 	 3799.308842 	 3876.001834
   43 	 3252.253713 	 3793.059792 	 3876.001834
   44 	 3252.253713 	 3781.224511 	 3876.001834
   45 	 3252.253713 	 3762.730820 	 3886.456129
   46 	 3252.253713 	 3787.566178 	 3886.456129
   47 	 3521.465510 	 3784.083339 	 3881.229984
   48 	 3521.465510 	 3793.003827 	 3881.229984
   49 	 3521.465510 	 3795.425416 	 3886.456129
 