   0 	 1.210381 	 504.770992 	 2617.395205
    1 	 7.868304 	 1441.602113 	 2617.395205
    2 	 116.209014 	 1951.015426 	 3759.868850
    3 	 576.838004 	 2026.953993 	 3521.282810
    4 	 744.812923 	 2116.370623 	 3521.282810
    5 	 744.812923 	 2265.148242 	 3530.781850
    6 	 1137.224010 	 2401.910580 	 3521.282810
    7 	 1623.618696 	 2503.421086 	 3521.282810
    8 	 538.480399 	 2538.782399 	 3525.799168
    9 	 1757.705774 	 2655.310394 	 3521.452997
   10 	 1832.444339 	 2934.129017 	 3637.321970
   11 	 142.965804 	 2978.500739 	 3637.321970
   12 	 1832.444339 	 3119.882852 	 3637.321970
   13 	 1619.888512 	 3096.977768 	 3792.094330
   14 	 1832.444339 	 3151.277973 	 3637.636082
   15 	 1787.557455 	 3217.704734 	 3758.779257
   16 	 1787.557455 	 3322.068647 	 3758.779257
   17 	 628.583184 	 3333.419030 	 3758.779257
   18 	 886.877335 	 3312.832549 	 3758.779257
   19 	 2604.104083 	 3400.096851 	 3793.325810
   20 	 896.932789 	 3414.630031 	 3793.325810
   21 	 1148.769991 	 3460.819187 	 3754.242277
   22 	 1148.769991 	 3470.415517 	 3754.242277
   23 	 2859.591809 	 3509.258290 	 3752.792570
   24 	 3022.844274 	 3534.739789 	 3752.792570
   25 	 3022.844274 	 3544.111696 	 3752.792570
   26 	 3022.844274 	 3538.331501 	 3752.792570
   27 	 3022.844274 	 3551.907276 	 3784.283095
   28 	 3022.844274 	 3543.383863 	 3752.792570
   29 	 3022.844274 	 3540.496258 	 3754.017650
   30 	 3156.051257 	 3550.308695 	 3754.017650
   31 	 3156.051257 	 3543.988768 	 3754.017650
   32 	 3511.089770 	 3553.540901 	 3642.535216
   33 	 3511.654466 	 3553.901655 	 3642.532635
   34 	 3511.654466 	 3555.497743 	 3642.532635
   35 	 3224.362594 	 3547.519141 	 3642.532635
   36 	 2460.591398 	 3534.151195 	 3642.882096
   37 	 2939.986922 	 3549.153647 	 3642.882096
   38 	 3511.654466 	 3560.892812 	 3642.532635
   39 	 3473.399665 	 3563.829317 	 3642.532635
   40 	 3473.390345 	 3557.844248 	 3641.423560
   41 	 3473.385697 	 3557.358777 	 3641.444616
   42 	 3473.385697 	 3550.083833 	 3641.444616
   43 	 3473.385697 	 3553.148661 	 3641.444616
   44 	 3473.385697 	 3556.041463 	 3641.444616
   45 	 3473.385697 	 3544.597146 	 3641.423560
   46 	 3223.506130 	 3543.634072 	 3641.423560
   47 	 3224.067282 	 3542.630907 	 3645.044837
   48 	 3224.067282 	 3547.169518 	 3645.044837
   49 	 3224.067282 	 3542.466795 	 3645.044837
 