   0 	 0.000052 	 0.019213 	 0.081776
    1 	 0.000304 	 0.064114 	 0.081784
    2 	 0.000528 	 0.073270 	 0.081784
    3 	 0.014186 	 0.076127 	 0.081784
    4 	 0.035031 	 0.077176 	 0.081784
    5 	 0.033183 	 0.077981 	 0.081784
    6 	 0.033183 	 0.078848 	 0.081784
    7 	 0.040984 	 0.078805 	 0.081784
    8 	 0.033183 	 0.079579 	 0.081784
    9 	 0.049623 	 0.079866 	 0.081784
   10 	 0.064620 	 0.080569 	 0.081784
   11 	 0.000685 	 0.079657 	 0.081784
   12 	 0.043085 	 0.080627 	 0.081784
   13 	 0.005795 	 0.079906 	 0.081784
   14 	 0.074391 	 0.081495 	 0.081784
   15 	 0.074391 	 0.081526 	 0.081784
   16 	 0.080668 	 0.081572 	 0.081784
   17 	 0.080999 	 0.081606 	 0.081784
   18 	 0.008249 	 0.080866 	 0.081784
   19 	 0.080668 	 0.081581 	 0.081784
   20 	 0.047415 	 0.081276 	 0.081776
   21 	 0.080668 	 0.081636 	 0.081776
   22 	 0.040984 	 0.081242 	 0.081784
   23 	 0.080999 	 0.081626 	 0.081784
   24 	 0.080999 	 0.081602 	 0.081784
   25 	 0.080999 	 0.081620 	 0.081776
   26 	 0.080999 	 0.081628 	 0.081776
   27 	 0.080999 	 0.081632 	 0.081776
   28 	 0.033183 	 0.081164 	 0.081776
   29 	 0.005795 	 0.080421 	 0.081776
   30 	 0.033183 	 0.080860 	 0.081776
   31 	 0.058435 	 0.081415 	 0.081784
   32 	 0.080999 	 0.081643 	 0.081784
   33 	 0.000706 	 0.080472 	 0.081776
   34 	 0.062628 	 0.081233 	 0.081776
   35 	 0.080668 	 0.081632 	 0.081776
   36 	 0.040984 	 0.081227 	 0.081784
   37 	 0.049623 	 0.081313 	 0.081784
   38 	 0.010762 	 0.080941 	 0.081784
   39 	 0.080999 	 0.081668 	 0.081784
   40 	 0.000685 	 0.080068 	 0.081784
   41 	 0.000609 	 0.080871 	 0.081784
   42 	 0.081452 	 0.081680 	 0.081784
   43 	 0.081452 	 0.081689 	 0.081784
   44 	 0.081452 	 0.081684 	 0.081784
   45 	 0.081452 	 0.081696 	 0.081784
   46 	 0.000609 	 0.080167 	 0.081784
   47 	 0.081593 	 0.081699 	 0.081784
   48 	 0.081452 	 0.081691 	 0.081784
   49 	 0.081452 	 0.081699 	 0.081776
 