   0 	 0.000054 	 0.017345 	 0.081776
    1 	 0.008249 	 0.067864 	 0.081776
    2 	 0.000645 	 0.073124 	 0.081776
    3 	 0.035031 	 0.076039 	 0.081776
    4 	 0.035031 	 0.077410 	 0.081784
    5 	 0.056263 	 0.079468 	 0.081784
    6 	 0.056263 	 0.079771 	 0.081784
    7 	 0.068330 	 0.080234 	 0.081784
    8 	 0.070027 	 0.080641 	 0.081784
    9 	 0.070027 	 0.081189 	 0.081784
   10 	 0.068330 	 0.081273 	 0.081784
   11 	 0.000685 	 0.080699 	 0.081784
   12 	 0.031409 	 0.081061 	 0.081776
   13 	 0.060562 	 0.081242 	 0.081776
   14 	 0.060562 	 0.080702 	 0.081776
   15 	 0.000645 	 0.079141 	 0.081784
   16 	 0.049623 	 0.080795 	 0.081776
   17 	 0.070027 	 0.081146 	 0.081776
   18 	 0.066525 	 0.081172 	 0.081776
   19 	 0.006395 	 0.080190 	 0.081776
   20 	 0.071606 	 0.081351 	 0.081776
   21 	 0.066525 	 0.081462 	 0.081776
   22 	 0.066525 	 0.081453 	 0.081776
   23 	 0.071606 	 0.081522 	 0.081776
   24 	 0.071606 	 0.081200 	 0.081776
   25 	 0.080999 	 0.081621 	 0.081776
   26 	 0.081257 	 0.081651 	 0.081776
   27 	 0.081452 	 0.081662 	 0.081776
   28 	 0.081257 	 0.081663 	 0.081776
   29 	 0.000773 	 0.080603 	 0.081776
   30 	 0.058435 	 0.081445 	 0.081776
   31 	 0.010762 	 0.080965 	 0.081776
   32 	 0.010762 	 0.080966 	 0.081776
   33 	 0.081452 	 0.081681 	 0.081776
   34 	 0.080256 	 0.081665 	 0.081776
   35 	 0.058435 	 0.081443 	 0.081776
   36 	 0.058435 	 0.081440 	 0.081776
   37 	 0.010762 	 0.080726 	 0.081756
   38 	 0.058435 	 0.081205 	 0.081756
   39 	 0.000773 	 0.080400 	 0.081776
   40 	 0.081654 	 0.081673 	 0.081756
   41 	 0.081654 	 0.081670 	 0.081756
   42 	 0.079753 	 0.081650 	 0.081747
   43 	 0.010762 	 0.080928 	 0.081776
   44 	 0.010762 	 0.080957 	 0.081776
   45 	 0.008249 	 0.080942 	 0.081776
   46 	 0.080256 	 0.081662 	 0.081776
   47 	 0.058435 	 0.081431 	 0.081776
   48 	 0.079753 	 0.081650 	 0.081776
   49 	 0.079753 	 0.081628 	 0.081776
 