   0 	 0.000050 	 0.017356 	 0.081776
    1 	 0.000513 	 0.066425 	 0.081784
    2 	 0.004785 	 0.076616 	 0.081776
    3 	 0.051842 	 0.079123 	 0.081784
    4 	 0.000558 	 0.078497 	 0.081776
    5 	 0.060562 	 0.080052 	 0.081784
    6 	 0.068330 	 0.080527 	 0.081776
    7 	 0.068330 	 0.080930 	 0.081776
    8 	 0.071606 	 0.080835 	 0.081776
    9 	 0.068330 	 0.080741 	 0.081776
   10 	 0.068330 	 0.080807 	 0.081776
   11 	 0.062628 	 0.080945 	 0.081776
   12 	 0.062628 	 0.080885 	 0.081776
   13 	 0.060562 	 0.080856 	 0.081776
   14 	 0.070027 	 0.080817 	 0.081776
   15 	 0.070027 	 0.080337 	 0.081776
   16 	 0.068330 	 0.080480 	 0.081776
   17 	 0.068330 	 0.080345 	 0.081776
   18 	 0.009162 	 0.079874 	 0.081776
   19 	 0.035031 	 0.080352 	 0.081776
   20 	 0.068330 	 0.080737 	 0.081776
   21 	 0.068330 	 0.080992 	 0.081776
   22 	 0.000773 	 0.080186 	 0.081776
   23 	 0.054061 	 0.080953 	 0.081776
   24 	 0.058435 	 0.081105 	 0.081776
   25 	 0.078438 	 0.081618 	 0.081776
   26 	 0.000727 	 0.080774 	 0.081784
   27 	 0.006086 	 0.080721 	 0.081776
   28 	 0.000575 	 0.080764 	 0.081776
   29 	 0.000558 	 0.080710 	 0.081776
   30 	 0.080999 	 0.081679 	 0.081776
   31 	 0.068330 	 0.081554 	 0.081776
   32 	 0.009162 	 0.080424 	 0.081784
   33 	 0.000706 	 0.080206 	 0.081784
   34 	 0.068330 	 0.081431 	 0.081784
   35 	 0.068330 	 0.081546 	 0.081776
   36 	 0.000609 	 0.080861 	 0.081776
   37 	 0.081593 	 0.081675 	 0.081776
   38 	 0.081593 	 0.081669 	 0.081784
   39 	 0.000558 	 0.080820 	 0.081784
   40 	 0.078438 	 0.081600 	 0.081776
   41 	 0.078438 	 0.081605 	 0.081776
   42 	 0.022373 	 0.080998 	 0.081776
   43 	 0.081593 	 0.081663 	 0.081747
   44 	 0.081593 	 0.081666 	 0.081747
   45 	 0.081593 	 0.081669 	 0.081747
   46 	 0.081593 	 0.081671 	 0.081747
   47 	 0.081593 	 0.081668 	 0.081747
   48 	 0.081593 	 0.081671 	 0.081747
   49 	 0.081593 	 0.081672 	 0.081747
 