   0 	 0.000055 	 0.012993 	 0.081756
    1 	 0.000263 	 0.063015 	 0.081776
    2 	 0.026548 	 0.071631 	 0.081776
    3 	 0.026548 	 0.073321 	 0.081776
    4 	 0.049623 	 0.075508 	 0.081776
    5 	 0.016808 	 0.074781 	 0.081784
    6 	 0.015007 	 0.075101 	 0.081784
    7 	 0.013414 	 0.075611 	 0.081784
    8 	 0.015007 	 0.076929 	 0.081784
    9 	 0.023690 	 0.078370 	 0.081784
   10 	 0.062628 	 0.079031 	 0.081784
   11 	 0.062628 	 0.078869 	 0.081776
   12 	 0.060562 	 0.078593 	 0.081776
   13 	 0.062628 	 0.079088 	 0.081784
   14 	 0.060562 	 0.079373 	 0.081784
   15 	 0.066525 	 0.079811 	 0.081784
   16 	 0.003980 	 0.079205 	 0.081784
   17 	 0.066525 	 0.079976 	 0.081776
   18 	 0.058435 	 0.079740 	 0.081776
   19 	 0.007070 	 0.079533 	 0.081784
   20 	 0.064620 	 0.080598 	 0.081784
   21 	 0.064620 	 0.080810 	 0.081784
   22 	 0.064620 	 0.080535 	 0.081784
   23 	 0.064620 	 0.080609 	 0.081776
   24 	 0.064620 	 0.080812 	 0.081776
   25 	 0.070027 	 0.080899 	 0.081776
   26 	 0.000706 	 0.080139 	 0.081776
   27 	 0.000685 	 0.080045 	 0.081776
   28 	 0.066525 	 0.080785 	 0.081776
   29 	 0.066525 	 0.080788 	 0.081776
   30 	 0.066525 	 0.080793 	 0.081776
   31 	 0.066525 	 0.080861 	 0.081776
   32 	 0.068330 	 0.080632 	 0.081776
   33 	 0.068330 	 0.080196 	 0.081776
   34 	 0.060562 	 0.080186 	 0.081776
   35 	 0.073062 	 0.080952 	 0.081784
   36 	 0.073062 	 0.081159 	 0.081776
   37 	 0.010762 	 0.080336 	 0.081776
   38 	 0.071606 	 0.081042 	 0.081776
   39 	 0.004785 	 0.079988 	 0.081776
   40 	 0.062628 	 0.080712 	 0.081776
   41 	 0.064620 	 0.080569 	 0.081776
   42 	 0.064620 	 0.080266 	 0.081776
   43 	 0.056263 	 0.080040 	 0.081776
   44 	 0.071606 	 0.080329 	 0.081784
   45 	 0.071606 	 0.080474 	 0.081784
   46 	 0.073062 	 0.080849 	 0.081784
   47 	 0.068330 	 0.080906 	 0.081784
   48 	 0.070027 	 0.080839 	 0.081776
   49 	 0.070027 	 0.080906 	 0.081776
 