   0 	 0.000050 	 0.014226 	 0.081776
    1 	 0.000424 	 0.060774 	 0.081776
    2 	 0.006723 	 0.071722 	 0.081784
    3 	 0.022373 	 0.073261 	 0.081784
    4 	 0.033183 	 0.075272 	 0.081784
    5 	 0.033183 	 0.078537 	 0.081784
    6 	 0.000773 	 0.077777 	 0.081784
    7 	 0.064620 	 0.079439 	 0.081776
    8 	 0.045232 	 0.079967 	 0.081776
    9 	 0.054061 	 0.080468 	 0.081776
   10 	 0.004566 	 0.079639 	 0.081784
   11 	 0.056263 	 0.080386 	 0.081784
   12 	 0.056263 	 0.080644 	 0.081784
   13 	 0.000750 	 0.079360 	 0.081784
   14 	 0.000382 	 0.079904 	 0.081784
   15 	 0.047415 	 0.080118 	 0.081784
   16 	 0.047415 	 0.080244 	 0.081784
   17 	 0.031409 	 0.079970 	 0.081776
   18 	 0.047415 	 0.081176 	 0.081776
   19 	 0.075591 	 0.081531 	 0.081776
   20 	 0.073062 	 0.081573 	 0.081776
   21 	 0.066525 	 0.081512 	 0.081776
   22 	 0.066525 	 0.081416 	 0.081784
   23 	 0.066525 	 0.081511 	 0.081776
   24 	 0.081257 	 0.081655 	 0.081776
   25 	 0.081257 	 0.081669 	 0.081776
   26 	 0.081257 	 0.081686 	 0.081776
   27 	 0.081257 	 0.081687 	 0.081776
   28 	 0.038936 	 0.081152 	 0.081776
   29 	 0.079149 	 0.081656 	 0.081784
   30 	 0.080668 	 0.081679 	 0.081784
   31 	 0.080668 	 0.081676 	 0.081776
   32 	 0.006723 	 0.080207 	 0.081784
   33 	 0.080668 	 0.081668 	 0.081784
   34 	 0.080668 	 0.081678 	 0.081784
   35 	 0.081257 	 0.081676 	 0.081784
   36 	 0.081257 	 0.081676 	 0.081784
   37 	 0.051842 	 0.081370 	 0.081776
   38 	 0.080999 	 0.081659 	 0.081776
   39 	 0.080668 	 0.081645 	 0.081784
   40 	 0.080668 	 0.081648 	 0.081784
   41 	 0.035031 	 0.081170 	 0.081784
   42 	 0.038936 	 0.081211 	 0.081784
   43 	 0.081257 	 0.081661 	 0.081784
   44 	 0.005520 	 0.080901 	 0.081784
   45 	 0.081257 	 0.081693 	 0.081784
   46 	 0.081257 	 0.081697 	 0.081784
   47 	 0.080668 	 0.081690 	 0.081784
   48 	 0.006723 	 0.080925 	 0.081776
   49 	 0.006723 	 0.080939 	 0.081776
 