   0 	 0.000052 	 0.017615 	 0.081756
    1 	 0.002696 	 0.064599 	 0.081775
    2 	 0.021127 	 0.073953 	 0.081784
    3 	 0.000750 	 0.077195 	 0.081784
    4 	 0.047415 	 0.079078 	 0.081784
    5 	 0.047415 	 0.079327 	 0.081784
    6 	 0.056263 	 0.080446 	 0.081784
    7 	 0.064620 	 0.081175 	 0.081784
    8 	 0.062628 	 0.081359 	 0.081784
    9 	 0.080668 	 0.081586 	 0.081784
   10 	 0.080668 	 0.081608 	 0.081784
   11 	 0.056263 	 0.081354 	 0.081784
   12 	 0.056263 	 0.081386 	 0.081784
   13 	 0.008249 	 0.080924 	 0.081784
   14 	 0.056263 	 0.081377 	 0.081784
   15 	 0.000591 	 0.080048 	 0.081784
   16 	 0.035031 	 0.080575 	 0.081784
   17 	 0.035031 	 0.080636 	 0.081784
   18 	 0.000591 	 0.080309 	 0.081776
   19 	 0.056263 	 0.081362 	 0.081776
   20 	 0.056263 	 0.081326 	 0.081784
   21 	 0.078438 	 0.081534 	 0.081784
   22 	 0.079753 	 0.081556 	 0.081784
   23 	 0.079753 	 0.081533 	 0.081784
   24 	 0.071606 	 0.081426 	 0.081784
   25 	 0.071606 	 0.081440 	 0.081756
   26 	 0.009162 	 0.080532 	 0.081784
   27 	 0.000528 	 0.080440 	 0.081784
   28 	 0.064620 	 0.081177 	 0.081784
   29 	 0.000591 	 0.080549 	 0.081784
   30 	 0.064620 	 0.081384 	 0.081784
   31 	 0.008249 	 0.080695 	 0.081784
   32 	 0.008249 	 0.080679 	 0.081784
   33 	 0.005520 	 0.080488 	 0.081784
   34 	 0.005520 	 0.080533 	 0.081784
   35 	 0.000528 	 0.080406 	 0.081784
   36 	 0.064620 	 0.080983 	 0.081784
   37 	 0.000528 	 0.080617 	 0.081784
   38 	 0.071606 	 0.081400 	 0.081756
   39 	 0.071606 	 0.081500 	 0.081756
   40 	 0.071606 	 0.081500 	 0.081756
   41 	 0.038936 	 0.081095 	 0.081756
   42 	 0.038936 	 0.081064 	 0.081776
   43 	 0.081257 	 0.081604 	 0.081756
   44 	 0.080668 	 0.081602 	 0.081756
   45 	 0.080668 	 0.081603 	 0.081756
   46 	 0.010195 	 0.080895 	 0.081784
   47 	 0.079753 	 0.081606 	 0.081784
   48 	 0.031409 	 0.081112 	 0.081784
   49 	 0.081257 	 0.081608 	 0.081776
 