   0 	 0.000053 	 0.012295 	 0.081665
    1 	 0.000251 	 0.057801 	 0.081776
    2 	 0.012688 	 0.070536 	 0.081784
    3 	 0.019950 	 0.076746 	 0.081776
    4 	 0.038936 	 0.078631 	 0.081776
    5 	 0.000706 	 0.078295 	 0.081776
    6 	 0.000750 	 0.078459 	 0.081776
    7 	 0.066525 	 0.079940 	 0.081776
    8 	 0.066525 	 0.079922 	 0.081784
    9 	 0.066525 	 0.080714 	 0.081784
   10 	 0.068330 	 0.080898 	 0.081784
   11 	 0.068330 	 0.080632 	 0.081784
   12 	 0.060562 	 0.080729 	 0.081784
   13 	 0.068330 	 0.080763 	 0.081784
   14 	 0.068330 	 0.080346 	 0.081784
   15 	 0.068330 	 0.080813 	 0.081784
   16 	 0.010762 	 0.080198 	 0.081784
   17 	 0.068330 	 0.081021 	 0.081784
   18 	 0.075591 	 0.081228 	 0.081784
   19 	 0.000706 	 0.079925 	 0.081784
   20 	 0.036950 	 0.080057 	 0.081784
   21 	 0.073062 	 0.080568 	 0.081784
   22 	 0.073062 	 0.080723 	 0.081784
   23 	 0.073062 	 0.081010 	 0.081784
   24 	 0.074391 	 0.081055 	 0.081775
   25 	 0.074391 	 0.081238 	 0.081784
   26 	 0.009663 	 0.080575 	 0.081784
   27 	 0.075591 	 0.081290 	 0.081784
   28 	 0.075591 	 0.081309 	 0.081784
   29 	 0.075591 	 0.081241 	 0.081784
   30 	 0.074391 	 0.081295 	 0.081784
   31 	 0.075591 	 0.081338 	 0.081775
   32 	 0.075591 	 0.081301 	 0.081756
   33 	 0.074391 	 0.081392 	 0.081784
   34 	 0.074391 	 0.081405 	 0.081784
   35 	 0.075591 	 0.081342 	 0.081784
   36 	 0.047415 	 0.081197 	 0.081784
   37 	 0.078438 	 0.081609 	 0.081784
   38 	 0.081654 	 0.081691 	 0.081784
   39 	 0.081654 	 0.081688 	 0.081784
   40 	 0.081654 	 0.081691 	 0.081784
   41 	 0.081654 	 0.081690 	 0.081775
   42 	 0.081654 	 0.081685 	 0.081775
   43 	 0.000685 	 0.080869 	 0.081784
   44 	 0.081654 	 0.081679 	 0.081775
   45 	 0.081654 	 0.081680 	 0.081775
   46 	 0.081654 	 0.081684 	 0.081775
   47 	 0.081654 	 0.081687 	 0.081775
   48 	 0.081654 	 0.081690 	 0.081775
   49 	 0.081654 	 0.081692 	 0.081775
 