   0 	 0.000052 	 0.017479 	 0.081688
    1 	 0.000283 	 0.057467 	 0.081776
    2 	 0.004165 	 0.065018 	 0.081776
    3 	 0.000283 	 0.069874 	 0.081776
    4 	 0.049623 	 0.076208 	 0.081776
    5 	 0.013414 	 0.076436 	 0.081776
    6 	 0.004566 	 0.076475 	 0.081784
    7 	 0.062628 	 0.077205 	 0.081784
    8 	 0.060562 	 0.077156 	 0.081776
    9 	 0.000345 	 0.076650 	 0.081776
   10 	 0.060562 	 0.077055 	 0.081784
   11 	 0.005261 	 0.076812 	 0.081784
   12 	 0.000773 	 0.077230 	 0.081784
   13 	 0.062628 	 0.078342 	 0.081784
   14 	 0.062628 	 0.078842 	 0.081784
   15 	 0.064620 	 0.078764 	 0.081784
   16 	 0.062628 	 0.078797 	 0.081776
   17 	 0.060562 	 0.078810 	 0.081784
   18 	 0.060562 	 0.079405 	 0.081784
   19 	 0.060562 	 0.079575 	 0.081784
   20 	 0.062628 	 0.079732 	 0.081784
   21 	 0.058435 	 0.079091 	 0.081784
   22 	 0.058435 	 0.079220 	 0.081784
   23 	 0.058435 	 0.079707 	 0.081784
   24 	 0.064620 	 0.079506 	 0.081776
   25 	 0.062628 	 0.079427 	 0.081776
   26 	 0.068330 	 0.079481 	 0.081784
   27 	 0.000706 	 0.078074 	 0.081776
   28 	 0.064620 	 0.079328 	 0.081776
   29 	 0.000436 	 0.079283 	 0.081775
   30 	 0.066525 	 0.079657 	 0.081756
   31 	 0.066525 	 0.079794 	 0.081775
   32 	 0.066525 	 0.079257 	 0.081775
   33 	 0.062628 	 0.078601 	 0.081775
   34 	 0.066525 	 0.078686 	 0.081775
   35 	 0.000485 	 0.078379 	 0.081784
   36 	 0.066525 	 0.079222 	 0.081784
   37 	 0.071606 	 0.078916 	 0.081776
   38 	 0.026548 	 0.078399 	 0.081775
   39 	 0.023690 	 0.078249 	 0.081776
   40 	 0.023690 	 0.078644 	 0.081776
   41 	 0.026548 	 0.078683 	 0.081776
   42 	 0.026548 	 0.078985 	 0.081775
   43 	 0.023690 	 0.078132 	 0.081775
   44 	 0.023690 	 0.078957 	 0.081775
   45 	 0.075591 	 0.079729 	 0.081775
   46 	 0.000436 	 0.078978 	 0.081775
   47 	 0.023690 	 0.079334 	 0.081775
   48 	 0.074391 	 0.080054 	 0.081775
   49 	 0.074391 	 0.079972 	 0.081775
 