   0 	 0.000050 	 0.017973 	 0.081776
    1 	 0.000591 	 0.060368 	 0.081776
    2 	 0.009663 	 0.070305 	 0.081784
    3 	 0.015007 	 0.075060 	 0.081784
    4 	 0.015007 	 0.076667 	 0.081784
    5 	 0.000609 	 0.077302 	 0.081784
    6 	 0.015880 	 0.077941 	 0.081784
    7 	 0.054061 	 0.079044 	 0.081784
    8 	 0.054061 	 0.079116 	 0.081784
    9 	 0.000424 	 0.078619 	 0.081784
   10 	 0.064620 	 0.079411 	 0.081784
   11 	 0.064620 	 0.079715 	 0.081784
   12 	 0.066525 	 0.080093 	 0.081784
   13 	 0.075591 	 0.080175 	 0.081784
   14 	 0.010762 	 0.079165 	 0.081784
   15 	 0.025081 	 0.079459 	 0.081784
   16 	 0.010195 	 0.078103 	 0.081784
   17 	 0.045232 	 0.078728 	 0.081784
   18 	 0.054061 	 0.079020 	 0.081784
   19 	 0.074391 	 0.079583 	 0.081784
   20 	 0.010195 	 0.078960 	 0.081784
   21 	 0.068330 	 0.079855 	 0.081775
   22 	 0.074391 	 0.079917 	 0.081784
   23 	 0.000685 	 0.079280 	 0.081776
   24 	 0.075591 	 0.079949 	 0.081784
   25 	 0.074391 	 0.080216 	 0.081784
   26 	 0.074391 	 0.080357 	 0.081784
   27 	 0.025081 	 0.079995 	 0.081756
   28 	 0.004566 	 0.079736 	 0.081756
   29 	 0.000750 	 0.079163 	 0.081756
   30 	 0.049623 	 0.079622 	 0.081756
   31 	 0.049623 	 0.079675 	 0.081756
   32 	 0.049623 	 0.079456 	 0.081756
   33 	 0.021127 	 0.079070 	 0.081756
   34 	 0.049623 	 0.080312 	 0.081756
   35 	 0.074391 	 0.080254 	 0.081756
   36 	 0.074391 	 0.080515 	 0.081756
   37 	 0.000485 	 0.079700 	 0.081756
   38 	 0.076664 	 0.080683 	 0.081756
   39 	 0.010195 	 0.079554 	 0.081756
   40 	 0.076664 	 0.080444 	 0.081756
   41 	 0.071606 	 0.080118 	 0.081756
   42 	 0.000472 	 0.079321 	 0.081756
   43 	 0.076664 	 0.079906 	 0.081756
   44 	 0.076664 	 0.079875 	 0.081756
   45 	 0.025081 	 0.079511 	 0.081756
   46 	 0.076664 	 0.080435 	 0.081756
   47 	 0.000485 	 0.079679 	 0.081756
   48 	 0.076664 	 0.080515 	 0.081732
   49 	 0.076664 	 0.080463 	 0.081756
 