   0 	 0.000051 	 0.014194 	 0.081775
    1 	 0.001355 	 0.056069 	 0.081776
    2 	 0.006086 	 0.064169 	 0.081784
    3 	 0.004165 	 0.072412 	 0.081784
    4 	 0.036950 	 0.075244 	 0.081784
    5 	 0.029711 	 0.077366 	 0.081784
    6 	 0.038936 	 0.077815 	 0.081776
    7 	 0.038936 	 0.077540 	 0.081776
    8 	 0.038936 	 0.078184 	 0.081776
    9 	 0.038936 	 0.078970 	 0.081776
   10 	 0.040984 	 0.079914 	 0.081776
   11 	 0.000609 	 0.078386 	 0.081776
   12 	 0.003333 	 0.078523 	 0.081776
   13 	 0.062628 	 0.079932 	 0.081784
   14 	 0.062628 	 0.079794 	 0.081784
   15 	 0.062628 	 0.079964 	 0.081784
   16 	 0.068330 	 0.080255 	 0.081784
   17 	 0.068330 	 0.080450 	 0.081784
   18 	 0.068330 	 0.080346 	 0.081784
   19 	 0.068330 	 0.080147 	 0.081784
   20 	 0.064620 	 0.080012 	 0.081784
   21 	 0.064620 	 0.079881 	 0.081784
   22 	 0.064620 	 0.080001 	 0.081784
   23 	 0.064620 	 0.079913 	 0.081784
   24 	 0.064620 	 0.080839 	 0.081784
   25 	 0.066525 	 0.080926 	 0.081784
   26 	 0.009162 	 0.079347 	 0.081776
   27 	 0.077612 	 0.081199 	 0.081776
   28 	 0.000609 	 0.080234 	 0.081776
   29 	 0.010762 	 0.080616 	 0.081776
   30 	 0.073062 	 0.081397 	 0.081776
   31 	 0.071606 	 0.081193 	 0.081776
   32 	 0.064620 	 0.080719 	 0.081776
   33 	 0.066525 	 0.080548 	 0.081776
   34 	 0.066525 	 0.080432 	 0.081776
   35 	 0.010195 	 0.079601 	 0.081776
   36 	 0.068330 	 0.080324 	 0.081776
   37 	 0.051842 	 0.080543 	 0.081784
   38 	 0.068330 	 0.080781 	 0.081784
   39 	 0.066525 	 0.080607 	 0.081784
   40 	 0.066525 	 0.080180 	 0.081784
   41 	 0.064620 	 0.079984 	 0.081776
   42 	 0.064620 	 0.080534 	 0.081776
   43 	 0.066525 	 0.080817 	 0.081784
   44 	 0.064620 	 0.080139 	 0.081784
   45 	 0.066525 	 0.080642 	 0.081784
   46 	 0.070027 	 0.080515 	 0.081784
   47 	 0.068330 	 0.080047 	 0.081784
   48 	 0.068330 	 0.080087 	 0.081784
   49 	 0.016808 	 0.079297 	 0.081784
 