   0 	 0.000051 	 0.012480 	 0.081707
    1 	 0.001403 	 0.058123 	 0.081756
    2 	 0.000558 	 0.072797 	 0.081784
    3 	 0.026548 	 0.077078 	 0.081784
    4 	 0.003805 	 0.076712 	 0.081784
    5 	 0.029711 	 0.077986 	 0.081776
    6 	 0.025081 	 0.077887 	 0.081784
    7 	 0.025081 	 0.078390 	 0.081784
    8 	 0.025081 	 0.079621 	 0.081776
    9 	 0.036950 	 0.079396 	 0.081776
   10 	 0.073062 	 0.080966 	 0.081784
   11 	 0.056263 	 0.080355 	 0.081784
   12 	 0.006723 	 0.079126 	 0.081784
   13 	 0.071606 	 0.081006 	 0.081784
   14 	 0.074391 	 0.081025 	 0.081784
   15 	 0.071606 	 0.080912 	 0.081784
   16 	 0.060562 	 0.080958 	 0.081784
   17 	 0.043085 	 0.080802 	 0.081784
   18 	 0.003639 	 0.080116 	 0.081784
   19 	 0.074391 	 0.081016 	 0.081784
   20 	 0.073062 	 0.081085 	 0.081784
   21 	 0.064620 	 0.081227 	 0.081784
   22 	 0.074391 	 0.081340 	 0.081776
   23 	 0.074391 	 0.081473 	 0.081784
   24 	 0.080668 	 0.081633 	 0.081784
   25 	 0.080668 	 0.081633 	 0.081784
   26 	 0.056263 	 0.081395 	 0.081784
   27 	 0.056263 	 0.081387 	 0.081784
   28 	 0.080256 	 0.081646 	 0.081776
   29 	 0.080256 	 0.081624 	 0.081784
   30 	 0.080668 	 0.081661 	 0.081776
   31 	 0.080668 	 0.081677 	 0.081776
   32 	 0.000750 	 0.080862 	 0.081776
   33 	 0.081257 	 0.081685 	 0.081776
   34 	 0.081257 	 0.081681 	 0.081776
   35 	 0.000750 	 0.080710 	 0.081776
   36 	 0.064620 	 0.081412 	 0.081776
   37 	 0.073062 	 0.081603 	 0.081776
   38 	 0.081257 	 0.081675 	 0.081776
   39 	 0.081257 	 0.081657 	 0.081776
   40 	 0.081257 	 0.081652 	 0.081776
   41 	 0.081257 	 0.081655 	 0.081776
   42 	 0.000706 	 0.080563 	 0.081784
   43 	 0.038936 	 0.080624 	 0.081784
   44 	 0.051842 	 0.081341 	 0.081784
   45 	 0.080668 	 0.081670 	 0.081784
   46 	 0.036950 	 0.081232 	 0.081784
   47 	 0.036950 	 0.081236 	 0.081784
   48 	 0.036950 	 0.081224 	 0.081784
   49 	 0.081257 	 0.081675 	 0.081784
 