   0 	 0.000051 	 0.014602 	 0.081707
    1 	 0.002385 	 0.063068 	 0.081776
    2 	 0.014186 	 0.071937 	 0.081784
    3 	 0.012006 	 0.074773 	 0.081776
    4 	 0.028091 	 0.075827 	 0.081784
    5 	 0.058435 	 0.077462 	 0.081784
    6 	 0.060562 	 0.077989 	 0.081784
    7 	 0.064620 	 0.078312 	 0.081784
    8 	 0.028091 	 0.077933 	 0.081776
    9 	 0.060562 	 0.078344 	 0.081784
   10 	 0.060562 	 0.078500 	 0.081776
   11 	 0.062628 	 0.078943 	 0.081776
   12 	 0.036950 	 0.078866 	 0.081784
   13 	 0.060562 	 0.079682 	 0.081776
   14 	 0.071606 	 0.080141 	 0.081776
   15 	 0.062628 	 0.080087 	 0.081784
   16 	 0.000447 	 0.079093 	 0.081784
   17 	 0.068330 	 0.080057 	 0.081784
   18 	 0.062628 	 0.079594 	 0.081784
   19 	 0.062628 	 0.079224 	 0.081784
   20 	 0.068330 	 0.079231 	 0.081776
   21 	 0.009663 	 0.078996 	 0.081784
   22 	 0.066525 	 0.079967 	 0.081784
   23 	 0.068330 	 0.080060 	 0.081784
   24 	 0.068330 	 0.080418 	 0.081784
   25 	 0.068330 	 0.080451 	 0.081784
   26 	 0.068330 	 0.079998 	 0.081784
   27 	 0.068330 	 0.080478 	 0.081784
   28 	 0.074391 	 0.080824 	 0.081784
   29 	 0.074391 	 0.080707 	 0.081784
   30 	 0.021127 	 0.080284 	 0.081756
   31 	 0.021127 	 0.080570 	 0.081776
   32 	 0.077612 	 0.081151 	 0.081756
   33 	 0.008691 	 0.080339 	 0.081775
   34 	 0.077612 	 0.080937 	 0.081775
   35 	 0.010762 	 0.080243 	 0.081775
   36 	 0.000472 	 0.080177 	 0.081756
   37 	 0.076664 	 0.080900 	 0.081756
   38 	 0.010195 	 0.080172 	 0.081756
   39 	 0.077612 	 0.080872 	 0.081756
   40 	 0.076664 	 0.081052 	 0.081756
   41 	 0.000773 	 0.079614 	 0.081784
   42 	 0.077612 	 0.081066 	 0.081756
   43 	 0.076664 	 0.081109 	 0.081756
   44 	 0.076664 	 0.081161 	 0.081756
   45 	 0.076664 	 0.081036 	 0.081756
   46 	 0.076664 	 0.081070 	 0.081756
   47 	 0.076664 	 0.081035 	 0.081756
   48 	 0.076664 	 0.081337 	 0.081756
   49 	 0.056263 	 0.081067 	 0.081756
 