   0 	 0.000052 	 0.010348 	 0.081747
    1 	 0.000823 	 0.069182 	 0.081784
    2 	 0.003333 	 0.074661 	 0.081776
    3 	 0.023690 	 0.078377 	 0.081776
    4 	 0.023690 	 0.078319 	 0.081776
    5 	 0.071606 	 0.079663 	 0.081776
    6 	 0.071606 	 0.079907 	 0.081776
    7 	 0.000447 	 0.078966 	 0.081776
    8 	 0.068330 	 0.080065 	 0.081776
    9 	 0.068330 	 0.079883 	 0.081775
   10 	 0.000472 	 0.078377 	 0.081776
   11 	 0.023690 	 0.079814 	 0.081776
   12 	 0.023690 	 0.080053 	 0.081776
   13 	 0.070027 	 0.080690 	 0.081776
   14 	 0.000773 	 0.079745 	 0.081776
   15 	 0.071606 	 0.080568 	 0.081776
   16 	 0.071606 	 0.080552 	 0.081776
   17 	 0.073062 	 0.080808 	 0.081776
   18 	 0.078438 	 0.080982 	 0.081776
   19 	 0.071606 	 0.080908 	 0.081776
   20 	 0.010762 	 0.080142 	 0.081776
   21 	 0.073062 	 0.080877 	 0.081776
   22 	 0.000750 	 0.080075 	 0.081776
   23 	 0.073062 	 0.081024 	 0.081776
   24 	 0.071606 	 0.080926 	 0.081776
   25 	 0.010762 	 0.080027 	 0.081776
   26 	 0.073062 	 0.080975 	 0.081776
   27 	 0.071606 	 0.080867 	 0.081776
   28 	 0.073062 	 0.081021 	 0.081776
   29 	 0.025081 	 0.080428 	 0.081776
   30 	 0.010762 	 0.080511 	 0.081776
   31 	 0.058435 	 0.080853 	 0.081776
   32 	 0.071606 	 0.081196 	 0.081776
   33 	 0.070027 	 0.081077 	 0.081776
   34 	 0.071606 	 0.080829 	 0.081776
   35 	 0.003192 	 0.078644 	 0.081776
   36 	 0.010762 	 0.080249 	 0.081776
   37 	 0.007070 	 0.080225 	 0.081776
   38 	 0.000773 	 0.080437 	 0.081776
   39 	 0.056263 	 0.081060 	 0.081776
   40 	 0.056263 	 0.080846 	 0.081776
   41 	 0.040984 	 0.080672 	 0.081747
   42 	 0.058435 	 0.081214 	 0.081747
   43 	 0.078438 	 0.081458 	 0.081776
   44 	 0.078438 	 0.081406 	 0.081747
   45 	 0.078438 	 0.081461 	 0.081747
   46 	 0.078438 	 0.081376 	 0.081776
   47 	 0.000773 	 0.080713 	 0.081776
   48 	 0.070027 	 0.081328 	 0.081747
   49 	 0.002291 	 0.080740 	 0.081732
 