   0 	 0.000050 	 0.014506 	 0.081776
    1 	 0.000727 	 0.059640 	 0.081776
    2 	 0.002385 	 0.069437 	 0.081784
    3 	 0.002931 	 0.072501 	 0.081776
    4 	 0.000297 	 0.075755 	 0.081784
    5 	 0.026548 	 0.076310 	 0.081776
    6 	 0.025081 	 0.077223 	 0.081776
    7 	 0.007070 	 0.076063 	 0.081756
    8 	 0.035031 	 0.078133 	 0.081747
    9 	 0.000750 	 0.077957 	 0.081776
   10 	 0.051842 	 0.080624 	 0.081784
   11 	 0.000472 	 0.079878 	 0.081784
   12 	 0.068330 	 0.080943 	 0.081784
   13 	 0.068330 	 0.080980 	 0.081784
   14 	 0.000773 	 0.080273 	 0.081784
   15 	 0.071606 	 0.081101 	 0.081784
   16 	 0.078438 	 0.081386 	 0.081756
   17 	 0.078438 	 0.081499 	 0.081756
   18 	 0.078438 	 0.081528 	 0.081756
   19 	 0.071606 	 0.081455 	 0.081756
   20 	 0.078438 	 0.081486 	 0.081784
   21 	 0.079753 	 0.081593 	 0.081756
   22 	 0.079753 	 0.081570 	 0.081756
   23 	 0.000558 	 0.080098 	 0.081756
   24 	 0.079753 	 0.081652 	 0.081776
   25 	 0.000591 	 0.080845 	 0.081747
   26 	 0.080256 	 0.081654 	 0.081747
   27 	 0.000750 	 0.080863 	 0.081776
   28 	 0.056263 	 0.081416 	 0.081747
   29 	 0.058435 	 0.081422 	 0.081776
   30 	 0.058435 	 0.081402 	 0.081747
   31 	 0.000750 	 0.080602 	 0.081747
   32 	 0.058435 	 0.081410 	 0.081747
   33 	 0.058435 	 0.080957 	 0.081776
   34 	 0.058435 	 0.080732 	 0.081747
   35 	 0.058435 	 0.081428 	 0.081732
   36 	 0.051842 	 0.081377 	 0.081756
   37 	 0.081654 	 0.081673 	 0.081756
   38 	 0.079753 	 0.081655 	 0.081756
   39 	 0.079753 	 0.081604 	 0.081756
   40 	 0.080256 	 0.081655 	 0.081707
   41 	 0.000750 	 0.080830 	 0.081707
   42 	 0.079753 	 0.081619 	 0.081707
   43 	 0.081654 	 0.081665 	 0.081707
   44 	 0.081654 	 0.081667 	 0.081707
   45 	 0.081654 	 0.081669 	 0.081707
   46 	 0.081654 	 0.081667 	 0.081707
   47 	 0.081654 	 0.081667 	 0.081707
   48 	 0.081654 	 0.081666 	 0.081707
   49 	 0.058435 	 0.081435 	 0.081707
 