   0 	 0.000050 	 0.014068 	 0.081784
    1 	 0.001747 	 0.065560 	 0.081784
    2 	 0.001747 	 0.071455 	 0.081784
    3 	 0.021127 	 0.076295 	 0.081784
    4 	 0.028091 	 0.077819 	 0.081784
    5 	 0.035031 	 0.079908 	 0.081784
    6 	 0.049623 	 0.079953 	 0.081784
    7 	 0.049623 	 0.080726 	 0.081784
    8 	 0.049623 	 0.080492 	 0.081784
    9 	 0.047415 	 0.080521 	 0.081784
   10 	 0.074391 	 0.081147 	 0.081784
   11 	 0.074391 	 0.081484 	 0.081784
   12 	 0.008691 	 0.079916 	 0.081784
   13 	 0.075591 	 0.081373 	 0.081784
   14 	 0.075591 	 0.081366 	 0.081784
   15 	 0.045232 	 0.080735 	 0.081784
   16 	 0.006723 	 0.080756 	 0.081784
   17 	 0.075591 	 0.081540 	 0.081784
   18 	 0.075591 	 0.081292 	 0.081784
   19 	 0.075591 	 0.081471 	 0.081784
   20 	 0.075591 	 0.081575 	 0.081784
   21 	 0.075591 	 0.081548 	 0.081776
   22 	 0.036950 	 0.081194 	 0.081775
   23 	 0.062628 	 0.081479 	 0.081784
   24 	 0.062628 	 0.081250 	 0.081784
   25 	 0.062628 	 0.081270 	 0.081784
   26 	 0.062628 	 0.081077 	 0.081775
   27 	 0.062628 	 0.081290 	 0.081784
   28 	 0.062628 	 0.080928 	 0.081784
   29 	 0.062628 	 0.081113 	 0.081784
   30 	 0.000645 	 0.080466 	 0.081784
   31 	 0.077612 	 0.081653 	 0.081784
   32 	 0.077612 	 0.081647 	 0.081784
   33 	 0.075591 	 0.081593 	 0.081784
   34 	 0.075591 	 0.081550 	 0.081784
   35 	 0.075591 	 0.081671 	 0.081784
   36 	 0.081452 	 0.081745 	 0.081784
   37 	 0.081452 	 0.081747 	 0.081784
   38 	 0.081452 	 0.081758 	 0.081784
   39 	 0.081452 	 0.081759 	 0.081784
   40 	 0.080999 	 0.081758 	 0.081784
   41 	 0.080999 	 0.081751 	 0.081784
   42 	 0.080999 	 0.081761 	 0.081784
   43 	 0.081732 	 0.081767 	 0.081784
   44 	 0.081732 	 0.081765 	 0.081784
   45 	 0.081684 	 0.081764 	 0.081784
   46 	 0.076664 	 0.081716 	 0.081784
   47 	 0.077612 	 0.081724 	 0.081784
   48 	 0.080999 	 0.081756 	 0.081784
   49 	 0.008691 	 0.081022 	 0.081784
 