   0 	 0.000051 	 0.015209 	 0.081784
    1 	 0.001031 	 0.065309 	 0.081784
    2 	 0.015880 	 0.071383 	 0.081784
    3 	 0.023690 	 0.075074 	 0.081784
    4 	 0.058435 	 0.075445 	 0.081784
    5 	 0.060562 	 0.076520 	 0.081784
    6 	 0.060562 	 0.077224 	 0.081784
    7 	 0.060562 	 0.077187 	 0.081784
    8 	 0.060562 	 0.077625 	 0.081784
    9 	 0.066525 	 0.078458 	 0.081784
   10 	 0.010762 	 0.077070 	 0.081784
   11 	 0.009663 	 0.077151 	 0.081776
   12 	 0.009663 	 0.077454 	 0.081776
   13 	 0.062628 	 0.078442 	 0.081776
   14 	 0.062628 	 0.078297 	 0.081776
   15 	 0.062628 	 0.078016 	 0.081776
   16 	 0.062628 	 0.079021 	 0.081776
   17 	 0.060562 	 0.079733 	 0.081776
   18 	 0.006723 	 0.078948 	 0.081776
   19 	 0.060562 	 0.079298 	 0.081776
   20 	 0.023690 	 0.079898 	 0.081776
   21 	 0.002483 	 0.079922 	 0.081784
   22 	 0.000665 	 0.080332 	 0.081784
   23 	 0.000665 	 0.079643 	 0.081784
   24 	 0.070027 	 0.081098 	 0.081784
   25 	 0.000591 	 0.080560 	 0.081784
   26 	 0.070027 	 0.081305 	 0.081784
   27 	 0.073062 	 0.081455 	 0.081784
   28 	 0.073062 	 0.081567 	 0.081784
   29 	 0.073062 	 0.081421 	 0.081784
   30 	 0.068330 	 0.081279 	 0.081784
   31 	 0.066525 	 0.081065 	 0.081784
   32 	 0.071606 	 0.081326 	 0.081784
   33 	 0.073062 	 0.081547 	 0.081784
   34 	 0.080668 	 0.081631 	 0.081776
   35 	 0.080668 	 0.081567 	 0.081784
   36 	 0.038936 	 0.081119 	 0.081776
   37 	 0.000609 	 0.080770 	 0.081776
   38 	 0.080668 	 0.081563 	 0.081776
   39 	 0.080668 	 0.081588 	 0.081776
   40 	 0.080668 	 0.081605 	 0.081784
   41 	 0.080668 	 0.081610 	 0.081776
   42 	 0.000591 	 0.080754 	 0.081784
   43 	 0.076664 	 0.081509 	 0.081776
   44 	 0.076664 	 0.081479 	 0.081776
   45 	 0.000665 	 0.080654 	 0.081776
   46 	 0.076664 	 0.081396 	 0.081776
   47 	 0.040984 	 0.081074 	 0.081776
   48 	 0.005520 	 0.080721 	 0.081784
   49 	 0.070027 	 0.081372 	 0.081776
 