   0 	 0.835600 	 24.396777 	 56.226700
    1 	 3.435300 	 28.969719 	 53.685700
    2 	 6.012100 	 31.176517 	 62.378700
    3 	 1.219400 	 35.235022 	 69.195800
    4 	 13.635400 	 41.233394 	 69.208600
    5 	 6.439000 	 40.355968 	 67.329800
    6 	 12.907500 	 45.787049 	 73.741100
    7 	 12.614900 	 50.820942 	 75.325100
    8 	 21.533700 	 50.621022 	 75.325100
    9 	 20.889800 	 50.849819 	 75.325100
   10 	 22.895400 	 52.910439 	 76.332300
   11 	 19.949100 	 53.966217 	 75.649800
   12 	 20.154500 	 53.490780 	 76.714100
   13 	 23.781400 	 53.954608 	 76.112300
   14 	 1.268300 	 51.647986 	 75.441000
   15 	 11.117000 	 54.186194 	 75.322500
   16 	 23.461400 	 54.634665 	 76.627800
   17 	 19.836200 	 52.581746 	 75.514900
   18 	 18.368600 	 55.096533 	 77.319300
   19 	 17.595700 	 54.189424 	 76.216200
   20 	 13.562600 	 56.695571 	 74.708100
   21 	 19.866500 	 57.027244 	 75.820000
   22 	 19.322400 	 56.987608 	 75.518100
   23 	 26.807400 	 57.560774 	 75.807200
   24 	 30.156500 	 58.314023 	 75.807200
   25 	 17.726000 	 57.918953 	 76.007600
   26 	 6.962000 	 57.212022 	 76.215200
   27 	 17.854100 	 56.976417 	 74.501300
   28 	 18.305300 	 58.045225 	 76.922900
   29 	 20.078500 	 57.744690 	 76.928100
   30 	 31.560200 	 60.318347 	 76.621800
   31 	 30.207300 	 60.412859 	 76.723700
   32 	 31.750100 	 60.976418 	 75.603600
   33 	 30.148200 	 59.318748 	 75.302100
   34 	 27.236200 	 59.976312 	 77.218000
   35 	 30.705300 	 59.358814 	 77.117900
   36 	 18.213300 	 58.161849 	 77.218600
   37 	 32.060900 	 61.479011 	 77.420000
   38 	 32.833300 	 63.155276 	 77.420000
   39 	 25.868900 	 60.989104 	 77.522100
   40 	 28.997300 	 62.230755 	 77.930100
   41 	 15.696600 	 63.118736 	 77.928500
   42 	 15.696600 	 61.806229 	 77.521300
   43 	 28.664600 	 62.918640 	 77.521300
   44 	 37.666100 	 64.168326 	 77.626000
   45 	 25.174700 	 65.424926 	 78.030800
   46 	 39.617800 	 64.692264 	 77.320100
   47 	 30.992800 	 63.281015 	 77.015200
   48 	 29.050400 	 62.879097 	 77.015200
   49 	 35.579300 	 64.431816 	 77.728100
 