   0 	 1.268100 	 27.536104 	 66.367700
    1 	 2.911200 	 32.500085 	 67.302600
    2 	 1.362400 	 37.992681 	 67.032600
    3 	 5.887400 	 40.581467 	 72.643400
    4 	 10.481800 	 44.626747 	 73.713700
    5 	 9.268500 	 45.649029 	 76.105900
    6 	 14.902500 	 47.443054 	 72.158600
    7 	 12.038500 	 48.501886 	 72.553300
    8 	 17.924500 	 49.040647 	 73.659400
    9 	 15.114600 	 49.515632 	 73.758700
   10 	 12.445900 	 49.791141 	 73.177900
   11 	 19.478600 	 51.451189 	 72.145900
   12 	 26.254500 	 53.352452 	 74.911300
   13 	 27.737000 	 55.466546 	 75.306500
   14 	 15.884600 	 53.779207 	 74.922500
   15 	 21.954600 	 55.999716 	 74.614600
   16 	 22.311000 	 55.346519 	 74.144900
   17 	 14.311800 	 55.201403 	 76.318900
   18 	 35.101400 	 60.100340 	 77.117300
   19 	 29.475800 	 60.021659 	 76.207400
   20 	 22.779400 	 60.064299 	 76.621800
   21 	 16.214600 	 60.135390 	 75.001400
   22 	 16.214600 	 60.746497 	 75.328100
   23 	 25.051400 	 61.383336 	 77.320100
   24 	 11.421800 	 60.416265 	 77.116100
   25 	 19.371700 	 60.565108 	 77.829000
   26 	 22.552100 	 59.212665 	 76.208000
   27 	 29.590700 	 59.089022 	 76.714500
   28 	 34.787200 	 61.910603 	 76.609600
   29 	 27.493800 	 62.455051 	 77.015400
   30 	 27.493800 	 61.238135 	 77.421800
   31 	 36.288200 	 63.550823 	 77.321700
   32 	 31.343300 	 62.815179 	 77.116100
   33 	 31.712300 	 65.124536 	 77.419400
   34 	 40.244100 	 64.474261 	 77.117300
   35 	 30.158700 	 64.217521 	 77.117300
   36 	 32.441700 	 64.530002 	 76.112100
   37 	 22.132900 	 63.965128 	 75.611600
   38 	 29.444900 	 64.255133 	 76.917100
   39 	 28.038600 	 63.564927 	 77.420600
   40 	 30.538900 	 64.862766 	 76.418000
   41 	 39.613000 	 68.088745 	 75.714900
   42 	 42.241800 	 66.218932 	 75.917700
   43 	 23.344900 	 66.058096 	 75.917700
   44 	 28.126600 	 67.220445 	 77.421000
   45 	 36.393800 	 67.073979 	 77.826600
   46 	 37.189000 	 67.790791 	 77.421000
   47 	 27.438400 	 66.719183 	 77.117900
   48 	 35.334100 	 66.801872 	 77.129700
   49 	 27.639800 	 67.897508 	 77.129700
 