   0 	 1.577900 	 26.268009 	 54.647400
    1 	 6.687800 	 30.165628 	 52.289900
    2 	 7.133000 	 32.816417 	 64.808900
    3 	 5.097900 	 34.713406 	 64.808900
    4 	 2.201300 	 36.655726 	 70.812500
    5 	 3.293000 	 40.919843 	 71.956500
    6 	 5.556300 	 43.192482 	 72.406100
    7 	 15.613300 	 43.825968 	 71.673400
    8 	 16.171400 	 46.861502 	 71.702600
    9 	 8.468100 	 47.888931 	 74.006600
   10 	 20.106600 	 53.004212 	 75.003800
   11 	 26.664100 	 54.036252 	 73.423000
   12 	 18.677900 	 53.808367 	 73.320500
   13 	 13.496500 	 52.529620 	 75.072600
   14 	 12.155400 	 52.881569 	 73.136200
   15 	 12.103300 	 50.949697 	 73.757100
   16 	 14.499700 	 52.877367 	 76.132100
   17 	 22.280600 	 54.002525 	 75.066200
   18 	 1.930200 	 52.598603 	 74.408300
   19 	 9.917000 	 52.522262 	 74.419400
   20 	 8.522100 	 51.546316 	 73.721900
   21 	 16.801700 	 52.229696 	 74.022200
   22 	 25.979800 	 54.798729 	 74.119500
   23 	 24.403000 	 55.099989 	 74.615400
   24 	 26.681900 	 55.435015 	 74.819000
   25 	 24.975500 	 54.568685 	 74.615400
   26 	 14.483000 	 55.870593 	 76.615000
   27 	 21.653400 	 56.353502 	 75.413400
   28 	 16.573400 	 56.809821 	 75.413400
   29 	 20.418100 	 56.019918 	 76.820600
   30 	 22.867000 	 56.103340 	 75.718900
   31 	 19.182200 	 57.206847 	 75.237400
   32 	 19.769400 	 54.847058 	 73.869800
   33 	 19.769400 	 56.389835 	 77.222200
   34 	 5.790900 	 57.313535 	 75.066200
   35 	 16.227700 	 58.942003 	 75.066200
   36 	 25.079500 	 59.134282 	 75.066200
   37 	 38.637200 	 60.692743 	 75.304500
   38 	 23.167700 	 59.568250 	 76.114100
   39 	 21.388000 	 58.918375 	 76.206200
   40 	 20.382500 	 60.084801 	 76.112900
   41 	 36.252200 	 59.739699 	 76.112900
   42 	 24.635000 	 60.252259 	 76.112900
   43 	 24.721700 	 61.256633 	 77.421000
   44 	 25.052200 	 63.827951 	 77.726100
   45 	 22.094500 	 62.692589 	 77.317700
   46 	 25.312400 	 63.109494 	 77.521300
   47 	 25.861700 	 62.550041 	 77.317700
   48 	 26.386500 	 64.146068 	 76.920900
   49 	 38.106100 	 64.640530 	 77.018400
 