   0 	 0.645100 	 24.827680 	 56.830600
    1 	 0.680300 	 29.121665 	 58.496600
    2 	 1.595000 	 34.924507 	 70.808500
    3 	 0.044100 	 36.955384 	 69.060500
    4 	 2.170600 	 39.020620 	 65.833000
    5 	 8.858900 	 43.213223 	 68.105300
    6 	 18.577800 	 44.761598 	 66.537900
    7 	 18.765000 	 46.661813 	 67.927700
    8 	 20.434200 	 48.178347 	 72.307800
    9 	 15.372200 	 49.412854 	 72.170000
   10 	 16.447400 	 50.890205 	 72.428600
   11 	 15.519500 	 50.995924 	 74.647800
   12 	 22.099600 	 52.053343 	 71.049300
   13 	 23.627500 	 53.087449 	 74.134100
   14 	 25.807700 	 55.548101 	 72.042600
   15 	 10.345400 	 55.302779 	 74.524100
   16 	 19.268900 	 56.484790 	 74.907500
   17 	 27.382800 	 59.075682 	 76.121100
   18 	 27.065000 	 60.161064 	 76.318700
   19 	 34.684100 	 60.062305 	 73.409400
   20 	 31.871400 	 60.709441 	 73.508100
   21 	 30.606600 	 60.643065 	 73.813400
   22 	 24.708900 	 57.952571 	 75.919500
   23 	 22.019000 	 56.545479 	 75.120500
   24 	 0.118700 	 56.327271 	 75.120500
   25 	 13.865000 	 57.867698 	 76.726900
   26 	 20.316600 	 58.989375 	 76.726900
   27 	 26.084300 	 58.778925 	 75.120500
   28 	 28.755800 	 59.678370 	 75.120500
   29 	 34.836200 	 61.224304 	 73.921900
   30 	 34.719000 	 60.840804 	 74.726100
   31 	 22.514700 	 58.861899 	 74.105900
   32 	 27.265400 	 57.662506 	 75.608600
   33 	 28.340600 	 59.732396 	 75.608600
   34 	 26.257400 	 60.143373 	 73.447000
   35 	 33.948100 	 60.106385 	 74.423000
   36 	 8.985000 	 61.962000 	 74.423000
   37 	 28.177700 	 61.446574 	 75.207000
   38 	 36.177000 	 62.071979 	 75.207000
   39 	 28.653400 	 61.675604 	 75.416800
   40 	 29.422400 	 63.243856 	 74.636000
   41 	 30.460500 	 62.196356 	 75.445600
   42 	 28.821800 	 62.317687 	 77.020000
   43 	 37.006500 	 62.424540 	 77.020000
   44 	 27.391700 	 60.300764 	 74.924500
   45 	 0.101600 	 60.840326 	 74.435600
   46 	 21.594500 	 59.917698 	 74.807600
   47 	 25.461800 	 61.609396 	 74.122100
   48 	 23.022600 	 60.224349 	 74.512500
   49 	 27.035800 	 60.369476 	 76.111300
 