   0 	 2.287500 	 26.738105 	 60.625400
    1 	 1.962100 	 31.602588 	 66.796600
    2 	 4.434900 	 37.884799 	 70.327800
    3 	 8.719500 	 42.038979 	 76.407800
    4 	 9.871300 	 43.107301 	 68.473100
    5 	 12.029300 	 46.486460 	 73.834200
    6 	 16.201800 	 48.459208 	 70.620600
    7 	 16.999500 	 49.613802 	 77.024600
    8 	 7.088600 	 50.673413 	 76.415000
    9 	 19.238900 	 48.912662 	 72.692000
   10 	 14.730600 	 48.552048 	 72.653000
   11 	 14.785800 	 49.126898 	 73.597100
   12 	 21.349400 	 50.903977 	 74.824600
   13 	 8.897300 	 49.191951 	 72.897800
   14 	 11.911000 	 47.546836 	 71.421100
   15 	 21.995000 	 49.795430 	 72.992300
   16 	 17.487800 	 48.823520 	 71.222900
   17 	 20.296300 	 52.573559 	 72.953900
   18 	 17.782100 	 55.138156 	 73.250600
   19 	 20.860600 	 54.232824 	 73.470600
   20 	 19.446700 	 54.607304 	 72.951300
   21 	 24.374600 	 55.170573 	 71.904600
   22 	 13.536600 	 56.155600 	 73.453800
   23 	 11.875400 	 56.224527 	 73.475000
   24 	 7.673000 	 54.523823 	 73.296200
   25 	 24.365900 	 55.002730 	 77.017400
   26 	 24.693900 	 55.227923 	 72.102200
   27 	 25.930400 	 55.733321 	 73.695800
   28 	 26.025100 	 55.590404 	 75.111300
   29 	 10.554600 	 55.121444 	 74.806600
   30 	 13.307400 	 55.819015 	 76.206200
   31 	 18.655800 	 57.365583 	 76.313100
   32 	 18.109100 	 57.086203 	 75.305900
   33 	 8.431400 	 57.058646 	 76.009800
   34 	 16.203500 	 58.652259 	 75.724900
   35 	 25.102700 	 59.814491 	 75.724900
   36 	 27.541800 	 59.161523 	 74.112300
   37 	 25.210600 	 60.718615 	 75.114500
   38 	 22.106600 	 61.686961 	 75.110900
   39 	 30.843500 	 62.354564 	 76.214600
   40 	 28.123500 	 62.673948 	 77.118900
   41 	 28.226600 	 61.280226 	 77.020000
   42 	 28.232100 	 62.021410 	 76.520100
   43 	 34.504200 	 62.229362 	 75.411800
   44 	 19.326600 	 63.401385 	 75.728300
   45 	 19.494900 	 63.888542 	 76.108300
   46 	 25.316600 	 64.091510 	 77.217400
   47 	 22.210600 	 65.792261 	 76.916100
   48 	 25.101400 	 64.933650 	 76.813400
   49 	 24.788100 	 66.207142 	 77.017400
 