   0 	 4.145000 	 25.194188 	 58.386600
    1 	 2.139300 	 32.118322 	 59.006600
    2 	 5.320100 	 33.496907 	 61.217900
    3 	 14.028300 	 35.642666 	 63.294900
    4 	 5.934600 	 36.779141 	 64.882700
    5 	 4.525000 	 36.992424 	 70.972300
    6 	 7.919300 	 41.898745 	 71.818700
    7 	 5.348900 	 44.293120 	 73.302200
    8 	 11.763300 	 45.614210 	 71.485400
    9 	 20.950500 	 46.761300 	 67.991400
   10 	 8.015400 	 48.587275 	 71.561100
   11 	 5.103500 	 51.295483 	 74.042600
   12 	 26.648200 	 54.582647 	 73.398500
   13 	 11.908600 	 53.650904 	 76.515300
   14 	 15.771000 	 56.486154 	 76.515300
   15 	 10.673400 	 56.618575 	 76.515300
   16 	 7.652600 	 57.997313 	 77.124300
   17 	 27.381900 	 56.302639 	 76.920300
   18 	 25.257000 	 57.133125 	 77.324300
   19 	 30.672200 	 60.088604 	 76.609800
   20 	 24.909700 	 59.111828 	 76.319500
   21 	 27.871500 	 61.179974 	 75.925100
   22 	 27.871500 	 63.299942 	 75.106100
   23 	 31.283500 	 62.934638 	 75.606800
   24 	 21.284100 	 62.805778 	 75.606800
   25 	 21.400100 	 62.843099 	 75.501700
   26 	 26.127700 	 61.762175 	 75.308100
   27 	 26.110500 	 61.790661 	 75.705100
   28 	 31.280500 	 61.406664 	 75.514700
   29 	 33.027000 	 62.204705 	 75.915500
   30 	 20.357400 	 62.070715 	 75.823800
   31 	 1.935800 	 63.227118 	 75.813400
   32 	 27.016600 	 63.931610 	 76.912300
   33 	 26.967500 	 63.678520 	 77.016600
   34 	 36.289400 	 64.686607 	 75.903500
   35 	 30.719500 	 64.318217 	 75.915500
   36 	 30.419500 	 63.346379 	 76.117100
   37 	 23.278700 	 63.875523 	 75.331500
   38 	 24.366700 	 63.907285 	 76.409800
   39 	 45.025100 	 64.954189 	 76.409800
   40 	 39.753000 	 64.497778 	 78.031400
   41 	 38.547700 	 64.722864 	 77.521900
   42 	 27.449900 	 62.828346 	 74.705900
   43 	 28.525100 	 61.602501 	 75.517900
   44 	 23.813400 	 61.423765 	 75.912300
   45 	 25.733900 	 62.159696 	 77.218600
   46 	 28.385900 	 62.586125 	 77.625800
   47 	 6.731400 	 63.639354 	 76.332300
   48 	 28.611000 	 65.870806 	 77.117900
   49 	 27.712100 	 66.172670 	 76.412600
 