   0 	 2.995800 	 26.429985 	 59.525000
    1 	 6.096600 	 32.820996 	 69.552200
    2 	 8.447000 	 37.222732 	 69.562600
    3 	 16.895300 	 43.395583 	 75.905100
    4 	 15.265800 	 44.543863 	 71.770700
    5 	 10.845000 	 44.222327 	 68.812300
    6 	 16.923000 	 47.437918 	 72.453800
    7 	 6.861400 	 46.532692 	 71.592300
    8 	 22.946600 	 49.709908 	 71.889400
    9 	 21.106900 	 51.052033 	 69.363400
   10 	 23.462600 	 53.604139 	 72.742900
   11 	 11.933800 	 53.956448 	 72.499800
   12 	 18.428300 	 53.567836 	 71.887000
   13 	 25.354700 	 54.465880 	 74.740500
   14 	 19.677800 	 53.463843 	 73.736100
   15 	 9.754700 	 52.941759 	 76.216200
   16 	 17.032600 	 53.285480 	 73.285400
   17 	 4.385400 	 53.634629 	 73.285400
   18 	 17.402500 	 55.487404 	 76.010800
   19 	 21.941000 	 56.328649 	 76.010800
   20 	 23.721900 	 57.177892 	 74.203800
   21 	 21.935000 	 56.173204 	 74.203800
   22 	 23.018400 	 57.035847 	 76.211000
   23 	 21.156900 	 57.339164 	 75.614000
   24 	 22.793700 	 56.223623 	 75.614000
   25 	 23.599700 	 57.956031 	 74.741900
   26 	 17.304300 	 56.352359 	 76.112900
   27 	 24.004900 	 56.480095 	 76.112900
   28 	 21.921800 	 55.173422 	 75.911300
   29 	 20.228300 	 54.956235 	 74.634600
   30 	 1.667300 	 55.032957 	 75.813400
   31 	 13.534500 	 55.438199 	 75.915500
   32 	 10.988100 	 56.033782 	 75.601200
   33 	 27.891500 	 58.563868 	 75.601200
   34 	 21.957800 	 57.875665 	 76.611800
   35 	 14.741400 	 57.240032 	 75.400800
   36 	 23.347000 	 58.721823 	 76.310500
   37 	 14.011500 	 59.959854 	 76.511300
   38 	 21.980600 	 59.738345 	 76.410800
   39 	 31.016300 	 60.578048 	 76.410800
   40 	 31.042200 	 58.928970 	 76.410800
   41 	 23.317400 	 59.357918 	 75.704100
   42 	 25.251800 	 58.229034 	 77.322500
   43 	 30.569900 	 61.390924 	 76.613400
   44 	 25.218400 	 62.399600 	 76.715700
   45 	 34.015000 	 61.202156 	 75.612600
   46 	 27.774200 	 62.647953 	 76.213400
   47 	 31.586200 	 64.253012 	 76.713900
   48 	 38.780600 	 64.431873 	 77.016600
   49 	 23.757900 	 63.516284 	 77.117900
 