   0 	 1.074600 	 23.994277 	 56.707300
    1 	 3.539500 	 28.976998 	 67.581800
    2 	 2.228300 	 32.626377 	 67.619400
    3 	 3.937400 	 35.897406 	 71.560800
    4 	 5.448900 	 39.878275 	 69.541100
    5 	 8.862800 	 39.868163 	 69.541100
    6 	 3.243600 	 40.409017 	 73.020800
    7 	 3.981200 	 41.288288 	 73.079400
    8 	 9.232800 	 44.329535 	 69.961700
    9 	 2.541600 	 44.532717 	 69.961700
   10 	 11.075700 	 47.500783 	 72.986900
   11 	 2.150800 	 49.927145 	 71.665200
   12 	 10.823000 	 49.269369 	 71.665200
   13 	 4.669600 	 49.115319 	 70.488500
   14 	 0.628000 	 52.332115 	 72.307800
   15 	 16.847300 	 53.916591 	 71.255600
   16 	 22.065200 	 53.499494 	 76.014200
   17 	 14.732000 	 53.880652 	 73.627600
   18 	 18.802400 	 54.519790 	 73.445000
   19 	 12.031200 	 54.473659 	 74.624800
   20 	 12.131300 	 53.080883 	 72.412500
   21 	 14.781600 	 52.780453 	 73.790900
   22 	 7.183300 	 52.622089 	 76.106900
   23 	 21.909600 	 54.667220 	 77.016800
   24 	 24.035600 	 54.524643 	 74.441400
   25 	 22.788400 	 55.182101 	 74.846000
   26 	 20.464800 	 54.997948 	 76.823000
   27 	 8.192900 	 55.501638 	 74.427800
   28 	 25.711300 	 56.066020 	 76.417800
   29 	 23.228000 	 58.149972 	 75.241800
   30 	 13.450000 	 56.812534 	 76.816200
   31 	 23.652900 	 58.747331 	 76.106100
   32 	 19.272100 	 58.715961 	 76.307300
   33 	 25.965000 	 61.575700 	 76.307300
   34 	 14.536900 	 59.664905 	 76.307300
   35 	 18.168400 	 60.796777 	 75.312900
   36 	 29.619800 	 61.239190 	 76.010800
   37 	 38.189700 	 60.811175 	 75.813400
   38 	 8.090100 	 61.172595 	 76.912500
   39 	 28.099400 	 61.714275 	 76.209000
   40 	 21.146600 	 62.542183 	 76.509300
   41 	 27.957300 	 61.318586 	 76.912500
   42 	 28.371700 	 62.541413 	 76.813200
   43 	 26.974900 	 61.678369 	 76.306500
   44 	 15.245600 	 61.095919 	 76.210400
   45 	 32.411700 	 62.650438 	 76.217400
   46 	 22.539300 	 64.285300 	 76.118100
   47 	 11.132100 	 62.804927 	 76.617000
   48 	 38.279400 	 64.020174 	 76.322100
   49 	 25.385300 	 66.239197 	 76.322100
 