   0 	 2.058400 	 24.378857 	 67.879700
    1 	 7.387700 	 31.112381 	 66.838100
    2 	 3.232500 	 36.036282 	 72.726100
    3 	 5.108400 	 39.862807 	 72.531700
    4 	 15.342500 	 44.745784 	 73.714100
    5 	 7.429000 	 48.139794 	 74.021200
    6 	 8.321000 	 50.764636 	 74.827600
    7 	 12.965400 	 54.263858 	 74.827600
    8 	 22.710400 	 53.831628 	 74.609400
    9 	 22.607300 	 55.072913 	 74.306700
   10 	 23.380500 	 52.395110 	 74.805000
   11 	 18.533700 	 50.563032 	 73.710900
   12 	 15.706400 	 51.826902 	 74.614400
   13 	 20.967500 	 54.768458 	 76.016400
   14 	 23.907500 	 55.011324 	 75.608400
   15 	 22.494500 	 52.876203 	 74.924900
   16 	 22.494500 	 54.075893 	 74.924900
   17 	 17.998900 	 55.133162 	 74.118500
   18 	 20.186200 	 55.074914 	 75.602000
   19 	 18.859700 	 54.840900 	 75.602000
   20 	 12.124200 	 53.779411 	 75.602600
   21 	 16.704100 	 53.385971 	 75.602600
   22 	 0.206100 	 55.011415 	 72.584900
   23 	 31.282000 	 55.259536 	 72.485800
   24 	 31.421300 	 54.686478 	 72.226600
   25 	 19.601600 	 55.354921 	 72.427400
   26 	 3.582500 	 54.581187 	 74.409800
   27 	 25.758500 	 55.536135 	 74.409800
   28 	 25.977400 	 53.885662 	 72.130100
   29 	 16.840900 	 52.537547 	 72.424400
   30 	 18.336600 	 53.724700 	 74.228000
   31 	 9.949800 	 54.055845 	 73.619600
   32 	 19.374900 	 53.954705 	 75.312900
   33 	 18.455000 	 53.731182 	 73.095800
   34 	 12.245300 	 51.470986 	 73.095800
   35 	 27.570100 	 55.749557 	 72.995300
   36 	 22.039500 	 56.439482 	 73.752500
   37 	 21.204900 	 58.320946 	 75.510100
   38 	 23.136800 	 57.164507 	 75.830600
   39 	 16.747400 	 56.646678 	 75.414400
   40 	 16.346400 	 55.043135 	 72.806500
   41 	 24.266900 	 54.146773 	 75.507700
   42 	 20.295200 	 55.508285 	 76.916900
   43 	 19.028000 	 52.914264 	 74.827600
   44 	 14.417400 	 53.150390 	 75.108500
   45 	 15.602900 	 54.218479 	 76.306900
   46 	 15.602900 	 53.543031 	 75.614600
   47 	 16.071300 	 52.605761 	 76.010600
   48 	 23.400600 	 52.913084 	 76.010600
   49 	 17.509600 	 53.219353 	 76.010600
 