   0 	 1.992200 	 26.168931 	 55.801100
    1 	 8.085300 	 33.824070 	 57.429000
    2 	 10.296200 	 38.973148 	 67.460600
    3 	 11.929700 	 40.591486 	 67.162100
    4 	 10.553300 	 42.441958 	 62.882700
    5 	 13.293400 	 44.232698 	 66.834200
    6 	 13.170200 	 44.897442 	 67.721400
    7 	 14.445000 	 44.442642 	 67.817600
    8 	 13.918200 	 46.244588 	 67.036800
    9 	 20.175400 	 45.950679 	 63.820500
   10 	 16.144600 	 46.404613 	 68.610600
   11 	 20.633000 	 50.353087 	 69.825700
   12 	 18.305000 	 50.470475 	 73.908300
   13 	 1.835500 	 51.708047 	 73.932900
   14 	 9.488400 	 52.471722 	 73.732500
   15 	 8.909900 	 53.940355 	 74.624600
   16 	 17.694600 	 54.858795 	 73.028600
   17 	 18.066600 	 54.971615 	 73.525700
   18 	 13.457000 	 54.699913 	 73.333700
   19 	 13.603400 	 52.922950 	 73.333700
   20 	 19.391300 	 53.108808 	 75.728500
   21 	 14.249000 	 53.791589 	 72.195300
   22 	 23.989700 	 54.524225 	 72.343700
   23 	 14.004000 	 51.296767 	 72.731700
   24 	 9.991000 	 50.415428 	 72.295000
   25 	 18.541000 	 52.721665 	 73.083800
   26 	 20.477400 	 50.403683 	 76.407800
   27 	 24.490100 	 51.463661 	 71.847200
   28 	 17.450900 	 52.778154 	 73.129300
   29 	 25.392500 	 53.625513 	 73.356300
   30 	 23.772500 	 53.051443 	 73.356300
   31 	 27.248200 	 54.739867 	 75.220200
   32 	 22.425000 	 56.114106 	 75.220200
   33 	 21.329700 	 54.370294 	 75.220200
   34 	 14.209300 	 56.851226 	 73.338700
   35 	 10.585700 	 58.058516 	 73.663400
   36 	 25.845400 	 55.941038 	 73.663400
   37 	 18.709700 	 56.506882 	 73.943500
   38 	 13.023400 	 57.715613 	 73.258200
   39 	 20.893100 	 56.113105 	 74.835400
   40 	 24.342100 	 58.041801 	 75.344100
   41 	 24.858100 	 56.782047 	 75.547700
   42 	 23.163500 	 57.943450 	 75.344100
   43 	 7.945300 	 58.870298 	 75.252600
   44 	 30.884600 	 59.064806 	 74.911500
   45 	 32.056200 	 58.391500 	 75.344100
   46 	 30.825000 	 56.441574 	 74.840200
   47 	 29.460500 	 58.762419 	 74.743700
   48 	 23.369100 	 57.722110 	 73.742700
   49 	 3.596300 	 56.723200 	 74.623800
 