   0 	 2.281000 	 26.358752 	 68.829400
    1 	 1.607700 	 31.195934 	 60.816200
    2 	 4.778900 	 34.929786 	 63.650600
    3 	 6.392100 	 37.082909 	 66.529600
    4 	 10.154100 	 38.716256 	 71.641400
    5 	 8.578100 	 40.093353 	 71.254200
    6 	 8.518100 	 41.984264 	 73.544100
    7 	 4.192900 	 45.028278 	 73.482400
    8 	 17.969000 	 48.088040 	 72.134900
    9 	 20.593000 	 49.946168 	 72.549300
   10 	 13.221800 	 48.097436 	 70.836000
   11 	 10.644800 	 49.511139 	 73.044900
   12 	 14.049600 	 50.720252 	 74.196500
   13 	 6.941200 	 52.939338 	 70.885400
   14 	 26.296100 	 56.519955 	 72.433400
   15 	 28.896800 	 56.782533 	 75.517300
   16 	 19.259600 	 58.070717 	 74.410800
   17 	 19.657300 	 56.438087 	 73.714500
   18 	 21.677600 	 56.162946 	 74.207000
   19 	 21.580100 	 55.256562 	 75.825000
   20 	 10.333700 	 54.244962 	 74.197700
   21 	 20.264300 	 55.702034 	 70.668900
   22 	 23.907700 	 57.277961 	 70.038500
   23 	 29.463300 	 58.245555 	 75.632400
   24 	 12.478600 	 56.597812 	 76.140900
   25 	 32.254100 	 58.771659 	 73.789700
   26 	 25.735200 	 57.406715 	 76.710500
   27 	 26.934500 	 59.073248 	 77.118500
   28 	 27.046900 	 60.898339 	 77.118500
   29 	 26.760200 	 60.645618 	 75.816000
   30 	 26.988200 	 62.293854 	 75.072800
   31 	 26.988200 	 62.088937 	 75.072800
   32 	 36.832100 	 62.177267 	 77.024800
   33 	 30.647200 	 61.362442 	 77.522900
   34 	 32.952900 	 60.998027 	 75.619400
   35 	 39.024100 	 61.350640 	 76.514900
   36 	 21.127200 	 60.962226 	 75.515300
   37 	 22.384100 	 61.963292 	 76.916500
   38 	 25.120000 	 62.085879 	 77.014400
   39 	 32.182400 	 61.503415 	 77.020800
   40 	 23.185200 	 63.190388 	 76.613600
   41 	 18.314200 	 62.581885 	 76.611400
   42 	 29.788100 	 63.409062 	 77.724500
   43 	 26.561700 	 62.935448 	 77.724500
   44 	 23.426000 	 63.221919 	 77.724500
   45 	 32.722000 	 64.508737 	 76.517300
   46 	 31.860500 	 63.738749 	 75.910500
   47 	 27.204500 	 62.456560 	 75.914900
   48 	 24.986400 	 62.336081 	 77.622800
   49 	 27.604100 	 63.071954 	 77.520900
 