   0 	 0.950900 	 26.088068 	 57.571300
    1 	 12.771800 	 32.096664 	 72.435500
    2 	 1.528500 	 34.213869 	 70.870700
    3 	 6.916100 	 37.994452 	 69.459500
    4 	 10.084100 	 42.241308 	 69.728400
    5 	 7.606500 	 43.432928 	 71.915000
    6 	 12.874500 	 46.022375 	 73.918500
    7 	 16.013000 	 46.954539 	 74.810600
    8 	 8.975400 	 46.219203 	 74.132300
    9 	 8.195700 	 47.101572 	 74.526700
   10 	 26.736800 	 49.804235 	 74.624600
   11 	 21.304100 	 51.644222 	 73.626800
   12 	 7.172400 	 50.376263 	 74.732900
   13 	 21.807800 	 53.777138 	 74.346500
   14 	 16.852500 	 53.291384 	 73.583300
   15 	 24.082100 	 53.265778 	 73.583300
   16 	 18.961700 	 51.630008 	 73.210500
   17 	 14.046500 	 49.801339 	 75.408800
   18 	 16.896800 	 50.693729 	 74.712900
   19 	 16.183600 	 52.346018 	 74.720900
   20 	 1.224400 	 52.293599 	 71.895200
   21 	 14.648800 	 54.205747 	 74.160900
   22 	 23.530800 	 54.440828 	 73.202100
   23 	 25.247200 	 55.726624 	 74.029200
   24 	 18.021600 	 55.798544 	 73.454600
   25 	 18.902400 	 57.003450 	 75.830200
   26 	 5.385600 	 56.377961 	 75.304500
   27 	 18.477200 	 54.622824 	 75.304500
   28 	 29.714400 	 55.195488 	 72.212500
   29 	 26.170100 	 55.222172 	 71.990500
   30 	 18.216800 	 56.586873 	 74.304100
   31 	 18.041700 	 55.542620 	 73.002500
   32 	 21.794400 	 57.341768 	 72.836400
   33 	 12.357300 	 56.827054 	 76.104900
   34 	 27.400100 	 57.899872 	 76.104900
   35 	 28.420400 	 58.976156 	 74.349700
   36 	 27.352800 	 58.586033 	 75.016800
   37 	 11.676000 	 56.206507 	 75.418400
   38 	 27.236100 	 58.273287 	 74.819600
   39 	 31.957400 	 59.721658 	 76.608800
   40 	 16.570800 	 60.725352 	 75.031200
   41 	 29.189700 	 62.088535 	 74.927300
   42 	 29.189700 	 61.814489 	 75.610800
   43 	 34.513400 	 63.347971 	 75.913100
   44 	 22.152500 	 61.725286 	 76.112500
   45 	 27.497300 	 59.812771 	 76.810800
   46 	 24.582500 	 61.287272 	 76.810800
   47 	 21.561700 	 61.945083 	 77.018400
   48 	 24.582500 	 60.327998 	 75.410400
   49 	 26.444100 	 60.475155 	 75.410400
 