   0 	 0.785000 	 24.524271 	 64.322100
    1 	 3.494900 	 29.382148 	 61.201700
    2 	 11.766900 	 38.041342 	 70.996400
    3 	 10.590800 	 40.879402 	 73.580900
    4 	 11.240100 	 43.144603 	 73.580900
    5 	 8.724000 	 46.426247 	 73.613200
    6 	 17.723300 	 46.677215 	 71.698000
    7 	 8.870100 	 48.628253 	 69.244500
    8 	 6.728500 	 50.787214 	 72.083600
    9 	 9.688500 	 50.562037 	 71.207300
   10 	 25.901200 	 53.672006 	 73.161300
   11 	 11.128400 	 52.653457 	 74.705700
   12 	 27.367800 	 53.497973 	 75.501700
   13 	 22.241300 	 52.046186 	 73.927300
   14 	 24.980500 	 51.831896 	 73.927300
   15 	 22.003400 	 52.944568 	 73.830600
   16 	 24.980500 	 52.943109 	 73.830600
   17 	 21.106400 	 50.954156 	 72.930900
   18 	 11.152400 	 51.252802 	 72.930900
   19 	 21.893600 	 52.549665 	 74.906900
   20 	 28.911700 	 53.556822 	 74.407400
   21 	 23.432400 	 53.236344 	 75.605000
   22 	 23.335400 	 54.893883 	 75.517300
   23 	 20.322500 	 52.134448 	 73.523300
   24 	 19.737700 	 52.034288 	 71.651400
   25 	 19.957200 	 52.163685 	 72.655400
   26 	 21.616000 	 52.295084 	 75.603600
   27 	 9.794000 	 54.632739 	 74.936900
   28 	 20.771700 	 56.181584 	 74.321700
   29 	 25.128400 	 55.302344 	 72.949700
   30 	 13.613200 	 55.372348 	 77.013800
   31 	 24.087300 	 56.294824 	 75.413800
   32 	 25.211700 	 56.084324 	 75.413800
   33 	 19.913600 	 56.275614 	 75.413800
   34 	 25.147800 	 55.871073 	 76.107300
   35 	 26.960400 	 58.221089 	 74.208200
   36 	 27.851600 	 57.496313 	 75.706500
   37 	 14.462600 	 58.199843 	 74.106500
   38 	 23.270600 	 59.608871 	 73.891200
   39 	 23.270600 	 60.208791 	 74.815400
   40 	 30.946100 	 58.775259 	 73.630800
   41 	 27.358500 	 60.017880 	 73.554900
   42 	 26.756100 	 61.015015 	 74.920900
   43 	 29.752100 	 61.541572 	 76.407800
   44 	 34.540000 	 58.520996 	 74.342500
   45 	 26.028200 	 59.106712 	 74.705300
   46 	 21.261200 	 59.331801 	 74.019800
   47 	 6.275500 	 59.021224 	 73.353700
   48 	 30.284100 	 60.588735 	 75.100900
   49 	 30.284100 	 58.996031 	 75.908900
 