   0 	 0.487400 	 25.657062 	 74.802200
    1 	 2.418500 	 33.806259 	 66.702200
    2 	 3.359400 	 34.990493 	 71.942900
    3 	 2.626600 	 37.176829 	 71.942900
    4 	 10.800000 	 41.878330 	 74.552500
    5 	 11.120100 	 46.524912 	 74.552500
    6 	 18.375300 	 49.116312 	 72.220500
    7 	 21.102900 	 49.602631 	 73.230800
    8 	 21.973400 	 51.438956 	 73.958500
    9 	 19.600200 	 50.806495 	 74.881800
   10 	 17.731700 	 53.466912 	 74.633000
   11 	 26.248100 	 52.627350 	 76.110900
   12 	 11.066600 	 51.590231 	 76.918500
   13 	 13.259300 	 53.711716 	 77.117300
   14 	 20.543400 	 58.038074 	 76.916500
   15 	 20.920400 	 58.330028 	 77.115500
   16 	 34.740900 	 59.739595 	 77.115500
   17 	 23.319300 	 57.200652 	 77.115500
   18 	 14.106600 	 57.697160 	 77.217000
   19 	 20.424500 	 56.919478 	 77.522700
   20 	 29.407400 	 58.402717 	 76.223000
   21 	 17.296200 	 55.433830 	 75.322100
   22 	 28.100200 	 56.127594 	 75.911300
   23 	 15.719300 	 56.990504 	 77.625000
   24 	 5.298900 	 55.859432 	 76.113300
   25 	 19.265000 	 54.820675 	 76.012200
   26 	 4.335300 	 57.144163 	 76.012200
   27 	 15.788900 	 58.198084 	 77.421800
   28 	 24.733700 	 57.607878 	 77.421800
   29 	 27.752900 	 58.007778 	 77.421800
   30 	 22.402700 	 58.704363 	 77.421800
   31 	 27.867000 	 58.562746 	 77.421800
   32 	 31.331700 	 60.880488 	 77.217400
   33 	 32.684900 	 61.713002 	 77.624200
   34 	 16.342400 	 59.355331 	 77.624200
   35 	 31.148200 	 60.653743 	 77.827400
   36 	 27.136100 	 61.439078 	 75.209000
   37 	 21.964500 	 61.828929 	 76.411600
   38 	 31.478600 	 61.686446 	 75.732500
   39 	 26.813700 	 61.336899 	 75.645000
   40 	 36.422600 	 62.239185 	 76.512500
   41 	 18.792900 	 60.968008 	 77.523300
   42 	 14.127300 	 60.414004 	 76.513100
   43 	 21.064900 	 62.256774 	 75.923300
   44 	 27.208900 	 62.057489 	 75.821000
   45 	 30.276900 	 62.526497 	 75.923300
   46 	 37.303300 	 61.838592 	 77.523300
   47 	 23.869200 	 59.549398 	 75.923300
   48 	 24.381200 	 59.506152 	 77.523300
   49 	 22.380200 	 60.036075 	 76.125700
 