   0 	 0.495000 	 23.965765 	 54.857100
    1 	 2.746100 	 30.805979 	 59.893000
    2 	 4.047400 	 35.315939 	 65.616500
    3 	 9.185900 	 38.025145 	 62.694100
    4 	 8.737200 	 41.158525 	 68.377400
    5 	 13.123400 	 44.783006 	 70.595500
    6 	 4.654900 	 44.615416 	 70.770900
    7 	 5.187400 	 45.922812 	 70.506200
    8 	 3.762000 	 46.284266 	 71.194100
    9 	 8.735800 	 47.121308 	 69.859000
   10 	 15.815000 	 48.721257 	 73.741700
   11 	 16.699300 	 49.670287 	 73.936500
   12 	 19.566500 	 49.439538 	 73.653200
   13 	 19.326200 	 49.387466 	 71.123800
   14 	 21.303400 	 51.753998 	 74.815000
   15 	 17.170200 	 50.224858 	 68.463800
   16 	 17.580900 	 51.821942 	 75.258200
   17 	 24.275400 	 52.730890 	 75.258200
   18 	 11.906100 	 52.101487 	 74.754900
   19 	 15.949400 	 52.857229 	 72.663700
   20 	 17.509300 	 56.321278 	 74.266600
   21 	 18.852300 	 54.484615 	 75.340500
   22 	 25.402100 	 55.753648 	 75.340500
   23 	 25.833400 	 57.140892 	 75.340500
   24 	 22.330200 	 59.247965 	 77.320500
   25 	 17.764100 	 58.134911 	 77.219600
   26 	 4.365400 	 59.421233 	 78.032400
   27 	 18.583700 	 59.248111 	 76.119300
   28 	 35.476500 	 60.655914 	 76.119300
   29 	 32.019000 	 59.466009 	 76.113900
   30 	 25.418900 	 59.179085 	 77.423000
   31 	 23.921300 	 58.512182 	 75.121100
   32 	 2.991700 	 59.751359 	 75.121100
   33 	 11.527800 	 58.523241 	 76.513100
   34 	 32.221700 	 61.818234 	 76.513100
   35 	 32.432900 	 63.305609 	 76.113900
   36 	 43.749100 	 62.716440 	 75.504300
   37 	 27.737900 	 61.983573 	 76.508300
   38 	 34.561100 	 61.940893 	 76.508300
   39 	 33.711800 	 60.852893 	 75.409400
   40 	 35.093400 	 62.559164 	 75.423000
   41 	 20.756600 	 60.044757 	 75.909900
   42 	 26.573000 	 61.086723 	 75.513900
   43 	 26.891500 	 61.822456 	 75.909900
   44 	 18.673700 	 61.005631 	 76.226600
   45 	 30.782700 	 60.734218 	 76.322100
   46 	 28.833100 	 60.382270 	 76.206200
   47 	 17.763800 	 61.610072 	 76.819400
   48 	 17.935300 	 62.179776 	 77.014600
   49 	 8.797300 	 60.741622 	 76.014600
 