   0 	 1.186600 	 28.385565 	 62.239800
    1 	 5.431300 	 33.720015 	 67.414100
    2 	 9.254200 	 37.452107 	 71.088300
    3 	 1.181600 	 38.073395 	 73.015800
    4 	 9.645900 	 46.197991 	 69.329400
    5 	 16.100300 	 47.339330 	 72.737900
    6 	 20.980100 	 48.794397 	 71.782100
    7 	 12.473400 	 49.222937 	 71.819000
    8 	 8.942900 	 49.102772 	 73.748100
    9 	 11.171000 	 46.978299 	 74.142500
   10 	 14.637100 	 48.326665 	 76.620200
   11 	 16.853400 	 47.573130 	 76.312100
   12 	 0.416600 	 49.220444 	 76.712100
   13 	 19.529000 	 51.464310 	 72.641000
   14 	 7.671800 	 49.235640 	 69.889400
   15 	 14.769000 	 50.147693 	 72.543000
   16 	 9.060500 	 50.794312 	 75.216600
   17 	 19.118100 	 50.999467 	 75.116300
   18 	 18.057100 	 49.628881 	 75.116300
   19 	 22.344300 	 50.541768 	 73.538700
   20 	 6.665000 	 47.201822 	 73.538700
   21 	 19.361900 	 47.764491 	 74.530700
   22 	 3.123700 	 47.980006 	 76.309900
   23 	 0.103300 	 49.550643 	 72.939500
   24 	 15.852300 	 49.841436 	 76.412600
   25 	 12.532300 	 53.478010 	 76.208600
   26 	 14.934200 	 54.850208 	 74.334700
   27 	 2.064300 	 54.388928 	 74.645400
   28 	 20.783000 	 54.945723 	 75.029400
   29 	 13.850100 	 56.559028 	 76.105900
   30 	 1.989700 	 55.201611 	 76.105900
   31 	 23.687000 	 57.183476 	 76.306700
   32 	 15.314400 	 57.043125 	 75.317100
   33 	 27.564600 	 57.700223 	 76.407400
   34 	 25.196300 	 57.017683 	 73.834200
   35 	 25.741000 	 57.532180 	 76.615000
   36 	 24.876600 	 58.690042 	 77.117900
   37 	 22.930400 	 58.605593 	 77.525100
   38 	 31.345100 	 59.058981 	 77.525100
   39 	 15.759800 	 59.288358 	 76.415000
   40 	 20.483000 	 58.227925 	 75.512500
   41 	 25.120400 	 59.203879 	 76.014600
   42 	 25.131500 	 57.737037 	 76.613400
   43 	 32.141400 	 57.203632 	 75.802200
   44 	 24.795800 	 55.862775 	 75.802200
   45 	 30.244300 	 57.441240 	 75.802200
   46 	 26.449100 	 57.622697 	 74.501700
   47 	 30.739400 	 57.379338 	 76.106500
   48 	 28.696600 	 57.379496 	 75.126900
   49 	 31.813400 	 55.824608 	 74.416400
 