   0 	 2.646500 	 25.292818 	 65.969000
    1 	 2.874200 	 31.763314 	 62.566600
    2 	 5.910700 	 33.723996 	 63.174600
    3 	 10.148600 	 39.506413 	 76.208600
    4 	 9.915500 	 40.822231 	 74.857000
    5 	 6.292200 	 42.156985 	 74.761100
    6 	 14.687400 	 45.639647 	 71.243300
    7 	 3.139400 	 46.734302 	 72.071600
    8 	 11.377900 	 51.006259 	 72.759500
    9 	 20.610000 	 51.019318 	 75.630600
   10 	 22.138700 	 51.822678 	 71.403300
   11 	 2.864900 	 49.487407 	 72.958100
   12 	 5.181100 	 49.394104 	 70.266100
   13 	 2.559200 	 48.809138 	 76.313100
   14 	 23.296500 	 51.375510 	 76.313100
   15 	 8.913100 	 49.617072 	 73.145100
   16 	 7.245700 	 52.139206 	 72.940100
   17 	 25.162100 	 51.700015 	 73.364600
   18 	 13.791800 	 49.265934 	 74.118200
   19 	 13.578200 	 50.954159 	 78.336500
   20 	 17.613400 	 52.228737 	 71.117600
   21 	 18.864600 	 51.207400 	 76.718900
   22 	 11.093600 	 50.674647 	 71.276200
   23 	 3.352200 	 51.215311 	 70.775800
   24 	 9.886200 	 49.609771 	 76.612600
   25 	 10.774200 	 48.746290 	 73.711000
   26 	 0.115700 	 50.486935 	 71.885000
   27 	 9.188100 	 52.109900 	 71.708600
   28 	 18.795300 	 51.054779 	 78.132300
   29 	 14.632500 	 50.158457 	 73.055800
   30 	 15.459700 	 50.765946 	 73.455800
   31 	 16.595000 	 52.591238 	 72.675800
   32 	 9.294200 	 52.674562 	 77.419800
   33 	 22.770900 	 54.661605 	 77.217000
   34 	 31.296600 	 54.994597 	 77.117300
   35 	 21.574600 	 55.430850 	 76.715700
   36 	 20.007700 	 58.506342 	 76.715700
   37 	 25.477100 	 57.654404 	 76.715700
   38 	 22.607000 	 56.996722 	 75.205400
   39 	 22.954100 	 57.639575 	 74.237400
   40 	 3.990700 	 55.961197 	 72.667800
   41 	 26.391500 	 58.140987 	 76.007800
   42 	 26.088200 	 56.917296 	 75.605400
   43 	 28.373400 	 56.960437 	 77.015800
   44 	 23.931000 	 56.140346 	 78.132500
   45 	 15.627500 	 57.535476 	 78.132500
   46 	 14.352300 	 58.629399 	 78.132500
   47 	 29.268300 	 60.111777 	 75.537700
   48 	 26.629900 	 57.754234 	 74.918900
   49 	 27.798700 	 56.784749 	 77.217400
 