   0 	 1.028600 	 25.714627 	 59.328200
    1 	 2.914100 	 32.565189 	 67.255600
    2 	 1.696100 	 34.022034 	 59.949300
    3 	 9.017000 	 37.148801 	 64.370000
    4 	 9.257000 	 39.114430 	 72.540100
    5 	 9.689800 	 40.041051 	 68.364300
    6 	 19.248800 	 43.497270 	 69.764400
    7 	 10.976600 	 44.809787 	 68.500500
    8 	 11.293100 	 44.776479 	 69.860600
    9 	 14.975300 	 45.163270 	 70.970500
   10 	 18.033300 	 47.157949 	 72.589300
   11 	 14.867000 	 47.494959 	 74.684600
   12 	 4.393100 	 48.359286 	 71.492600
   13 	 17.595600 	 49.007146 	 76.321700
   14 	 18.832200 	 51.376021 	 75.512100
   15 	 13.021400 	 49.886120 	 70.680800
   16 	 18.149900 	 48.387503 	 75.213400
   17 	 5.958200 	 47.274797 	 73.718600
   18 	 12.858500 	 48.249380 	 73.742100
   19 	 10.209300 	 50.067239 	 74.008100
   20 	 8.602000 	 51.868221 	 74.766500
   21 	 24.929000 	 54.949479 	 71.377000
   22 	 24.929000 	 53.407974 	 74.461400
   23 	 22.783000 	 53.959131 	 73.102200
   24 	 13.681000 	 52.741132 	 73.975500
   25 	 16.137900 	 53.616094 	 77.421000
   26 	 16.224500 	 53.023617 	 78.132900
   27 	 7.968200 	 52.733347 	 78.234600
   28 	 22.736600 	 55.583572 	 75.264200
   29 	 16.770900 	 54.819156 	 74.252200
   30 	 19.393800 	 53.635386 	 74.252200
   31 	 19.883300 	 52.362648 	 74.023800
   32 	 20.155400 	 51.837303 	 71.204600
   33 	 25.810700 	 52.694326 	 70.182900
   34 	 23.991800 	 54.279019 	 74.604600
   35 	 20.141600 	 54.121826 	 72.924500
   36 	 19.796300 	 54.677492 	 72.924500
   37 	 19.074100 	 55.412271 	 74.291400
   38 	 21.931500 	 56.326016 	 76.003400
   39 	 27.729900 	 58.203577 	 77.219400
   40 	 27.729900 	 58.664542 	 76.315500
   41 	 27.729900 	 57.280191 	 76.315500
   42 	 19.202900 	 58.809770 	 76.714700
   43 	 28.386200 	 58.754057 	 76.315500
   44 	 30.903800 	 58.559985 	 77.623800
   45 	 32.588300 	 59.083310 	 76.315500
   46 	 24.829800 	 59.235021 	 77.928500
   47 	 23.085800 	 60.134071 	 76.315500
   48 	 30.325400 	 62.324681 	 76.213400
   49 	 27.575000 	 61.229446 	 76.711500
 