   0 	 2.406500 	 29.107785 	 74.046200
    1 	 0.541400 	 38.282071 	 74.250600
    2 	 10.249100 	 43.833239 	 72.052200
    3 	 23.914500 	 48.392838 	 75.223000
    4 	 24.494600 	 50.302559 	 75.223000
    5 	 18.115000 	 48.378511 	 74.424600
    6 	 18.789400 	 49.381998 	 73.920500
    7 	 10.390600 	 48.385914 	 74.329100
    8 	 10.608200 	 49.265134 	 74.030200
    9 	 17.992600 	 52.787238 	 75.512100
   10 	 27.802200 	 55.878270 	 73.615000
   11 	 17.272200 	 55.960958 	 75.325100
   12 	 27.662900 	 57.218004 	 76.918100
   13 	 29.759800 	 57.935325 	 75.919500
   14 	 27.203400 	 56.608142 	 75.615800
   15 	 29.815400 	 56.328422 	 75.925100
   16 	 11.347400 	 57.815338 	 76.313900
   17 	 30.012000 	 58.747030 	 73.229000
   18 	 28.808300 	 61.004050 	 75.214600
   19 	 21.070600 	 59.834445 	 76.023400
   20 	 24.509400 	 60.847793 	 76.220600
   21 	 24.978500 	 58.788819 	 74.611000
   22 	 23.010500 	 56.786273 	 75.316100
   23 	 19.917400 	 58.474436 	 75.910100
   24 	 19.381400 	 60.916194 	 76.110100
   25 	 28.614900 	 60.896519 	 75.314900
   26 	 27.061100 	 60.241509 	 73.805400
   27 	 35.431000 	 61.771673 	 75.415000
   28 	 35.987800 	 62.600294 	 75.612600
   29 	 13.332500 	 59.438701 	 76.726700
   30 	 30.750500 	 60.126025 	 75.635000
   31 	 35.618100 	 60.179553 	 77.122100
   32 	 24.457700 	 60.078497 	 75.614600
   33 	 27.493400 	 59.765804 	 76.723700
   34 	 25.629300 	 59.739388 	 77.024600
   35 	 23.512500 	 60.938702 	 75.912500
   36 	 29.370400 	 59.036438 	 75.912500
   37 	 29.738400 	 60.349897 	 75.912500
   38 	 32.733600 	 60.867481 	 75.513900
   39 	 32.711300 	 60.123330 	 73.615800
   40 	 29.980600 	 59.880914 	 75.811000
   41 	 22.582100 	 58.000052 	 76.723700
   42 	 26.859500 	 55.816290 	 75.114100
   43 	 25.520400 	 57.528943 	 76.116100
   44 	 17.828600 	 58.176278 	 76.116100
   45 	 13.719000 	 60.361043 	 75.913100
   46 	 33.320400 	 60.032505 	 75.913100
   47 	 15.799400 	 59.826393 	 76.915300
   48 	 32.708100 	 59.333048 	 76.427000
   49 	 24.576800 	 58.639166 	 76.922500
 