   0 	 1.404600 	 25.701303 	 62.033000
    1 	 2.111400 	 34.500770 	 67.033400
    2 	 12.515000 	 39.596284 	 74.016600
    3 	 1.185800 	 38.830699 	 73.915500
    4 	 13.078100 	 41.875144 	 68.592100
    5 	 1.562100 	 42.636370 	 66.891300
    6 	 15.667800 	 45.656636 	 73.330700
    7 	 18.203800 	 47.146349 	 74.039800
    8 	 14.837000 	 49.111596 	 72.365900
    9 	 17.352900 	 47.983808 	 72.171500
   10 	 7.290100 	 49.866984 	 73.435400
   11 	 15.622200 	 53.119367 	 77.627400
   12 	 5.996300 	 53.846206 	 73.292300
   13 	 19.311000 	 54.798513 	 73.292300
   14 	 20.097800 	 55.546077 	 73.254600
   15 	 23.029400 	 55.477150 	 76.012200
   16 	 22.970700 	 55.335366 	 76.112300
   17 	 21.277100 	 56.747056 	 74.148300
   18 	 9.200300 	 56.583899 	 76.514700
   19 	 20.821100 	 55.661599 	 73.905900
   20 	 20.469000 	 57.268444 	 72.925100
   21 	 28.215500 	 56.230933 	 74.601400
   22 	 25.186100 	 55.762073 	 75.318500
   23 	 19.501000 	 56.533661 	 74.802200
   24 	 32.658100 	 58.039556 	 76.325100
   25 	 20.081900 	 55.876244 	 74.103500
   26 	 26.017900 	 55.837226 	 74.108300
   27 	 11.259500 	 57.274433 	 75.007400
   28 	 10.453100 	 59.486655 	 75.405800
   29 	 23.997900 	 60.033387 	 76.306700
   30 	 38.689400 	 59.019581 	 76.111500
   31 	 9.369100 	 56.554503 	 76.111500
   32 	 31.454600 	 57.580107 	 76.510700
   33 	 23.014600 	 58.095472 	 74.933100
   34 	 23.967500 	 57.188176 	 74.933100
   35 	 22.529000 	 55.615220 	 73.745100
   36 	 14.195000 	 57.139236 	 76.206200
   37 	 22.945100 	 58.964197 	 76.211000
   38 	 27.602600 	 58.099400 	 76.517100
   39 	 18.149100 	 58.443750 	 76.209800
   40 	 36.975300 	 61.378432 	 75.805600
   41 	 31.686200 	 59.873607 	 74.341100
   42 	 35.156300 	 61.612923 	 74.244600
   43 	 29.546200 	 62.038240 	 74.137100
   44 	 26.012300 	 62.176967 	 75.909900
   45 	 36.812600 	 63.082669 	 76.610200
   46 	 35.181900 	 63.692958 	 76.710700
   47 	 24.620600 	 63.832398 	 76.109100
   48 	 40.749100 	 64.910478 	 75.905900
   49 	 29.260600 	 64.478972 	 75.905900
 