   0 	 1.126900 	 27.485927 	 64.290600
    1 	 2.539000 	 35.244804 	 66.374600
    2 	 9.121600 	 39.776321 	 71.333400
    3 	 14.405400 	 41.081792 	 67.976400
    4 	 8.803800 	 42.922690 	 74.115500
    5 	 5.177000 	 42.038558 	 74.017800
    6 	 13.034900 	 46.629158 	 75.108300
    7 	 8.831700 	 44.200243 	 74.617800
    8 	 1.202900 	 45.350234 	 75.429000
    9 	 10.736100 	 44.651594 	 73.027400
   10 	 19.734900 	 48.931958 	 74.317900
   11 	 16.403600 	 49.938489 	 73.062600
   12 	 13.331600 	 51.823269 	 74.117300
   13 	 22.325700 	 52.493146 	 76.513100
   14 	 14.793000 	 51.470804 	 74.122700
   15 	 19.170100 	 54.949589 	 73.547700
   16 	 27.191800 	 55.833097 	 74.225000
   17 	 14.598500 	 56.543333 	 75.707700
   18 	 8.255700 	 58.033458 	 75.120100
   19 	 15.260100 	 57.835126 	 74.829000
   20 	 16.046100 	 56.613060 	 74.613800
   21 	 24.338100 	 54.591420 	 75.107300
   22 	 21.250200 	 52.943516 	 76.635200
   23 	 24.985400 	 55.905638 	 74.241600
   24 	 13.718900 	 55.848395 	 73.944900
   25 	 8.275800 	 53.991875 	 75.224400
   26 	 28.894700 	 55.145092 	 75.224400
   27 	 24.067300 	 54.277875 	 75.224400
   28 	 21.296600 	 53.426099 	 74.718500
   29 	 25.695300 	 52.959048 	 74.922500
   30 	 26.558800 	 55.518005 	 75.111300
   31 	 19.610400 	 57.390471 	 76.214600
   32 	 25.172000 	 56.875379 	 76.214600
   33 	 7.005700 	 55.225031 	 76.413400
   34 	 14.350100 	 54.949680 	 74.421800
   35 	 11.600100 	 55.805178 	 76.115700
   36 	 29.173000 	 55.393731 	 75.516900
   37 	 24.611300 	 57.173854 	 75.300500
   38 	 19.946000 	 56.922857 	 75.306500
   39 	 22.224500 	 55.557031 	 75.702900
   40 	 15.449300 	 57.099735 	 77.115300
   41 	 15.449300 	 57.293711 	 77.014400
   42 	 24.183300 	 58.470576 	 76.917300
   43 	 27.460100 	 58.427485 	 76.917300
   44 	 24.308800 	 57.981584 	 75.726900
   45 	 20.491400 	 57.086779 	 75.726900
   46 	 12.389000 	 57.970363 	 75.921300
   47 	 21.798600 	 59.188872 	 74.822200
   48 	 29.112200 	 59.367620 	 76.417800
   49 	 30.178700 	 59.683285 	 75.819400
 