   0 	 0.917000 	 26.634791 	 62.065100
    1 	 2.938100 	 33.599694 	 75.109300
    2 	 6.847000 	 38.744167 	 75.109300
    3 	 12.682000 	 42.192194 	 70.374900
    4 	 3.938500 	 46.544848 	 72.641600
    5 	 18.674100 	 48.644023 	 75.043400
    6 	 7.202600 	 47.688004 	 75.712500
    7 	 19.854600 	 48.363133 	 72.660800
    8 	 10.331400 	 48.669292 	 73.359700
    9 	 16.190900 	 50.411254 	 76.514900
   10 	 8.804500 	 51.024116 	 76.609000
   11 	 8.760400 	 52.209496 	 77.224400
   12 	 18.685700 	 52.930654 	 74.209400
   13 	 19.477700 	 54.774095 	 74.209400
   14 	 19.976400 	 55.363069 	 73.144100
   15 	 13.986900 	 55.900602 	 73.651600
   16 	 9.324900 	 54.353344 	 73.817600
   17 	 20.906900 	 54.881526 	 75.433800
   18 	 20.102100 	 54.432509 	 75.632400
   19 	 13.568300 	 53.786269 	 75.906900
   20 	 8.129900 	 53.707402 	 75.224600
   21 	 20.183000 	 55.722981 	 76.306100
   22 	 30.731400 	 55.458839 	 76.712500
   23 	 20.348900 	 54.606621 	 75.533900
   24 	 27.252900 	 56.076835 	 76.611800
   25 	 26.309100 	 56.709594 	 74.917900
   26 	 0.626500 	 53.332192 	 77.015800
   27 	 15.662900 	 53.458765 	 75.813800
   28 	 12.148900 	 53.128872 	 76.416600
   29 	 11.554100 	 54.652110 	 76.121900
   30 	 27.905900 	 54.890623 	 78.031400
   31 	 22.345600 	 54.806523 	 77.725700
   32 	 16.667600 	 53.947069 	 76.140900
   33 	 14.580900 	 55.572604 	 77.627400
   34 	 13.681300 	 57.944529 	 77.627400
   35 	 3.782500 	 58.296279 	 76.609800
   36 	 23.386600 	 60.054898 	 77.421000
   37 	 25.673800 	 62.558449 	 77.326500
   38 	 25.578500 	 63.989355 	 77.320900
   39 	 25.578500 	 62.719651 	 77.526900
   40 	 25.578500 	 63.778720 	 77.626000
   41 	 31.667400 	 66.032908 	 77.627400
   42 	 28.331300 	 66.497902 	 77.419200
   43 	 26.109800 	 65.737513 	 77.419200
   44 	 40.832800 	 65.610820 	 77.419200
   45 	 40.032800 	 64.577834 	 77.724500
   46 	 27.213800 	 63.247836 	 77.014400
   47 	 7.946600 	 61.593273 	 76.612800
   48 	 15.054500 	 61.338589 	 76.913700
   49 	 30.084200 	 61.023527 	 76.716900
 