   0 	 0.797600 	 26.117977 	 61.121100
    1 	 4.063400 	 33.036663 	 75.922100
    2 	 11.035500 	 35.636709 	 75.725700
    3 	 2.827500 	 37.815118 	 72.653600
    4 	 14.410000 	 43.826853 	 73.769700
    5 	 6.930500 	 44.071992 	 71.206100
    6 	 9.985000 	 43.231272 	 70.814700
    7 	 2.891000 	 45.417551 	 73.824200
    8 	 0.183000 	 44.559469 	 72.164900
    9 	 14.540200 	 46.052366 	 75.113300
   10 	 21.307400 	 49.710726 	 74.917300
   11 	 10.517800 	 49.657389 	 71.866600
   12 	 15.833400 	 50.435113 	 75.232200
   13 	 9.529000 	 51.823519 	 72.933300
   14 	 11.923700 	 52.082532 	 75.232200
   15 	 26.484500 	 53.312040 	 75.232200
   16 	 13.953800 	 53.685475 	 74.920100
   17 	 23.683000 	 54.947611 	 75.822400
   18 	 26.624400 	 55.766859 	 76.227200
   19 	 19.802100 	 56.152238 	 76.128900
   20 	 24.257300 	 54.724577 	 76.128900
   21 	 3.074000 	 55.513479 	 74.824400
   22 	 30.760000 	 57.248709 	 74.924100
   23 	 22.364800 	 55.969061 	 74.440400
   24 	 23.108500 	 54.761939 	 75.224200
   25 	 19.634900 	 54.652339 	 74.713700
   26 	 14.139000 	 57.672132 	 75.720900
   27 	 29.226900 	 58.904553 	 75.515300
   28 	 30.827400 	 60.379826 	 75.516100
   29 	 26.662100 	 59.831530 	 75.908300
   30 	 23.748500 	 58.074435 	 76.820400
   31 	 26.268500 	 57.054228 	 76.517100
   32 	 15.648900 	 58.997900 	 76.111500
   33 	 32.506900 	 57.513620 	 75.423800
   34 	 27.852500 	 58.231851 	 76.516100
   35 	 10.010000 	 58.666347 	 75.015800
   36 	 28.150900 	 59.067014 	 76.005800
   37 	 28.689300 	 60.422015 	 75.408800
   38 	 21.793100 	 60.716133 	 76.517900
   39 	 18.885600 	 59.202008 	 76.517900
   40 	 23.820300 	 57.737919 	 75.508300
   41 	 27.072600 	 60.031601 	 75.506900
   42 	 35.225000 	 61.090546 	 75.914900
   43 	 26.131500 	 60.365108 	 76.411400
   44 	 36.597700 	 61.243943 	 76.209000
   45 	 18.306100 	 62.159199 	 77.623800
   46 	 28.164300 	 62.780156 	 76.615800
   47 	 33.313000 	 64.102555 	 76.711500
   48 	 42.515000 	 64.467671 	 78.132300
   49 	 29.900900 	 62.762775 	 77.423400
 