   0 	 0.261200 	 26.673797 	 68.570500
    1 	 2.488100 	 32.453662 	 68.570500
    2 	 7.076300 	 37.508096 	 71.571700
    3 	 10.569100 	 39.740866 	 77.013600
    4 	 2.149000 	 45.212391 	 77.013600
    5 	 4.575200 	 46.264408 	 77.420000
    6 	 4.079300 	 47.634894 	 76.610400
    7 	 7.452100 	 49.689443 	 72.794400
    8 	 18.986900 	 52.320141 	 76.912900
    9 	 23.329400 	 53.761495 	 77.218000
   10 	 18.518400 	 53.620845 	 77.218000
   11 	 24.484100 	 54.215101 	 76.306900
   12 	 15.292500 	 54.393132 	 73.722100
   13 	 16.339600 	 53.666054 	 75.204200
   14 	 6.867800 	 54.852363 	 72.561700
   15 	 25.818500 	 55.085831 	 73.015200
   16 	 17.817600 	 55.425231 	 73.169300
   17 	 16.840500 	 57.541075 	 76.712100
   18 	 7.134900 	 56.028921 	 76.710900
   19 	 30.682100 	 57.513805 	 76.710900
   20 	 27.737300 	 57.706633 	 76.812200
   21 	 12.093700 	 57.735127 	 77.724900
   22 	 23.358500 	 57.514962 	 77.827000
   23 	 33.321400 	 60.179938 	 76.811600
   24 	 26.610600 	 60.866198 	 76.207200
   25 	 25.557400 	 60.882266 	 76.713700
   26 	 36.814900 	 62.348304 	 77.420000
   27 	 38.365100 	 63.317522 	 77.724500
   28 	 36.016100 	 65.189954 	 77.724500
   29 	 24.634100 	 65.051889 	 77.522100
   30 	 25.736400 	 64.081309 	 76.312100
   31 	 25.305700 	 64.805720 	 77.622800
   32 	 25.305700 	 64.642527 	 77.218600
   33 	 29.939400 	 65.327589 	 77.423000
   34 	 25.279700 	 65.876496 	 77.419800
   35 	 29.858900 	 66.554258 	 77.217200
   36 	 21.076100 	 65.375402 	 77.522100
   37 	 31.030900 	 64.738346 	 77.420600
   38 	 27.258500 	 64.096324 	 77.420600
   39 	 34.754600 	 63.376257 	 77.318500
   40 	 22.904100 	 63.837029 	 76.516100
   41 	 47.015400 	 65.484574 	 76.617400
   42 	 41.091300 	 66.156809 	 77.725700
   43 	 47.408800 	 66.362059 	 77.117900
   44 	 36.862000 	 66.494391 	 77.626000
   45 	 36.862000 	 65.072033 	 77.218200
   46 	 40.301300 	 66.350488 	 77.319500
   47 	 40.553700 	 65.633039 	 77.420600
   48 	 43.095500 	 66.275169 	 76.915300
   49 	 32.794900 	 66.376129 	 77.220200
 