   0 	 1.135500 	 25.030584 	 58.325400
    1 	 2.820300 	 29.998738 	 67.827800
    2 	 2.639700 	 36.865405 	 71.782100
    3 	 11.954400 	 37.534039 	 66.390200
    4 	 8.351300 	 38.749269 	 66.700100
    5 	 15.969400 	 41.337392 	 66.700100
    6 	 12.230600 	 42.457872 	 72.524100
    7 	 10.795000 	 44.613101 	 72.130500
    8 	 13.364200 	 43.657338 	 73.643800
    9 	 10.818100 	 48.732415 	 75.936500
   10 	 26.842100 	 52.348289 	 75.936500
   11 	 8.488300 	 54.035775 	 75.530100
   12 	 27.309200 	 54.708658 	 75.816200
   13 	 24.210000 	 53.652033 	 76.110100
   14 	 23.718600 	 54.698241 	 77.725700
   15 	 24.983000 	 54.442910 	 75.223000
   16 	 23.399700 	 54.267646 	 75.232400
   17 	 23.970600 	 55.324136 	 75.720900
   18 	 12.405600 	 55.649579 	 76.415000
   19 	 6.805200 	 54.093322 	 76.415000
   20 	 5.623400 	 56.573939 	 76.106500
   21 	 22.532000 	 58.322966 	 77.421000
   22 	 23.893700 	 57.930620 	 77.724900
   23 	 0.121600 	 57.157861 	 77.724900
   24 	 4.164900 	 57.580657 	 77.217000
   25 	 13.584900 	 59.888417 	 77.523700
   26 	 32.479400 	 60.539890 	 77.930100
   27 	 21.429800 	 57.579096 	 78.132900
   28 	 19.830800 	 58.777077 	 77.523700
   29 	 26.801000 	 61.277140 	 76.631400
   30 	 27.234100 	 62.437415 	 76.914100
   31 	 23.222600 	 62.364667 	 77.726900
   32 	 7.148600 	 59.599447 	 77.318900
   33 	 25.924100 	 61.363382 	 77.827000
   34 	 26.413400 	 64.707395 	 77.524100
   35 	 27.336300 	 63.980590 	 77.524100
   36 	 19.441800 	 63.951915 	 77.421000
   37 	 28.533900 	 66.263854 	 77.930100
   38 	 31.637900 	 66.473850 	 77.724900
   39 	 26.647200 	 65.892355 	 77.421000
   40 	 31.000600 	 66.500915 	 77.421800
   41 	 24.704800 	 66.428654 	 77.321100
   42 	 22.117400 	 65.205401 	 77.421800
   43 	 33.632100 	 66.642011 	 77.928500
   44 	 39.640500 	 66.812656 	 77.625800
   45 	 39.753300 	 66.083010 	 77.218000
   46 	 31.665300 	 66.381087 	 77.318900
   47 	 25.359200 	 65.606608 	 78.030200
   48 	 22.492000 	 64.354500 	 77.728100
   49 	 23.936500 	 65.537233 	 78.132300
 