   0 	 1.970900 	 26.023095 	 60.471400
    1 	 5.482400 	 32.722388 	 68.648100
    2 	 5.145000 	 34.735950 	 66.090900
    3 	 8.442900 	 39.434767 	 68.215000
    4 	 16.362500 	 43.810262 	 67.056100
    5 	 7.185200 	 45.163342 	 67.210800
    6 	 15.336600 	 45.751106 	 69.002600
    7 	 15.039000 	 45.472496 	 68.420300
    8 	 13.481100 	 45.353661 	 69.927000
    9 	 22.546400 	 48.486646 	 67.028100
   10 	 12.934800 	 49.382223 	 74.217400
   11 	 4.093700 	 50.066375 	 74.413800
   12 	 4.244000 	 51.202249 	 72.255000
   13 	 21.870800 	 53.022205 	 72.043700
   14 	 29.291300 	 53.862496 	 73.330500
   15 	 21.166100 	 53.454976 	 75.207600
   16 	 20.916500 	 53.442408 	 74.067600
   17 	 20.291300 	 54.603164 	 75.811000
   18 	 16.205400 	 52.882424 	 75.401400
   19 	 14.861200 	 53.891550 	 73.623800
   20 	 27.862500 	 57.050847 	 72.830100
   21 	 24.396200 	 55.282872 	 76.718100
   22 	 26.088300 	 57.288178 	 77.522900
   23 	 19.992600 	 56.198011 	 77.126900
   24 	 20.391500 	 52.940345 	 76.520900
   25 	 17.818500 	 55.616031 	 75.306500
   26 	 10.074500 	 55.333551 	 76.213400
   27 	 22.622400 	 55.717648 	 76.213400
   28 	 22.970000 	 57.758813 	 76.417800
   29 	 8.828200 	 56.388061 	 76.411800
   30 	 26.443400 	 56.614206 	 76.216200
   31 	 18.198200 	 57.747654 	 76.618400
   32 	 9.711000 	 54.493023 	 76.618400
   33 	 29.050400 	 56.701609 	 76.813200
   34 	 8.698100 	 56.198741 	 75.609000
   35 	 21.979600 	 59.098738 	 75.704500
   36 	 19.656800 	 59.658581 	 76.721700
   37 	 26.792600 	 57.516773 	 75.407200
   38 	 28.712900 	 59.722031 	 74.946900
   39 	 24.104900 	 58.866956 	 77.013800
   40 	 27.692500 	 58.928692 	 76.514900
   41 	 22.584800 	 56.731622 	 76.813200
   42 	 19.935200 	 59.513046 	 76.813200
   43 	 37.707700 	 62.797750 	 76.610400
   44 	 37.077200 	 63.728894 	 76.922900
   45 	 17.701000 	 64.608418 	 77.827800
   46 	 27.422400 	 65.138769 	 77.827800
   47 	 30.882500 	 65.271790 	 77.928500
   48 	 29.013300 	 65.157451 	 77.725700
   49 	 38.302100 	 65.072724 	 76.914500
 