   0 	 1.145100 	 24.870929 	 59.238500
    1 	 4.392600 	 33.209785 	 61.333300
    2 	 7.665000 	 35.704649 	 68.449200
    3 	 10.394100 	 40.570856 	 61.604000
    4 	 12.920500 	 41.859354 	 67.677600
    5 	 5.432600 	 43.916369 	 68.954100
    6 	 7.932600 	 44.286119 	 73.709100
    7 	 7.688900 	 46.765342 	 71.927000
    8 	 12.762700 	 49.072099 	 73.934500
    9 	 21.532500 	 50.192486 	 70.386200
   10 	 19.791500 	 51.299511 	 73.016600
   11 	 27.884900 	 52.613687 	 69.929300
   12 	 25.199400 	 55.643333 	 69.965100
   13 	 17.589400 	 54.244777 	 71.040900
   14 	 26.469000 	 54.751109 	 69.923500
   15 	 15.151800 	 52.687062 	 69.277000
   16 	 13.145700 	 53.661592 	 73.718900
   17 	 7.095700 	 51.963895 	 72.353900
   18 	 16.009400 	 52.085259 	 72.353900
   19 	 17.007700 	 51.151034 	 73.513100
   20 	 16.426100 	 51.686406 	 72.848200
   21 	 22.502700 	 52.971105 	 71.783700
   22 	 23.725800 	 51.060897 	 73.041300
   23 	 7.250200 	 52.927489 	 70.592300
   24 	 21.654400 	 51.645870 	 74.205600
   25 	 19.305400 	 51.553766 	 72.454600
   26 	 19.550600 	 53.692219 	 72.645000
   27 	 17.306700 	 50.821529 	 73.461400
   28 	 15.913700 	 52.245083 	 75.006200
   29 	 23.417000 	 53.446983 	 75.006200
   30 	 22.886900 	 55.934306 	 75.300500
   31 	 25.747700 	 56.816835 	 76.409400
   32 	 25.747700 	 56.010090 	 75.504900
   33 	 25.219800 	 55.179933 	 76.110100
   34 	 10.296900 	 55.884573 	 75.808600
   35 	 16.575200 	 55.438032 	 76.411800
   36 	 29.844800 	 59.369750 	 76.415000
   37 	 31.447700 	 59.992822 	 76.415000
   38 	 25.143500 	 59.846343 	 77.324300
   39 	 20.410100 	 59.941692 	 76.815000
   40 	 23.705300 	 61.171377 	 76.714100
   41 	 25.598100 	 63.810334 	 76.316100
   42 	 28.706100 	 62.332233 	 76.306500
   43 	 34.596600 	 65.097895 	 76.712100
   44 	 38.893100 	 65.897177 	 76.813400
   45 	 33.101900 	 64.025058 	 77.318100
   46 	 25.391300 	 63.423257 	 77.522100
   47 	 22.249400 	 63.455493 	 77.522100
   48 	 20.755400 	 63.714887 	 77.220400
   49 	 30.757400 	 62.581588 	 76.709700
 