   0 	 1.303700 	 28.366242 	 68.470200
    1 	 2.626500 	 33.163732 	 66.818100
    2 	 9.936400 	 41.014199 	 70.809300
    3 	 12.202100 	 40.283272 	 67.464600
    4 	 8.203700 	 42.434903 	 71.416900
    5 	 12.057400 	 45.283106 	 66.785000
    6 	 15.551400 	 42.950719 	 65.991400
    7 	 7.066100 	 43.319910 	 65.219400
    8 	 17.262500 	 42.633298 	 68.692000
    9 	 10.125700 	 43.071149 	 67.165400
   10 	 14.241200 	 45.334716 	 71.963300
   11 	 4.577400 	 46.137344 	 72.397100
   12 	 1.696900 	 46.841783 	 71.526600
   13 	 9.651000 	 45.633711 	 73.357900
   14 	 11.826600 	 47.323015 	 67.394900
   15 	 8.582600 	 46.499664 	 73.359700
   16 	 12.224200 	 46.569829 	 67.782200
   17 	 8.047500 	 46.161279 	 72.773900
   18 	 14.870700 	 46.488721 	 72.948500
   19 	 22.421000 	 48.119943 	 72.176300
   20 	 20.391500 	 48.379594 	 72.237100
   21 	 15.486500 	 48.513147 	 73.035500
   22 	 10.017800 	 50.982906 	 71.870600
   23 	 18.983800 	 50.444507 	 73.425800
   24 	 20.435400 	 50.725034 	 73.437800
   25 	 25.343300 	 49.931974 	 71.072200
   26 	 16.645900 	 50.104906 	 74.318100
   27 	 16.645900 	 50.762995 	 71.267600
   28 	 12.587600 	 51.127476 	 72.063800
   29 	 25.696100 	 53.072800 	 74.115300
   30 	 19.959300 	 57.125826 	 74.214200
   31 	 2.761100 	 54.227760 	 75.217400
   32 	 22.829400 	 55.555540 	 75.217400
   33 	 13.365900 	 56.670424 	 75.623000
   34 	 16.996500 	 56.855013 	 74.270600
   35 	 24.691800 	 59.807683 	 73.936100
   36 	 14.016600 	 58.615066 	 73.936100
   37 	 10.583800 	 58.465598 	 73.936100
   38 	 23.743500 	 58.932435 	 73.552100
   39 	 23.029100 	 58.448444 	 76.713700
   40 	 26.899300 	 58.775307 	 75.206200
   41 	 22.905700 	 56.033002 	 74.722700
   42 	 9.845900 	 55.338618 	 76.313900
   43 	 23.196600 	 56.392424 	 74.623400
   44 	 23.205800 	 55.557249 	 75.310700
   45 	 18.277700 	 56.860610 	 74.512300
   46 	 18.846100 	 55.804068 	 73.711700
   47 	 20.745100 	 54.663794 	 73.112500
   48 	 22.903800 	 55.977401 	 73.074600
   49 	 26.797100 	 57.630379 	 75.209000
 