   0 	 1.369000 	 26.877208 	 66.709200
    1 	 2.535000 	 33.630628 	 75.210000
    2 	 5.716500 	 39.678544 	 76.016400
    3 	 12.894800 	 44.020247 	 73.254600
    4 	 13.033400 	 45.754161 	 73.352100
    5 	 14.135400 	 46.320534 	 74.515700
    6 	 12.190700 	 47.548364 	 74.515700
    7 	 19.546700 	 51.256914 	 74.654600
    8 	 20.656200 	 50.801681 	 74.654600
    9 	 22.571000 	 51.872502 	 74.654600
   10 	 11.809100 	 50.983539 	 74.658600
   11 	 5.600300 	 55.978528 	 75.821000
   12 	 23.545800 	 55.544785 	 75.821000
   13 	 20.466900 	 55.146384 	 75.821000
   14 	 12.868600 	 55.256226 	 74.213400
   15 	 15.237400 	 55.184568 	 76.316500
   16 	 22.482700 	 55.839867 	 76.205600
   17 	 27.083400 	 56.511084 	 73.259600
   18 	 9.706100 	 53.673398 	 76.811400
   19 	 9.799000 	 51.420882 	 75.120100
   20 	 11.264900 	 49.490297 	 74.546100
   21 	 18.142500 	 50.925491 	 75.704900
   22 	 19.782600 	 52.687360 	 72.936300
   23 	 11.472600 	 50.667020 	 72.072200
   24 	 0.023300 	 51.819999 	 73.424600
   25 	 13.676300 	 53.846170 	 77.622600
   26 	 13.116300 	 53.973412 	 73.573700
   27 	 9.859400 	 54.774096 	 77.015000
   28 	 31.510600 	 54.595706 	 77.015000
   29 	 5.893100 	 54.764471 	 75.525100
   30 	 23.369800 	 55.099015 	 77.217000
   31 	 13.761300 	 55.279113 	 77.217400
   32 	 0.469000 	 56.739159 	 76.421800
   33 	 7.239000 	 56.757713 	 76.611000
   34 	 15.243800 	 56.838347 	 77.318500
   35 	 21.177400 	 58.668449 	 77.521900
   36 	 17.576600 	 57.914388 	 77.317900
   37 	 21.505000 	 58.513025 	 77.522700
   38 	 17.722600 	 58.405115 	 77.419400
   39 	 23.258200 	 57.768249 	 77.521900
   40 	 18.427000 	 60.309588 	 77.827400
   41 	 28.825400 	 61.946493 	 77.013800
   42 	 33.245100 	 62.650671 	 77.521300
   43 	 24.830600 	 63.295890 	 77.117900
   44 	 22.485400 	 62.720824 	 76.107500
   45 	 32.626100 	 62.724168 	 76.709700
   46 	 23.948200 	 62.018226 	 77.216600
   47 	 26.593700 	 63.710226 	 77.216600
   48 	 26.589800 	 63.968027 	 77.827400
   49 	 33.682500 	 65.575572 	 77.421800
 