   0 	 1.642100 	 25.069496 	 74.156900
    1 	 0.732900 	 33.075231 	 74.156900
    2 	 5.742900 	 38.847706 	 75.712100
    3 	 4.162500 	 45.827506 	 75.712100
    4 	 3.383600 	 50.800473 	 75.122900
    5 	 12.872200 	 52.088450 	 76.407600
    6 	 15.293400 	 56.483809 	 76.407000
    7 	 14.984400 	 56.484975 	 75.606800
    8 	 2.082000 	 57.848660 	 75.506100
    9 	 9.851400 	 59.073574 	 75.506100
   10 	 29.072600 	 59.640785 	 73.807200
   11 	 24.349900 	 57.045920 	 75.819400
   12 	 21.031700 	 56.158940 	 74.524100
   13 	 14.990600 	 56.930863 	 75.312900
   14 	 19.526500 	 57.923592 	 75.704900
   15 	 19.176500 	 57.317074 	 75.704900
   16 	 17.763800 	 58.536817 	 76.009400
   17 	 21.061600 	 58.560185 	 76.112900
   18 	 22.138900 	 56.519340 	 75.106100
   19 	 18.955000 	 58.349538 	 76.410000
   20 	 22.054100 	 56.962903 	 74.902500
   21 	 22.181600 	 58.412336 	 75.101300
   22 	 22.181600 	 59.168448 	 75.605400
   23 	 30.150500 	 60.020952 	 75.605000
   24 	 11.369400 	 56.926958 	 75.805000
   25 	 34.653200 	 60.467807 	 75.904500
   26 	 27.529300 	 61.047969 	 75.504900
   27 	 37.137300 	 63.167999 	 75.506900
   28 	 37.125600 	 62.300670 	 75.807200
   29 	 15.624600 	 62.200800 	 76.108100
   30 	 16.923400 	 60.066732 	 75.301700
   31 	 27.537900 	 60.697815 	 75.717700
   32 	 15.649800 	 60.831221 	 75.510900
   33 	 29.881000 	 58.936313 	 75.130900
   34 	 14.656900 	 58.119268 	 75.135500
   35 	 25.204400 	 58.410538 	 75.029400
   36 	 19.920900 	 59.314558 	 75.713700
   37 	 25.850600 	 60.216444 	 75.207600
   38 	 25.981400 	 59.684540 	 74.726900
   39 	 31.300100 	 60.931374 	 76.106900
   40 	 1.207700 	 60.310604 	 75.809400
   41 	 26.423400 	 60.786739 	 76.711700
   42 	 33.943400 	 62.358573 	 76.818200
   43 	 30.872500 	 61.438098 	 77.321100
   44 	 25.773600 	 59.166501 	 76.820400
   45 	 9.207500 	 59.900158 	 76.820400
   46 	 20.052600 	 59.978822 	 76.823000
   47 	 26.422200 	 61.700434 	 76.211000
   48 	 32.592100 	 60.459379 	 75.915500
   49 	 31.327700 	 61.392081 	 75.805000
 