   0 	 -0.200000 	 0.009633 	 0.200000
    1 	 0.000000 	 0.131733 	 0.200000
    2 	 0.000000 	 0.151000 	 0.200000
    3 	 -0.100000 	 0.157333 	 0.200000
    4 	 -0.066667 	 0.157333 	 0.200000
    5 	 0.000000 	 0.177667 	 0.200000
    6 	 -0.066667 	 0.178233 	 0.200000
    7 	 -0.066667 	 0.180500 	 0.200000
    8 	 -0.066667 	 0.184833 	 0.200000
    9 	 0.000000 	 0.191000 	 0.200000
   10 	 -0.066667 	 0.187000 	 0.200000
   11 	 -0.066667 	 0.191833 	 0.200000
   12 	 0.000000 	 0.193000 	 0.200000
   13 	 0.000000 	 0.194500 	 0.200000
   14 	 -0.066667 	 0.185167 	 0.200000
   15 	 -0.066667 	 0.185667 	 0.200000
   16 	 -0.066667 	 0.181000 	 0.200000
   17 	 0.000000 	 0.194667 	 0.200000
   18 	 -0.066667 	 0.184833 	 0.200000
   19 	 -0.066667 	 0.189667 	 0.200000
   20 	 0.000000 	 0.193167 	 0.200000
   21 	 0.000000 	 0.190667 	 0.200000
   22 	 -0.066667 	 0.186167 	 0.200000
   23 	 -0.066667 	 0.184500 	 0.200000
   24 	 -0.066667 	 0.188000 	 0.200000
   25 	 -0.066667 	 0.190000 	 0.200000
   26 	 0.000000 	 0.192167 	 0.200000
   27 	 -0.066667 	 0.190667 	 0.200000
   28 	 0.000000 	 0.196000 	 0.200000
   29 	 -0.066667 	 0.196333 	 0.200000
   30 	 -0.066667 	 0.196333 	 0.200000
   31 	 0.050000 	 0.197500 	 0.200000
   32 	 -0.066667 	 0.194667 	 0.200000
   33 	 0.000000 	 0.192500 	 0.200000
   34 	 -0.066667 	 0.193833 	 0.200000
   35 	 0.100000 	 0.199000 	 0.200000
   36 	 0.200000 	 0.200000 	 0.200000
   37 	 0.000000 	 0.197000 	 0.200000
   38 	 -0.066667 	 0.191833 	 0.200000
   39 	 0.000000 	 0.193333 	 0.200000
   40 	 -0.066667 	 0.186833 	 0.200000
   41 	 0.050000 	 0.194167 	 0.200000
   42 	 -0.066667 	 0.193333 	 0.200000
   43 	 -0.100000 	 0.195000 	 0.200000
   44 	 -0.066667 	 0.187000 	 0.200000
   45 	 -0.100000 	 0.189833 	 0.200000
   46 	 -0.066667 	 0.193833 	 0.200000
   47 	 -0.066667 	 0.193333 	 0.200000
   48 	 0.000000 	 0.194667 	 0.200000
   49 	 -0.066667 	 0.191500 	 0.200000
 