   0 	 -0.200000 	 0.015467 	 0.200000
    1 	 -0.066667 	 0.125167 	 0.200000
    2 	 -0.100000 	 0.140333 	 0.200000
    3 	 -0.066667 	 0.160000 	 0.200000
    4 	 -0.066667 	 0.172333 	 0.200000
    5 	 -0.066667 	 0.184000 	 0.200000
    6 	 -0.066667 	 0.180000 	 0.200000
    7 	 -0.100000 	 0.174833 	 0.200000
    8 	 0.000000 	 0.187167 	 0.200000
    9 	 -0.066667 	 0.185833 	 0.200000
   10 	 -0.066667 	 0.184833 	 0.200000
   11 	 0.000000 	 0.192500 	 0.200000
   12 	 -0.066667 	 0.186000 	 0.200000
   13 	 -0.100000 	 0.194000 	 0.200000
   14 	 -0.066667 	 0.191833 	 0.200000
   15 	 -0.066667 	 0.192500 	 0.200000
   16 	 -0.066667 	 0.190667 	 0.200000
   17 	 -0.066667 	 0.188167 	 0.200000
   18 	 -0.066667 	 0.188500 	 0.200000
   19 	 0.000000 	 0.197000 	 0.200000
   20 	 -0.066667 	 0.190167 	 0.200000
   21 	 -0.066667 	 0.194333 	 0.200000
   22 	 0.200000 	 0.200000 	 0.200000
   23 	 0.000000 	 0.197000 	 0.200000
   24 	 -0.066667 	 0.187167 	 0.200000
   25 	 -0.066667 	 0.188333 	 0.200000
   26 	 -0.066667 	 0.188667 	 0.200000
   27 	 0.000000 	 0.191000 	 0.200000
   28 	 0.050000 	 0.196500 	 0.200000
   29 	 -0.066667 	 0.191000 	 0.200000
   30 	 0.000000 	 0.194000 	 0.200000
   31 	 -0.100000 	 0.189333 	 0.200000
   32 	 -0.066667 	 0.176000 	 0.200000
   33 	 -0.066667 	 0.188333 	 0.200000
   34 	 -0.066667 	 0.190333 	 0.200000
   35 	 0.050000 	 0.197167 	 0.200000
   36 	 -0.066667 	 0.192833 	 0.200000
   37 	 0.000000 	 0.193167 	 0.200000
   38 	 -0.066667 	 0.192333 	 0.200000
   39 	 -0.066667 	 0.189333 	 0.200000
   40 	 -0.066667 	 0.184833 	 0.200000
   41 	 -0.066667 	 0.186333 	 0.200000
   42 	 -0.066667 	 0.187667 	 0.200000
   43 	 -0.066667 	 0.187567 	 0.200000
   44 	 0.000000 	 0.191000 	 0.200000
   45 	 -0.066667 	 0.190000 	 0.200000
   46 	 0.000000 	 0.194167 	 0.200000
   47 	 0.050000 	 0.197500 	 0.200000
   48 	 0.050000 	 0.198500 	 0.200000
   49 	 -0.066667 	 0.192833 	 0.200000
 