   0 	 -0.200000 	 -0.008767 	 0.200000
    1 	 -0.200000 	 -0.061500 	 0.200000
    2 	 -0.200000 	 -0.062500 	 0.200000
    3 	 -0.066667 	 -0.063833 	 0.200000
    4 	 -0.066667 	 -0.061167 	 0.200000
    5 	 -0.066667 	 -0.063833 	 0.200000
    6 	 -0.066667 	 -0.063667 	 0.200000
    7 	 -0.200000 	 -0.068167 	 -0.050000
    8 	 -0.066667 	 -0.063333 	 0.200000
    9 	 -0.066667 	 -0.063667 	 0.200000
   10 	 -0.200000 	 -0.067833 	 -0.050000
   11 	 -0.200000 	 -0.065333 	 0.200000
   12 	 -0.200000 	 -0.070667 	 -0.066667
   13 	 -0.200000 	 -0.065500 	 0.200000
   14 	 -0.200000 	 -0.067667 	 -0.050000
   15 	 -0.100000 	 -0.067000 	 -0.066667
   16 	 -0.100000 	 -0.061167 	 0.200000
   17 	 -0.200000 	 -0.060333 	 0.200000
   18 	 -0.100000 	 -0.064167 	 0.200000
   19 	 -0.200000 	 -0.065667 	 0.200000
   20 	 -0.100000 	 -0.061667 	 0.200000
   21 	 -0.100000 	 -0.062333 	 0.200000
   22 	 -0.200000 	 -0.069000 	 -0.066667
   23 	 -0.200000 	 -0.068667 	 -0.066667
   24 	 -0.200000 	 -0.067833 	 -0.050000
   25 	 -0.066667 	 -0.063833 	 0.200000
   26 	 -0.100000 	 -0.063667 	 0.200000
   27 	 -0.100000 	 -0.062167 	 0.200000
   28 	 -0.100000 	 -0.058833 	 0.200000
   29 	 -0.100000 	 -0.062333 	 0.200000
   30 	 -0.066667 	 -0.063000 	 0.200000
   31 	 -0.100000 	 -0.060833 	 0.200000
   32 	 -0.066667 	 -0.062500 	 0.200000
   33 	 -0.066667 	 -0.066333 	 -0.050000
   34 	 -0.100000 	 -0.062667 	 0.200000
   35 	 -0.100000 	 -0.064000 	 0.200000
   36 	 -0.100000 	 -0.066333 	 0.000000
   37 	 -0.100000 	 -0.063833 	 0.066667
   38 	 -0.200000 	 -0.003333 	 0.000000
   39 	 -0.200000 	 -0.004667 	 0.000000
   40 	 -0.200000 	 -0.003167 	 0.050000
   41 	 -0.200000 	 -0.004167 	 0.050000
   42 	 -0.200000 	 -0.003000 	 0.050000
   43 	 0.000000 	 0.052000 	 0.200000
   44 	 0.050000 	 0.062167 	 0.200000
   45 	 0.000000 	 0.080500 	 0.200000
   46 	 0.000000 	 0.113000 	 0.200000
   47 	 0.000000 	 0.146500 	 0.200000
   48 	 0.000000 	 0.182333 	 0.200000
   49 	 0.050000 	 0.189667 	 0.200000
 