   0 	 -0.200000 	 0.002333 	 0.200000
    1 	 -0.200000 	 0.153667 	 0.200000
    2 	 -0.066667 	 0.170500 	 0.200000
    3 	 -0.066667 	 0.185667 	 0.200000
    4 	 -0.066667 	 0.188500 	 0.200000
    5 	 -0.066667 	 0.187667 	 0.200000
    6 	 -0.066667 	 0.187833 	 0.200000
    7 	 -0.050000 	 0.195167 	 0.200000
    8 	 0.066667 	 0.196667 	 0.200000
    9 	 0.000000 	 0.196667 	 0.200000
   10 	 0.000000 	 0.195667 	 0.200000
   11 	 -0.066667 	 0.187333 	 0.200000
   12 	 -0.066667 	 0.187000 	 0.200000
   13 	 0.000000 	 0.189500 	 0.200000
   14 	 -0.066667 	 0.186167 	 0.200000
   15 	 0.000000 	 0.191667 	 0.200000
   16 	 -0.066667 	 0.190333 	 0.200000
   17 	 0.000000 	 0.195500 	 0.200000
   18 	 -0.066667 	 0.193667 	 0.200000
   19 	 -0.066667 	 0.187667 	 0.200000
   20 	 0.000000 	 0.192000 	 0.200000
   21 	 -0.066667 	 0.192833 	 0.200000
   22 	 -0.066667 	 0.196333 	 0.200000
   23 	 0.000000 	 0.195000 	 0.200000
   24 	 0.050000 	 0.198500 	 0.200000
   25 	 0.100000 	 0.196000 	 0.200000
   26 	 0.050000 	 0.193000 	 0.200000
   27 	 -0.066667 	 0.193333 	 0.200000
   28 	 -0.066667 	 0.186500 	 0.200000
   29 	 -0.066667 	 0.190500 	 0.200000
   30 	 0.050000 	 0.191833 	 0.200000
   31 	 0.000000 	 0.197000 	 0.200000
   32 	 0.050000 	 0.196500 	 0.200000
   33 	 0.100000 	 0.195000 	 0.200000
   34 	 0.000000 	 0.189000 	 0.200000
   35 	 -0.100000 	 0.188667 	 0.200000
   36 	 0.000000 	 0.196000 	 0.200000
   37 	 0.000000 	 0.196000 	 0.200000
   38 	 -0.066667 	 0.185500 	 0.200000
   39 	 -0.066667 	 0.196000 	 0.200000
   40 	 0.000000 	 0.195000 	 0.200000
   41 	 -0.066667 	 0.194833 	 0.200000
   42 	 -0.066667 	 0.192000 	 0.200000
   43 	 -0.066667 	 0.189833 	 0.200000
   44 	 -0.066667 	 0.194833 	 0.200000
   45 	 0.000000 	 0.191167 	 0.200000
   46 	 0.000000 	 0.196000 	 0.200000
   47 	 -0.066667 	 0.189833 	 0.200000
   48 	 0.000000 	 0.197000 	 0.200000
   49 	 -0.066667 	 0.192333 	 0.200000
 