   0 	 -0.200000 	 0.005600 	 0.200000
    1 	 -0.066667 	 0.087700 	 0.200000
    2 	 0.000000 	 0.114333 	 0.200000
    3 	 0.000000 	 0.131833 	 0.200000
    4 	 -0.200000 	 0.139667 	 0.200000
    5 	 -0.100000 	 0.164667 	 0.200000
    6 	 0.000000 	 0.172000 	 0.200000
    7 	 -0.066667 	 0.163000 	 0.200000
    8 	 -0.050000 	 0.154000 	 0.200000
    9 	 0.000000 	 0.180333 	 0.200000
   10 	 0.000000 	 0.177000 	 0.200000
   11 	 -0.100000 	 0.168667 	 0.200000
   12 	 -0.066667 	 0.180833 	 0.200000
   13 	 0.000000 	 0.174667 	 0.200000
   14 	 0.000000 	 0.172333 	 0.200000
   15 	 -0.066667 	 0.166167 	 0.200000
   16 	 -0.066667 	 0.173500 	 0.200000
   17 	 0.000000 	 0.170667 	 0.200000
   18 	 0.000000 	 0.174000 	 0.200000
   19 	 -0.066667 	 0.185833 	 0.200000
   20 	 -0.066667 	 0.183000 	 0.200000
   21 	 -0.066667 	 0.178000 	 0.200000
   22 	 -0.066667 	 0.178167 	 0.200000
   23 	 -0.066667 	 0.178000 	 0.200000
   24 	 -0.066667 	 0.187000 	 0.200000
   25 	 0.000000 	 0.178000 	 0.200000
   26 	 -0.100000 	 0.178500 	 0.200000
   27 	 0.000000 	 0.180000 	 0.200000
   28 	 0.000000 	 0.176500 	 0.200000
   29 	 -0.066667 	 0.171400 	 0.200000
   30 	 -0.066667 	 0.177500 	 0.200000
   31 	 -0.066667 	 0.178833 	 0.200000
   32 	 -0.066667 	 0.166500 	 0.200000
   33 	 0.000000 	 0.165667 	 0.200000
   34 	 -0.066667 	 0.165000 	 0.200000
   35 	 0.000000 	 0.180000 	 0.200000
   36 	 -0.066667 	 0.166833 	 0.200000
   37 	 0.000000 	 0.183667 	 0.200000
   38 	 -0.066667 	 0.164333 	 0.200000
   39 	 -0.200000 	 0.171000 	 0.200000
   40 	 -0.066667 	 0.182333 	 0.200000
   41 	 0.000000 	 0.179167 	 0.200000
   42 	 -0.066667 	 0.182833 	 0.200000
   43 	 -0.066667 	 0.174000 	 0.200000
   44 	 -0.066667 	 0.181833 	 0.200000
   45 	 -0.066667 	 0.161333 	 0.200000
   46 	 0.000000 	 0.173833 	 0.200000
   47 	 0.000000 	 0.159000 	 0.200000
   48 	 -0.066667 	 0.174167 	 0.200000
   49 	 -0.066667 	 0.175333 	 0.200000
 