   0 	 -0.200000 	 0.007500 	 0.200000
    1 	 0.000000 	 0.116833 	 0.200000
    2 	 -0.200000 	 0.131833 	 0.200000
    3 	 -0.066667 	 0.142733 	 0.200000
    4 	 -0.050000 	 0.157167 	 0.200000
    5 	 -0.066667 	 0.160833 	 0.200000
    6 	 0.000000 	 0.187500 	 0.200000
    7 	 -0.066667 	 0.169333 	 0.200000
    8 	 -0.066667 	 0.175333 	 0.200000
    9 	 -0.066667 	 0.179333 	 0.200000
   10 	 0.000000 	 0.181500 	 0.200000
   11 	 0.100000 	 0.192000 	 0.200000
   12 	 0.000000 	 0.185000 	 0.200000
   13 	 -0.066667 	 0.188333 	 0.200000
   14 	 -0.066667 	 0.180667 	 0.200000
   15 	 -0.066667 	 0.188333 	 0.200000
   16 	 -0.100000 	 0.181833 	 0.200000
   17 	 0.066667 	 0.194667 	 0.200000
   18 	 0.050000 	 0.196500 	 0.200000
   19 	 0.000000 	 0.196500 	 0.200000
   20 	 -0.066667 	 0.189667 	 0.200000
   21 	 -0.066667 	 0.190333 	 0.200000
   22 	 0.000000 	 0.193167 	 0.200000
   23 	 -0.066667 	 0.188667 	 0.200000
   24 	 0.000000 	 0.189500 	 0.200000
   25 	 0.000000 	 0.193900 	 0.200000
   26 	 0.050000 	 0.192500 	 0.200000
   27 	 -0.066667 	 0.187833 	 0.200000
   28 	 -0.066667 	 0.189667 	 0.200000
   29 	 -0.100000 	 0.192667 	 0.200000
   30 	 -0.066667 	 0.192333 	 0.200000
   31 	 -0.066667 	 0.188333 	 0.200000
   32 	 0.066667 	 0.197667 	 0.200000
   33 	 -0.066667 	 0.192500 	 0.200000
   34 	 -0.066667 	 0.195333 	 0.200000
   35 	 -0.066667 	 0.189667 	 0.200000
   36 	 -0.066667 	 0.184333 	 0.200000
   37 	 -0.066667 	 0.182500 	 0.200000
   38 	 0.000000 	 0.191500 	 0.200000
   39 	 0.050000 	 0.196000 	 0.200000
   40 	 -0.066667 	 0.186500 	 0.200000
   41 	 -0.066667 	 0.190167 	 0.200000
   42 	 -0.066667 	 0.183000 	 0.200000
   43 	 -0.066667 	 0.188333 	 0.200000
   44 	 -0.066667 	 0.191000 	 0.200000
   45 	 -0.066667 	 0.193333 	 0.200000
   46 	 0.050000 	 0.195500 	 0.200000
   47 	 -0.066667 	 0.192333 	 0.200000
   48 	 0.000000 	 0.193500 	 0.200000
   49 	 -0.066667 	 0.193833 	 0.200000
 