   0 	 -0.200000 	 0.006900 	 0.200000
    1 	 -0.066667 	 0.175500 	 0.200000
    2 	 -0.066667 	 0.169333 	 0.200000
    3 	 0.000000 	 0.177000 	 0.200000
    4 	 0.000000 	 0.185000 	 0.200000
    5 	 -0.100000 	 0.171500 	 0.200000
    6 	 -0.066667 	 0.174833 	 0.200000
    7 	 -0.066667 	 0.174500 	 0.200000
    8 	 -0.066667 	 0.167500 	 0.200000
    9 	 0.000000 	 0.183167 	 0.200000
   10 	 -0.066667 	 0.179400 	 0.200000
   11 	 0.000000 	 0.188667 	 0.200000
   12 	 -0.100000 	 0.164000 	 0.200000
   13 	 -0.066667 	 0.170000 	 0.200000
   14 	 0.000000 	 0.179333 	 0.200000
   15 	 -0.050000 	 0.170667 	 0.200000
   16 	 0.000000 	 0.177333 	 0.200000
   17 	 0.000000 	 0.168500 	 0.200000
   18 	 -0.100000 	 0.164333 	 0.200000
   19 	 0.000000 	 0.181000 	 0.200000
   20 	 0.000000 	 0.160667 	 0.200000
   21 	 -0.066667 	 0.164667 	 0.200000
   22 	 -0.066667 	 0.163667 	 0.200000
   23 	 -0.066667 	 0.166667 	 0.200000
   24 	 -0.066667 	 0.174333 	 0.200000
   25 	 -0.066667 	 0.164333 	 0.200000
   26 	 -0.050000 	 0.166167 	 0.200000
   27 	 0.000000 	 0.188000 	 0.200000
   28 	 -0.050000 	 0.182000 	 0.200000
   29 	 -0.066667 	 0.170833 	 0.200000
   30 	 0.000000 	 0.191000 	 0.200000
   31 	 -0.066667 	 0.173667 	 0.200000
   32 	 0.000000 	 0.184667 	 0.200000
   33 	 -0.100000 	 0.172667 	 0.200000
   34 	 -0.100000 	 0.175333 	 0.200000
   35 	 -0.066667 	 0.178667 	 0.200000
   36 	 -0.050000 	 0.190833 	 0.200000
   37 	 -0.066667 	 0.181667 	 0.200000
   38 	 -0.200000 	 0.178667 	 0.200000
   39 	 0.000000 	 0.181333 	 0.200000
   40 	 -0.066667 	 0.179667 	 0.200000
   41 	 -0.066667 	 0.182000 	 0.200000
   42 	 -0.066667 	 0.177333 	 0.200000
   43 	 -0.066667 	 0.179567 	 0.200000
   44 	 -0.066667 	 0.181233 	 0.200000
   45 	 -0.066667 	 0.187500 	 0.200000
   46 	 0.000000 	 0.180667 	 0.200000
   47 	 0.000000 	 0.193000 	 0.200000
   48 	 -0.066667 	 0.182667 	 0.200000
   49 	 -0.066667 	 0.175333 	 0.200000
 