   0 	 -0.200000 	 0.006633 	 0.200000
    1 	 -0.066667 	 0.150733 	 0.200000
    2 	 -0.066667 	 0.162233 	 0.200000
    3 	 -0.100000 	 0.174500 	 0.200000
    4 	 0.000000 	 0.184667 	 0.200000
    5 	 -0.066667 	 0.181167 	 0.200000
    6 	 -0.066667 	 0.174067 	 0.200000
    7 	 0.000000 	 0.183000 	 0.200000
    8 	 -0.050000 	 0.174900 	 0.200000
    9 	 -0.066667 	 0.178833 	 0.200000
   10 	 -0.066667 	 0.178667 	 0.200000
   11 	 -0.066667 	 0.189333 	 0.200000
   12 	 -0.066667 	 0.191000 	 0.200000
   13 	 0.100000 	 0.198000 	 0.200000
   14 	 -0.066667 	 0.190667 	 0.200000
   15 	 -0.066667 	 0.186667 	 0.200000
   16 	 -0.066667 	 0.189667 	 0.200000
   17 	 -0.066667 	 0.193333 	 0.200000
   18 	 0.000000 	 0.195500 	 0.200000
   19 	 0.050000 	 0.196500 	 0.200000
   20 	 -0.066667 	 0.192333 	 0.200000
   21 	 -0.066667 	 0.183833 	 0.200000
   22 	 -0.066667 	 0.179833 	 0.200000
   23 	 -0.100000 	 0.183833 	 0.200000
   24 	 -0.066667 	 0.189333 	 0.200000
   25 	 -0.066667 	 0.189667 	 0.200000
   26 	 0.100000 	 0.198000 	 0.200000
   27 	 0.050000 	 0.194500 	 0.200000
   28 	 -0.066667 	 0.189833 	 0.200000
   29 	 -0.066667 	 0.187333 	 0.200000
   30 	 0.000000 	 0.193500 	 0.200000
   31 	 -0.066667 	 0.193333 	 0.200000
   32 	 -0.066667 	 0.188833 	 0.200000
   33 	 -0.066667 	 0.188333 	 0.200000
   34 	 0.000000 	 0.195000 	 0.200000
   35 	 -0.066667 	 0.194833 	 0.200000
   36 	 -0.066667 	 0.189667 	 0.200000
   37 	 -0.066667 	 0.185333 	 0.200000
   38 	 -0.066667 	 0.193833 	 0.200000
   39 	 0.000000 	 0.194000 	 0.200000
   40 	 0.050000 	 0.196500 	 0.200000
   41 	 -0.066667 	 0.192667 	 0.200000
   42 	 -0.066667 	 0.191833 	 0.200000
   43 	 0.000000 	 0.195000 	 0.200000
   44 	 0.050000 	 0.197000 	 0.200000
   45 	 -0.066667 	 0.187167 	 0.200000
   46 	 0.000000 	 0.188833 	 0.200000
   47 	 -0.066667 	 0.181333 	 0.200000
   48 	 0.050000 	 0.193000 	 0.200000
   49 	 -0.066667 	 0.189833 	 0.200000
 