   0 	 -0.200000 	 -0.005867 	 0.200000
    1 	 -0.200000 	 -0.002000 	 0.050000
    2 	 -0.200000 	 -0.007000 	 0.000000
    3 	 -0.200000 	 -0.002667 	 0.050000
    4 	 -0.200000 	 -0.007333 	 0.000000
    5 	 -0.200000 	 -0.006667 	 0.000000
    6 	 -0.200000 	 -0.005667 	 0.050000
    7 	 0.000000 	 0.000500 	 0.050000
    8 	 0.050000 	 0.050500 	 0.100000
    9 	 0.000000 	 0.053167 	 0.200000
   10 	 0.050000 	 0.067000 	 0.200000
   11 	 -0.066667 	 0.096000 	 0.200000
   12 	 0.000000 	 0.136000 	 0.200000
   13 	 0.050000 	 0.171667 	 0.200000
   14 	 -0.066667 	 0.178833 	 0.200000
   15 	 0.050000 	 0.188000 	 0.200000
   16 	 0.000000 	 0.195500 	 0.200000
   17 	 0.050000 	 0.196000 	 0.200000
   18 	 0.050000 	 0.196500 	 0.200000
   19 	 -0.066667 	 0.192333 	 0.200000
   20 	 -0.066667 	 0.182500 	 0.200000
   21 	 0.000000 	 0.193167 	 0.200000
   22 	 -0.066667 	 0.193333 	 0.200000
   23 	 -0.100000 	 0.192000 	 0.200000
   24 	 -0.066667 	 0.194667 	 0.200000
   25 	 0.000000 	 0.197000 	 0.200000
   26 	 -0.066667 	 0.188667 	 0.200000
   27 	 0.050000 	 0.194000 	 0.200000
   28 	 -0.066667 	 0.189333 	 0.200000
   29 	 -0.066667 	 0.183167 	 0.200000
   30 	 -0.066667 	 0.191167 	 0.200000
   31 	 0.000000 	 0.194500 	 0.200000
   32 	 -0.066667 	 0.189333 	 0.200000
   33 	 -0.066667 	 0.194333 	 0.200000
   34 	 -0.066667 	 0.191833 	 0.200000
   35 	 0.100000 	 0.199000 	 0.200000
   36 	 0.000000 	 0.185500 	 0.200000
   37 	 0.050000 	 0.194500 	 0.200000
   38 	 -0.066667 	 0.189000 	 0.200000
   39 	 -0.066667 	 0.191167 	 0.200000
   40 	 0.000000 	 0.195500 	 0.200000
   41 	 0.100000 	 0.199000 	 0.200000
   42 	 -0.066667 	 0.194833 	 0.200000
   43 	 -0.066667 	 0.185000 	 0.200000
   44 	 -0.050000 	 0.189000 	 0.200000
   45 	 0.050000 	 0.196167 	 0.200000
   46 	 0.000000 	 0.188000 	 0.200000
   47 	 -0.066667 	 0.192500 	 0.200000
   48 	 0.000000 	 0.192000 	 0.200000
   49 	 0.050000 	 0.197500 	 0.200000
 