   0 	 -0.200000 	 0.000333 	 0.200000
    1 	 -0.066667 	 0.186167 	 0.200000
    2 	 -0.066667 	 0.189667 	 0.200000
    3 	 -0.066667 	 0.193833 	 0.200000
    4 	 -0.066667 	 0.188833 	 0.200000
    5 	 -0.066667 	 0.191333 	 0.200000
    6 	 0.100000 	 0.199000 	 0.200000
    7 	 -0.066667 	 0.190833 	 0.200000
    8 	 -0.066667 	 0.194667 	 0.200000
    9 	 -0.066667 	 0.193833 	 0.200000
   10 	 -0.066667 	 0.190667 	 0.200000
   11 	 0.000000 	 0.189500 	 0.200000
   12 	 -0.066667 	 0.191667 	 0.200000
   13 	 0.000000 	 0.192500 	 0.200000
   14 	 0.050000 	 0.197000 	 0.200000
   15 	 0.000000 	 0.197000 	 0.200000
   16 	 -0.066667 	 0.188167 	 0.200000
   17 	 -0.066667 	 0.188167 	 0.200000
   18 	 0.050000 	 0.191500 	 0.200000
   19 	 0.050000 	 0.194500 	 0.200000
   20 	 0.040000 	 0.192400 	 0.200000
   21 	 -0.066667 	 0.185667 	 0.200000
   22 	 0.000000 	 0.192500 	 0.200000
   23 	 -0.066667 	 0.183667 	 0.200000
   24 	 -0.066667 	 0.192833 	 0.200000
   25 	 0.000000 	 0.190000 	 0.200000
   26 	 -0.066667 	 0.193333 	 0.200000
   27 	 -0.066667 	 0.180500 	 0.200000
   28 	 0.000000 	 0.183000 	 0.200000
   29 	 0.000000 	 0.190000 	 0.200000
   30 	 0.000000 	 0.194500 	 0.200000
   31 	 -0.066667 	 0.185333 	 0.200000
   32 	 0.100000 	 0.194000 	 0.200000
   33 	 0.000000 	 0.193000 	 0.200000
   34 	 0.100000 	 0.198000 	 0.200000
   35 	 -0.066667 	 0.187333 	 0.200000
   36 	 -0.066667 	 0.186333 	 0.200000
   37 	 0.000000 	 0.190500 	 0.200000
   38 	 0.000000 	 0.194000 	 0.200000
   39 	 0.050000 	 0.191000 	 0.200000
   40 	 -0.066667 	 0.181833 	 0.200000
   41 	 0.050000 	 0.193000 	 0.200000
   42 	 -0.066667 	 0.192667 	 0.200000
   43 	 -0.066667 	 0.188833 	 0.200000
   44 	 0.000000 	 0.188667 	 0.200000
   45 	 -0.066667 	 0.183500 	 0.200000
   46 	 -0.066667 	 0.192833 	 0.200000
   47 	 -0.066667 	 0.191333 	 0.200000
   48 	 0.050000 	 0.193500 	 0.200000
   49 	 -0.100000 	 0.189667 	 0.200000
 