   0 	 -0.200000 	 -0.004533 	 0.200000
    1 	 -0.100000 	 -0.044667 	 0.200000
    2 	 -0.100000 	 -0.095667 	 0.200000
    3 	 -0.100000 	 -0.095000 	 0.100000
    4 	 -0.100000 	 -0.094333 	 0.100000
    5 	 -0.100000 	 -0.098000 	 0.000000
    6 	 -0.100000 	 -0.098000 	 0.000000
    7 	 -0.100000 	 -0.097667 	 0.000000
    8 	 -0.100000 	 -0.095000 	 0.100000
    9 	 -0.100000 	 -0.095333 	 0.100000
   10 	 -0.100000 	 -0.097000 	 0.100000
   11 	 -0.100000 	 -0.090000 	 0.100000
   12 	 -0.100000 	 -0.098000 	 0.100000
   13 	 -0.100000 	 -0.096333 	 0.100000
   14 	 -0.100000 	 -0.098333 	 -0.066667
   15 	 -0.100000 	 -0.100000 	 -0.100000
   16 	 -0.100000 	 -0.092667 	 0.200000
   17 	 -0.100000 	 -0.097000 	 0.000000
   18 	 -0.100000 	 -0.092500 	 0.100000
   19 	 -0.100000 	 -0.097333 	 0.100000
   20 	 -0.100000 	 -0.098667 	 0.000000
   21 	 -0.100000 	 -0.097000 	 0.000000
   22 	 -0.100000 	 -0.099333 	 -0.066667
   23 	 -0.100000 	 -0.098000 	 0.000000
   24 	 -0.100000 	 -0.095000 	 0.100000
   25 	 -0.100000 	 -0.097333 	 0.000000
   26 	 -0.200000 	 -0.002000 	 0.000000
   27 	 -0.200000 	 -0.002000 	 0.050000
   28 	 -0.200000 	 -0.004667 	 0.000000
   29 	 -0.100000 	 -0.001000 	 0.000000
   30 	 -0.200000 	 -0.004000 	 0.050000
   31 	 0.000000 	 0.000000 	 0.000000
   32 	 0.000000 	 0.000500 	 0.050000
   33 	 0.000000 	 0.049400 	 0.100000
   34 	 0.000000 	 0.051800 	 0.100000
   35 	 0.040000 	 0.053900 	 0.100000
   36 	 0.040000 	 0.059067 	 0.100000
   37 	 -0.200000 	 0.058900 	 0.200000
   38 	 0.000000 	 0.066067 	 0.200000
   39 	 -0.200000 	 0.073500 	 0.200000
   40 	 0.000000 	 0.106333 	 0.200000
   41 	 -0.066667 	 0.122067 	 0.200000
   42 	 -0.066667 	 0.148500 	 0.200000
   43 	 0.050000 	 0.169167 	 0.200000
   44 	 -0.066667 	 0.170167 	 0.200000
   45 	 -0.066667 	 0.180833 	 0.200000
   46 	 -0.066667 	 0.185167 	 0.200000
   47 	 -0.066667 	 0.187333 	 0.200000
   48 	 -0.066667 	 0.184500 	 0.200000
   49 	 -0.066667 	 0.190333 	 0.200000
 