   0 	 -0.200000 	 -0.009433 	 0.200000
    1 	 0.000000 	 0.097667 	 0.100000
    2 	 -0.100000 	 0.090500 	 0.100000
    3 	 -0.100000 	 0.091333 	 0.100000
    4 	 0.066667 	 0.097000 	 0.100000
    5 	 -0.100000 	 0.092333 	 0.100000
    6 	 -0.100000 	 0.094000 	 0.100000
    7 	 -0.100000 	 0.089833 	 0.100000
    8 	 0.000000 	 0.095333 	 0.100000
    9 	 -0.100000 	 0.089667 	 0.200000
   10 	 -0.100000 	 0.095167 	 0.200000
   11 	 -0.100000 	 0.094333 	 0.200000
   12 	 0.000000 	 0.103333 	 0.200000
   13 	 -0.100000 	 0.112167 	 0.200000
   14 	 -0.050000 	 0.116167 	 0.200000
   15 	 0.000000 	 0.127500 	 0.200000
   16 	 -0.066667 	 0.139833 	 0.200000
   17 	 0.000000 	 0.160833 	 0.200000
   18 	 0.000000 	 0.174000 	 0.200000
   19 	 0.050000 	 0.185000 	 0.200000
   20 	 -0.066667 	 0.170833 	 0.200000
   21 	 -0.066667 	 0.179167 	 0.200000
   22 	 0.000000 	 0.187667 	 0.200000
   23 	 -0.066667 	 0.186333 	 0.200000
   24 	 0.100000 	 0.195000 	 0.200000
   25 	 -0.066667 	 0.193333 	 0.200000
   26 	 -0.066667 	 0.191333 	 0.200000
   27 	 0.000000 	 0.194500 	 0.200000
   28 	 -0.066667 	 0.189167 	 0.200000
   29 	 0.000000 	 0.191000 	 0.200000
   30 	 0.066667 	 0.197667 	 0.200000
   31 	 -0.066667 	 0.188667 	 0.200000
   32 	 0.000000 	 0.190400 	 0.200000
   33 	 -0.066667 	 0.192333 	 0.200000
   34 	 -0.066667 	 0.194667 	 0.200000
   35 	 -0.066667 	 0.183333 	 0.200000
   36 	 -0.066667 	 0.183667 	 0.200000
   37 	 -0.066667 	 0.191667 	 0.200000
   38 	 -0.066667 	 0.190333 	 0.200000
   39 	 -0.066667 	 0.183333 	 0.200000
   40 	 0.050000 	 0.193500 	 0.200000
   41 	 -0.066667 	 0.187333 	 0.200000
   42 	 -0.066667 	 0.186833 	 0.200000
   43 	 -0.066667 	 0.188000 	 0.200000
   44 	 -0.066667 	 0.182833 	 0.200000
   45 	 -0.066667 	 0.186333 	 0.200000
   46 	 -0.066667 	 0.193333 	 0.200000
   47 	 0.000000 	 0.192667 	 0.200000
   48 	 0.000000 	 0.194667 	 0.200000
   49 	 -0.066667 	 0.185500 	 0.200000
 