   0 	 -0.200000 	 0.001200 	 0.200000
    1 	 0.050000 	 0.084000 	 0.200000
    2 	 0.000000 	 0.097500 	 0.200000
    3 	 -0.100000 	 0.103500 	 0.200000
    4 	 -0.100000 	 0.123500 	 0.200000
    5 	 0.000000 	 0.142000 	 0.200000
    6 	 0.050000 	 0.155000 	 0.200000
    7 	 0.100000 	 0.171000 	 0.200000
    8 	 -0.066667 	 0.179333 	 0.200000
    9 	 0.000000 	 0.180000 	 0.200000
   10 	 0.000000 	 0.181000 	 0.200000
   11 	 0.000000 	 0.181500 	 0.200000
   12 	 -0.066667 	 0.177667 	 0.200000
   13 	 -0.100000 	 0.184000 	 0.200000
   14 	 -0.066667 	 0.186167 	 0.200000
   15 	 -0.066667 	 0.187833 	 0.200000
   16 	 0.000000 	 0.178000 	 0.200000
   17 	 -0.066667 	 0.180167 	 0.200000
   18 	 -0.066667 	 0.182167 	 0.200000
   19 	 -0.066667 	 0.184500 	 0.200000
   20 	 -0.066667 	 0.182833 	 0.200000
   21 	 -0.100000 	 0.184333 	 0.200000
   22 	 -0.066667 	 0.189333 	 0.200000
   23 	 -0.066667 	 0.188833 	 0.200000
   24 	 0.000000 	 0.188833 	 0.200000
   25 	 -0.066667 	 0.186167 	 0.200000
   26 	 -0.066667 	 0.181333 	 0.200000
   27 	 -0.066667 	 0.187000 	 0.200000
   28 	 -0.066667 	 0.189833 	 0.200000
   29 	 -0.066667 	 0.193167 	 0.200000
   30 	 0.050000 	 0.198500 	 0.200000
   31 	 -0.066667 	 0.188000 	 0.200000
   32 	 -0.066667 	 0.189667 	 0.200000
   33 	 0.000000 	 0.195500 	 0.200000
   34 	 0.000000 	 0.194667 	 0.200000
   35 	 -0.066667 	 0.190833 	 0.200000
   36 	 -0.066667 	 0.186833 	 0.200000
   37 	 0.000000 	 0.193333 	 0.200000
   38 	 0.000000 	 0.192167 	 0.200000
   39 	 -0.066667 	 0.189167 	 0.200000
   40 	 -0.066667 	 0.189500 	 0.200000
   41 	 -0.066667 	 0.190667 	 0.200000
   42 	 -0.066667 	 0.196333 	 0.200000
   43 	 -0.066667 	 0.190000 	 0.200000
   44 	 -0.066667 	 0.188667 	 0.200000
   45 	 0.000000 	 0.190333 	 0.200000
   46 	 -0.066667 	 0.189167 	 0.200000
   47 	 0.000000 	 0.185000 	 0.200000
   48 	 -0.066667 	 0.194000 	 0.200000
   49 	 -0.066667 	 0.188167 	 0.200000
 