   0 	 -0.200000 	 0.001500 	 0.200000
    1 	 0.000000 	 0.098333 	 0.100000
    2 	 -0.100000 	 0.095000 	 0.100000
    3 	 0.000000 	 0.097667 	 0.100000
    4 	 0.000000 	 0.097667 	 0.100000
    5 	 -0.100000 	 0.096667 	 0.100000
    6 	 -0.100000 	 0.092667 	 0.100000
    7 	 -0.200000 	 0.093000 	 0.100000
    8 	 -0.200000 	 0.094333 	 0.100000
    9 	 0.050000 	 0.097167 	 0.100000
   10 	 -0.100000 	 0.093667 	 0.100000
   11 	 -0.200000 	 0.094833 	 0.100000
   12 	 0.000000 	 0.097167 	 0.100000
   13 	 -0.050000 	 0.096833 	 0.100000
   14 	 0.000000 	 0.097333 	 0.100000
   15 	 0.000000 	 0.098333 	 0.100000
   16 	 0.000000 	 0.097000 	 0.100000
   17 	 -0.100000 	 0.091500 	 0.100000
   18 	 -0.100000 	 0.093500 	 0.100000
   19 	 -0.100000 	 0.094667 	 0.100000
   20 	 -0.100000 	 0.089667 	 0.100000
   21 	 -0.200000 	 0.091833 	 0.100000
   22 	 -0.200000 	 0.091667 	 0.100000
   23 	 -0.100000 	 0.094000 	 0.100000
   24 	 0.066667 	 0.097667 	 0.100000
   25 	 -0.100000 	 0.091167 	 0.100000
   26 	 -0.100000 	 0.088667 	 0.100000
   27 	 0.050000 	 0.094167 	 0.100000
   28 	 0.050000 	 0.095500 	 0.100000
   29 	 -0.100000 	 0.093000 	 0.100000
   30 	 -0.100000 	 0.090500 	 0.100000
   31 	 0.050000 	 0.094333 	 0.100000
   32 	 0.000000 	 0.092667 	 0.100000
   33 	 0.050000 	 0.095833 	 0.100000
   34 	 0.000000 	 0.094500 	 0.100000
   35 	 0.000000 	 0.095667 	 0.100000
   36 	 0.050000 	 0.096000 	 0.100000
   37 	 0.000000 	 0.095500 	 0.100000
   38 	 -0.100000 	 0.094000 	 0.100000
   39 	 0.000000 	 0.096667 	 0.100000
   40 	 0.000000 	 0.096667 	 0.100000
   41 	 -0.100000 	 0.091667 	 0.100000
   42 	 0.000000 	 0.096000 	 0.100000
   43 	 0.050000 	 0.098167 	 0.100000
   44 	 0.066667 	 0.099000 	 0.100000
   45 	 0.000000 	 0.097667 	 0.100000
   46 	 -0.100000 	 0.096000 	 0.100000
   47 	 0.050000 	 0.096500 	 0.100000
   48 	 -0.100000 	 0.095167 	 0.100000
   49 	 -0.100000 	 0.091833 	 0.100000
 