   0 	 -0.200000 	 -0.019567 	 0.200000
    1 	 -0.200000 	 -0.065333 	 0.200000
    2 	 -0.200000 	 -0.070400 	 -0.040000
    3 	 -0.200000 	 -0.068000 	 -0.066667
    4 	 -0.066667 	 -0.064000 	 0.200000
    5 	 -0.200000 	 -0.065333 	 0.200000
    6 	 -0.200000 	 -0.068000 	 -0.066667
    7 	 -0.200000 	 -0.062400 	 0.200000
    8 	 -0.200000 	 -0.062133 	 0.200000
    9 	 -0.066667 	 -0.058667 	 0.200000
   10 	 -0.066667 	 -0.066400 	 -0.040000
   11 	 -0.066667 	 -0.060800 	 0.200000
   12 	 -0.066667 	 -0.066133 	 -0.040000
   13 	 -0.200000 	 -0.069333 	 0.200000
   14 	 -0.066667 	 -0.066667 	 -0.066667
   15 	 -0.200000 	 -0.066133 	 0.200000
   16 	 -0.066667 	 -0.061333 	 0.200000
   17 	 -0.200000 	 -0.068000 	 -0.066667
   18 	 -0.200000 	 -0.070667 	 -0.066667
   19 	 -0.200000 	 -0.067467 	 -0.040000
   20 	 -0.200000 	 -0.062400 	 0.200000
   21 	 -0.200000 	 -0.067733 	 -0.040000
   22 	 -0.200000 	 -0.066400 	 0.200000
   23 	 -0.200000 	 -0.064800 	 0.200000
   24 	 -0.200000 	 -0.060133 	 0.200000
   25 	 -0.200000 	 -0.066400 	 0.200000
   26 	 -0.200000 	 -0.067067 	 0.000000
   27 	 -0.066667 	 -0.053333 	 0.200000
   28 	 -0.066667 	 -0.063733 	 0.200000
   29 	 -0.066667 	 -0.066667 	 -0.066667
   30 	 -0.200000 	 -0.062467 	 0.200000
   31 	 -0.200000 	 -0.062500 	 0.200000
   32 	 -0.200000 	 -0.055833 	 0.200000
   33 	 -0.200000 	 -0.064000 	 0.200000
   34 	 -0.200000 	 -0.066333 	 0.200000
   35 	 -0.200000 	 -0.062500 	 0.200000
   36 	 -0.100000 	 -0.061000 	 0.200000
   37 	 -0.100000 	 -0.063000 	 0.200000
   38 	 -0.100000 	 -0.060333 	 0.200000
   39 	 -0.100000 	 -0.066667 	 0.000000
   40 	 -0.100000 	 -0.060167 	 0.200000
   41 	 -0.100000 	 -0.063333 	 0.200000
   42 	 -0.100000 	 -0.063500 	 0.200000
   43 	 -0.066667 	 -0.066667 	 -0.066667
   44 	 -0.100000 	 -0.066667 	 -0.050000
   45 	 -0.066667 	 -0.062000 	 0.200000
   46 	 -0.100000 	 -0.064333 	 0.200000
   47 	 -0.100000 	 -0.058833 	 0.200000
   48 	 -0.066667 	 -0.061333 	 0.200000
   49 	 -0.100000 	 -0.060667 	 0.200000
 