   0 	 -0.200000 	 -0.009933 	 0.200000
    1 	 -0.100000 	 -0.000500 	 0.050000
    2 	 -0.200000 	 -0.007000 	 0.000000
    3 	 -0.200000 	 -0.007500 	 0.050000
    4 	 -0.200000 	 -0.004500 	 0.050000
    5 	 -0.200000 	 -0.002667 	 0.000000
    6 	 0.000000 	 0.000000 	 0.000000
    7 	 0.000000 	 0.000000 	 0.000000
    8 	 -0.200000 	 -0.004000 	 0.000000
    9 	 -0.200000 	 -0.005667 	 0.000000
   10 	 -0.200000 	 -0.002000 	 0.000000
   11 	 -0.100000 	 -0.001000 	 0.050000
   12 	 -0.100000 	 -0.002167 	 0.050000
   13 	 -0.100000 	 -0.000500 	 0.050000
   14 	 -0.200000 	 -0.003500 	 0.050000
   15 	 -0.200000 	 -0.004833 	 0.050000
   16 	 -0.100000 	 -0.002333 	 0.000000
   17 	 0.000000 	 0.000500 	 0.050000
   18 	 0.000000 	 0.050667 	 0.200000
   19 	 0.000000 	 0.054667 	 0.200000
   20 	 0.000000 	 0.065833 	 0.200000
   21 	 -0.066667 	 0.092667 	 0.200000
   22 	 -0.066667 	 0.128333 	 0.200000
   23 	 0.000000 	 0.160167 	 0.200000
   24 	 -0.066667 	 0.178333 	 0.200000
   25 	 -0.066667 	 0.186833 	 0.200000
   26 	 -0.066667 	 0.189833 	 0.200000
   27 	 -0.066667 	 0.186833 	 0.200000
   28 	 -0.066667 	 0.187167 	 0.200000
   29 	 0.100000 	 0.192000 	 0.200000
   30 	 0.000000 	 0.188500 	 0.200000
   31 	 -0.066667 	 0.191333 	 0.200000
   32 	 -0.066667 	 0.193333 	 0.200000
   33 	 0.000000 	 0.187500 	 0.200000
   34 	 0.000000 	 0.193500 	 0.200000
   35 	 -0.066667 	 0.188333 	 0.200000
   36 	 0.000000 	 0.192500 	 0.200000
   37 	 -0.066667 	 0.190667 	 0.200000
   38 	 -0.066667 	 0.187167 	 0.200000
   39 	 -0.066667 	 0.192833 	 0.200000
   40 	 -0.066667 	 0.192833 	 0.200000
   41 	 0.000000 	 0.190667 	 0.200000
   42 	 0.000000 	 0.191500 	 0.200000
   43 	 -0.066667 	 0.190333 	 0.200000
   44 	 -0.066667 	 0.187833 	 0.200000
   45 	 0.000000 	 0.195500 	 0.200000
   46 	 0.050000 	 0.197500 	 0.200000
   47 	 0.000000 	 0.195500 	 0.200000
   48 	 -0.066667 	 0.191167 	 0.200000
   49 	 -0.066667 	 0.195000 	 0.200000
 