   0 	 -0.200000 	 -0.001333 	 0.200000
    1 	 -0.200000 	 0.054500 	 0.200000
    2 	 -0.100000 	 0.097667 	 0.200000
    3 	 -0.100000 	 0.102000 	 0.200000
    4 	 -0.100000 	 0.103000 	 0.200000
    5 	 0.050000 	 0.117000 	 0.200000
    6 	 -0.100000 	 0.122500 	 0.200000
    7 	 -0.100000 	 0.143833 	 0.200000
    8 	 -0.100000 	 0.159333 	 0.200000
    9 	 -0.100000 	 0.169833 	 0.200000
   10 	 0.000000 	 0.179000 	 0.200000
   11 	 -0.066667 	 0.183167 	 0.200000
   12 	 -0.066667 	 0.189833 	 0.200000
   13 	 -0.066667 	 0.189500 	 0.200000
   14 	 -0.066667 	 0.191167 	 0.200000
   15 	 -0.066667 	 0.190000 	 0.200000
   16 	 0.000000 	 0.189000 	 0.200000
   17 	 0.050000 	 0.197500 	 0.200000
   18 	 0.000000 	 0.192000 	 0.200000
   19 	 0.000000 	 0.194500 	 0.200000
   20 	 0.100000 	 0.198000 	 0.200000
   21 	 -0.066667 	 0.194833 	 0.200000
   22 	 0.000000 	 0.190000 	 0.200000
   23 	 0.000000 	 0.185500 	 0.200000
   24 	 0.000000 	 0.190500 	 0.200000
   25 	 0.000000 	 0.189500 	 0.200000
   26 	 0.000000 	 0.195000 	 0.200000
   27 	 -0.066667 	 0.189333 	 0.200000
   28 	 -0.066667 	 0.190500 	 0.200000
   29 	 -0.066667 	 0.192333 	 0.200000
   30 	 -0.066667 	 0.190333 	 0.200000
   31 	 -0.066667 	 0.190833 	 0.200000
   32 	 0.050000 	 0.192167 	 0.200000
   33 	 -0.066667 	 0.186333 	 0.200000
   34 	 -0.066667 	 0.192667 	 0.200000
   35 	 -0.066667 	 0.190333 	 0.200000
   36 	 -0.066667 	 0.190833 	 0.200000
   37 	 0.000000 	 0.195500 	 0.200000
   38 	 0.000000 	 0.196000 	 0.200000
   39 	 -0.066667 	 0.188167 	 0.200000
   40 	 0.000000 	 0.190500 	 0.200000
   41 	 -0.066667 	 0.192667 	 0.200000
   42 	 -0.066667 	 0.188500 	 0.200000
   43 	 -0.066667 	 0.186833 	 0.200000
   44 	 -0.066667 	 0.187667 	 0.200000
   45 	 0.000000 	 0.196000 	 0.200000
   46 	 -0.066667 	 0.188333 	 0.200000
   47 	 -0.100000 	 0.188333 	 0.200000
   48 	 -0.066667 	 0.190167 	 0.200000
   49 	 0.000000 	 0.193000 	 0.200000
 