   0 	 -0.200000 	 0.006633 	 0.200000
    1 	 0.000000 	 0.102400 	 0.200000
    2 	 -0.200000 	 0.107400 	 0.200000
    3 	 -0.200000 	 0.126500 	 0.200000
    4 	 -0.066667 	 0.152900 	 0.200000
    5 	 0.000000 	 0.164000 	 0.200000
    6 	 -0.050000 	 0.176000 	 0.200000
    7 	 0.000000 	 0.162333 	 0.200000
    8 	 0.000000 	 0.190000 	 0.200000
    9 	 0.000000 	 0.182000 	 0.200000
   10 	 -0.066667 	 0.188833 	 0.200000
   11 	 0.000000 	 0.180000 	 0.200000
   12 	 -0.066667 	 0.174500 	 0.200000
   13 	 -0.066667 	 0.162500 	 0.200000
   14 	 -0.066667 	 0.177667 	 0.200000
   15 	 -0.066667 	 0.182333 	 0.200000
   16 	 -0.066667 	 0.186833 	 0.200000
   17 	 -0.066667 	 0.193333 	 0.200000
   18 	 -0.066667 	 0.180333 	 0.200000
   19 	 -0.066667 	 0.188833 	 0.200000
   20 	 -0.066667 	 0.185333 	 0.200000
   21 	 0.000000 	 0.190000 	 0.200000
   22 	 -0.066667 	 0.178000 	 0.200000
   23 	 0.050000 	 0.196500 	 0.200000
   24 	 -0.066667 	 0.190833 	 0.200000
   25 	 -0.066667 	 0.189333 	 0.200000
   26 	 -0.066667 	 0.190333 	 0.200000
   27 	 0.000000 	 0.192000 	 0.200000
   28 	 -0.066667 	 0.186333 	 0.200000
   29 	 -0.100000 	 0.186833 	 0.200000
   30 	 -0.066667 	 0.191333 	 0.200000
   31 	 0.000000 	 0.195000 	 0.200000
   32 	 -0.066667 	 0.190333 	 0.200000
   33 	 -0.066667 	 0.182667 	 0.200000
   34 	 -0.066667 	 0.191833 	 0.200000
   35 	 0.000000 	 0.189000 	 0.200000
   36 	 -0.050000 	 0.190500 	 0.200000
   37 	 -0.066667 	 0.185667 	 0.200000
   38 	 -0.066667 	 0.186167 	 0.200000
   39 	 0.000000 	 0.190500 	 0.200000
   40 	 0.000000 	 0.192000 	 0.200000
   41 	 0.000000 	 0.188167 	 0.200000
   42 	 -0.066667 	 0.195000 	 0.200000
   43 	 -0.066667 	 0.192000 	 0.200000
   44 	 0.000000 	 0.194000 	 0.200000
   45 	 -0.066667 	 0.194000 	 0.200000
   46 	 0.200000 	 0.200000 	 0.200000
   47 	 -0.066667 	 0.195833 	 0.200000
   48 	 -0.066667 	 0.195333 	 0.200000
   49 	 -0.066667 	 0.195833 	 0.200000
 