   0 	 -0.200000 	 0.007333 	 0.200000
    1 	 0.000000 	 0.137500 	 0.200000
    2 	 0.000000 	 0.164000 	 0.200000
    3 	 0.066667 	 0.182333 	 0.200000
    4 	 -0.100000 	 0.178167 	 0.200000
    5 	 -0.066667 	 0.192333 	 0.200000
    6 	 0.050000 	 0.195500 	 0.200000
    7 	 -0.066667 	 0.179167 	 0.200000
    8 	 0.000000 	 0.193500 	 0.200000
    9 	 -0.066667 	 0.190333 	 0.200000
   10 	 -0.066667 	 0.185833 	 0.200000
   11 	 0.000000 	 0.190500 	 0.200000
   12 	 -0.066667 	 0.190833 	 0.200000
   13 	 0.000000 	 0.188000 	 0.200000
   14 	 -0.066667 	 0.191333 	 0.200000
   15 	 -0.066667 	 0.192333 	 0.200000
   16 	 -0.066667 	 0.195333 	 0.200000
   17 	 -0.066667 	 0.191833 	 0.200000
   18 	 -0.066667 	 0.195333 	 0.200000
   19 	 -0.200000 	 0.192667 	 0.200000
   20 	 0.000000 	 0.197000 	 0.200000
   21 	 -0.066667 	 0.194500 	 0.200000
   22 	 -0.066667 	 0.184833 	 0.200000
   23 	 0.000000 	 0.196000 	 0.200000
   24 	 0.000000 	 0.193500 	 0.200000
   25 	 0.000000 	 0.196500 	 0.200000
   26 	 -0.066667 	 0.190667 	 0.200000
   27 	 -0.066667 	 0.188167 	 0.200000
   28 	 -0.066667 	 0.195333 	 0.200000
   29 	 -0.066667 	 0.189167 	 0.200000
   30 	 0.000000 	 0.190500 	 0.200000
   31 	 -0.066667 	 0.193333 	 0.200000
   32 	 -0.066667 	 0.184833 	 0.200000
   33 	 -0.066667 	 0.186333 	 0.200000
   34 	 -0.066667 	 0.189833 	 0.200000
   35 	 -0.200000 	 0.182333 	 0.200000
   36 	 -0.066667 	 0.190000 	 0.200000
   37 	 -0.066667 	 0.191167 	 0.200000
   38 	 0.000000 	 0.189000 	 0.200000
   39 	 -0.066667 	 0.188000 	 0.200000
   40 	 0.000000 	 0.189333 	 0.200000
   41 	 0.000000 	 0.185167 	 0.200000
   42 	 -0.066667 	 0.192000 	 0.200000
   43 	 -0.066667 	 0.191000 	 0.200000
   44 	 -0.066667 	 0.186667 	 0.200000
   45 	 -0.066667 	 0.188667 	 0.200000
   46 	 0.000000 	 0.195000 	 0.200000
   47 	 -0.066667 	 0.193667 	 0.200000
   48 	 0.000000 	 0.192500 	 0.200000
   49 	 -0.066667 	 0.193333 	 0.200000
 