   0 	 -0.200000 	 -0.005500 	 0.200000
    1 	 0.050000 	 0.066667 	 0.100000
    2 	 -0.200000 	 0.064000 	 0.100000
    3 	 -0.100000 	 0.066667 	 0.100000
    4 	 0.000000 	 0.067167 	 0.100000
    5 	 -0.200000 	 0.062667 	 0.100000
    6 	 -0.200000 	 0.069833 	 0.100000
    7 	 0.066667 	 0.077333 	 0.100000
    8 	 -0.200000 	 0.076667 	 0.100000
    9 	 0.000000 	 0.080500 	 0.100000
   10 	 0.050000 	 0.083667 	 0.100000
   11 	 -0.200000 	 0.078333 	 0.100000
   12 	 -0.200000 	 0.084667 	 0.100000
   13 	 -0.200000 	 0.086833 	 0.100000
   14 	 -0.100000 	 0.087333 	 0.100000
   15 	 -0.100000 	 0.091833 	 0.100000
   16 	 0.000000 	 0.094667 	 0.100000
   17 	 -0.100000 	 0.090000 	 0.100000
   18 	 -0.100000 	 0.091667 	 0.100000
   19 	 0.000000 	 0.094667 	 0.100000
   20 	 0.050000 	 0.096833 	 0.100000
   21 	 0.000000 	 0.095667 	 0.100000
   22 	 -0.100000 	 0.094667 	 0.100000
   23 	 0.000000 	 0.095667 	 0.100000
   24 	 0.000000 	 0.095667 	 0.100000
   25 	 -0.100000 	 0.093167 	 0.100000
   26 	 0.000000 	 0.093333 	 0.100000
   27 	 0.050000 	 0.096833 	 0.100000
   28 	 -0.100000 	 0.094000 	 0.100000
   29 	 -0.100000 	 0.093833 	 0.100000
   30 	 0.050000 	 0.097167 	 0.100000
   31 	 0.000000 	 0.097167 	 0.100000
   32 	 -0.100000 	 0.095500 	 0.100000
   33 	 -0.100000 	 0.092333 	 0.100000
   34 	 -0.100000 	 0.097667 	 0.100000
   35 	 -0.100000 	 0.096500 	 0.100000
   36 	 -0.100000 	 0.096500 	 0.200000
   37 	 0.000000 	 0.097833 	 0.200000
   38 	 -0.100000 	 0.100500 	 0.200000
   39 	 -0.100000 	 0.097667 	 0.200000
   40 	 -0.100000 	 0.110167 	 0.200000
   41 	 0.000000 	 0.128000 	 0.200000
   42 	 -0.100000 	 0.144167 	 0.200000
   43 	 -0.066667 	 0.158333 	 0.200000
   44 	 -0.066667 	 0.177667 	 0.200000
   45 	 -0.066667 	 0.183667 	 0.200000
   46 	 -0.066667 	 0.192500 	 0.200000
   47 	 -0.066667 	 0.183167 	 0.200000
   48 	 -0.066667 	 0.189333 	 0.200000
   49 	 -0.066667 	 0.192833 	 0.200000
 