   0 	 -0.200000 	 -0.007400 	 0.200000
    1 	 -0.100000 	 -0.037333 	 0.200000
    2 	 -0.100000 	 -0.049833 	 0.000000
    3 	 -0.200000 	 -0.051667 	 -0.050000
    4 	 -0.200000 	 -0.052500 	 0.000000
    5 	 -0.200000 	 -0.051833 	 0.000000
    6 	 -0.100000 	 -0.051000 	 -0.050000
    7 	 -0.100000 	 -0.049833 	 0.000000
    8 	 -0.200000 	 -0.054833 	 -0.050000
    9 	 -0.200000 	 -0.192000 	 0.000000
   10 	 -0.200000 	 -0.190833 	 0.066667
   11 	 -0.200000 	 -0.189167 	 0.066667
   12 	 -0.200000 	 -0.054667 	 0.000000
   13 	 -0.200000 	 -0.051667 	 0.000000
   14 	 -0.200000 	 -0.052500 	 0.000000
   15 	 -0.200000 	 -0.051500 	 0.066667
   16 	 -0.200000 	 -0.052500 	 -0.050000
   17 	 -0.200000 	 -0.050000 	 0.000000
   18 	 -0.200000 	 -0.054000 	 0.000000
   19 	 -0.200000 	 -0.051667 	 -0.050000
   20 	 -0.066667 	 -0.049667 	 0.000000
   21 	 -0.200000 	 -0.052167 	 -0.050000
   22 	 -0.200000 	 -0.050500 	 0.000000
   23 	 -0.100000 	 -0.050167 	 0.000000
   24 	 -0.100000 	 -0.051333 	 -0.050000
   25 	 -0.200000 	 -0.053833 	 0.000000
   26 	 -0.200000 	 -0.053500 	 -0.050000
   27 	 -0.200000 	 -0.052167 	 -0.050000
   28 	 -0.200000 	 -0.053333 	 -0.050000
   29 	 -0.100000 	 -0.052667 	 -0.050000
   30 	 -0.200000 	 -0.051167 	 0.000000
   31 	 -0.100000 	 -0.052000 	 -0.050000
   32 	 -0.200000 	 -0.051667 	 -0.050000
   33 	 -0.050000 	 -0.049000 	 0.000000
   34 	 -0.100000 	 -0.048333 	 0.000000
   35 	 -0.200000 	 -0.053333 	 0.000000
   36 	 -0.200000 	 -0.051667 	 -0.050000
   37 	 -0.100000 	 -0.049500 	 0.000000
   38 	 -0.050000 	 -0.049500 	 0.000000
   39 	 -0.200000 	 -0.051667 	 0.000000
   40 	 -0.200000 	 -0.054333 	 0.000000
   41 	 -0.200000 	 -0.050500 	 0.000000
   42 	 -0.100000 	 -0.050167 	 0.000000
   43 	 -0.200000 	 -0.049167 	 0.000000
   44 	 -0.200000 	 -0.188333 	 0.066667
   45 	 -0.200000 	 -0.192500 	 0.000000
   46 	 -0.200000 	 -0.193500 	 0.000000
   47 	 -0.200000 	 -0.052000 	 -0.050000
   48 	 -0.100000 	 -0.050000 	 0.000000
   49 	 -0.200000 	 -0.051667 	 0.000000
 