   0 	 0.045120 	 558.592666 	 3436.782485
    1 	 18.009871 	 1496.889975 	 3469.499726
    2 	 150.271076 	 2166.026150 	 3562.747130
    3 	 366.661970 	 2448.898658 	 3576.533753
    4 	 366.661970 	 2736.463211 	 3587.630214
    5 	 27.181748 	 2706.019441 	 3665.612554
    6 	 338.378353 	 2819.013504 	 3664.317308
    7 	 885.584367 	 2893.895592 	 3826.391371
    8 	 907.950408 	 2965.875215 	 3824.911691
    9 	 1277.814701 	 3031.711299 	 3733.810086
   10 	 323.802154 	 3116.072444 	 3733.810086
   11 	 1963.317989 	 3272.185649 	 3733.802118
   12 	 1451.910275 	 3219.299879 	 3617.322411
   13 	 353.499758 	 3273.591221 	 3717.090814
   14 	 2358.053288 	 3336.025962 	 3771.580978
   15 	 2358.053288 	 3331.879584 	 3771.580978
   16 	 335.579213 	 3261.002761 	 3693.431703
   17 	 363.009042 	 3288.984507 	 3686.205322
   18 	 774.421319 	 3265.638289 	 3695.497016
   19 	 339.074363 	 3363.912798 	 3676.908193
   20 	 372.296293 	 3374.646281 	 3684.592289
   21 	 2739.478290 	 3410.792384 	 3835.117390
   22 	 359.907755 	 3357.490410 	 3707.050662
   23 	 397.485664 	 3392.202279 	 3719.171889
   24 	 1441.536247 	 3406.628382 	 3766.797035
   25 	 2717.459317 	 3449.123731 	 3739.474973
   26 	 336.073613 	 3429.849085 	 3742.900164
   27 	 336.073613 	 3458.569865 	 3742.900164
   28 	 1740.714937 	 3473.468313 	 3742.894911
   29 	 1735.744442 	 3481.674845 	 3793.317248
   30 	 1726.388648 	 3498.894680 	 3794.547807
   31 	 1613.776733 	 3506.252345 	 3808.097159
   32 	 1573.360916 	 3518.169663 	 3808.097159
   33 	 2842.446406 	 3512.364323 	 3794.547807
   34 	 2436.444301 	 3482.518920 	 3794.547807
   35 	 2842.446406 	 3512.001804 	 3775.742624
   36 	 2771.667887 	 3513.547707 	 3716.264267
   37 	 2124.103000 	 3508.533296 	 3716.514054
   38 	 2123.521368 	 3519.073057 	 3715.781382
   39 	 2770.018000 	 3547.280537 	 3715.781382
   40 	 2435.494317 	 3561.970054 	 3726.406440
   41 	 2436.080109 	 3555.095418 	 3715.627142
   42 	 2412.390470 	 3591.015316 	 3716.151620
   43 	 2443.342477 	 3602.635028 	 3792.903411
   44 	 3398.580338 	 3612.806578 	 3794.178802
   45 	 3379.441602 	 3615.341938 	 3788.022395
   46 	 1634.434159 	 3609.082255 	 3808.052525
   47 	 872.570149 	 3599.326837 	 3808.052525
   48 	 2558.142241 	 3649.101649 	 3808.052525
   49 	 2558.142241 	 3654.314353 	 3814.343177
 