   0 	 0.325543 	 421.129262 	 3564.151531
    1 	 6.003861 	 1245.990516 	 3683.975065
    2 	 0.504779 	 2295.777652 	 3683.975065
    3 	 20.990039 	 2630.832923 	 3687.957462
    4 	 988.765674 	 2937.122076 	 3687.957462
    5 	 638.911010 	 2986.274889 	 3715.602214
    6 	 141.072540 	 2939.257898 	 3715.609479
    7 	 276.910356 	 3076.612344 	 3745.641505
    8 	 940.269200 	 3058.517880 	 3715.361062
    9 	 271.180520 	 2919.222110 	 3727.366581
   10 	 654.317138 	 3043.101217 	 3691.815712
   11 	 969.608207 	 3058.963213 	 3682.064901
   12 	 275.796946 	 3132.412343 	 3686.876424
   13 	 811.643697 	 3240.044112 	 3719.137978
   14 	 945.382118 	 3287.109091 	 3762.079593
   15 	 945.382118 	 3231.526875 	 3762.861929
   16 	 322.290782 	 3137.594747 	 3762.861929
   17 	 2007.181376 	 3232.062274 	 3815.072534
   18 	 560.200870 	 3201.142944 	 3816.132374
   19 	 1890.582869 	 3229.214461 	 3816.132374
   20 	 988.452060 	 3287.117577 	 3855.070820
   21 	 1996.345288 	 3357.947399 	 3854.923400
   22 	 316.910536 	 3311.948287 	 3816.132374
   23 	 885.376752 	 3390.712164 	 3815.378710
   24 	 2512.343808 	 3483.274426 	 3815.378710
   25 	 2492.540781 	 3536.258150 	 3815.378710
   26 	 1490.952730 	 3500.132953 	 3815.378710
   27 	 880.188307 	 3503.296410 	 3897.668179
   28 	 853.685381 	 3516.612544 	 3815.378710
   29 	 2500.037544 	 3585.422973 	 3856.812763
   30 	 2484.118885 	 3604.782471 	 3856.812763
   31 	 380.973916 	 3546.322996 	 3856.812763
   32 	 917.239745 	 3574.214504 	 3896.669779
   33 	 2568.997736 	 3626.693631 	 3876.712324
   34 	 2258.186968 	 3608.656565 	 3876.712324
   35 	 396.242783 	 3615.563778 	 3846.790391
   36 	 1754.257888 	 3636.762835 	 3857.460377
   37 	 3072.456880 	 3638.059618 	 3876.642644
   38 	 3055.754464 	 3617.947595 	 3897.598284
   39 	 877.493203 	 3578.975514 	 3897.598284
   40 	 3035.301854 	 3588.254736 	 3857.087881
   41 	 1798.434537 	 3594.538230 	 3818.106393
   42 	 2961.724924 	 3618.386108 	 3894.855117
   43 	 2750.925308 	 3620.985902 	 3897.348259
   44 	 1775.826941 	 3628.555680 	 3897.348259
   45 	 1775.826941 	 3646.262010 	 3894.924397
   46 	 3314.210855 	 3673.002004 	 3882.346289
   47 	 919.151425 	 3641.276189 	 3884.836264
   48 	 1887.074878 	 3635.324952 	 3882.346289
   49 	 2495.386664 	 3654.701493 	 3884.635948
 