   0 	 0.612455 	 541.217119 	 3402.131432
    1 	 34.753071 	 1473.098651 	 3873.736705
    2 	 187.475896 	 1956.404618 	 3705.303086
    3 	 83.914289 	 2391.724382 	 3699.264988
    4 	 95.265121 	 2950.919925 	 3743.417081
    5 	 340.050500 	 3068.070518 	 3738.226476
    6 	 953.033975 	 3213.125972 	 3738.226476
    7 	 1890.943224 	 3306.548749 	 3803.315573
    8 	 1890.943224 	 3358.749143 	 3812.981175
    9 	 2014.625524 	 3445.704106 	 3863.935096
   10 	 1918.793416 	 3446.564410 	 3863.935096
   11 	 1557.523084 	 3372.383953 	 3848.506100
   12 	 850.811026 	 3361.023197 	 3848.633396
   13 	 1918.793416 	 3412.490356 	 3848.633396
   14 	 1919.264236 	 3428.569745 	 3863.719495
   15 	 1647.780825 	 3452.539660 	 3859.354132
   16 	 727.734964 	 3451.596176 	 3859.354132
   17 	 727.734964 	 3500.794294 	 3795.811000
   18 	 2963.146186 	 3549.332501 	 3808.748366
   19 	 2962.521546 	 3572.170521 	 3797.002928
   20 	 3022.931183 	 3566.071212 	 3877.772302
   21 	 3022.931183 	 3585.832341 	 3877.756702
   22 	 3022.931183 	 3590.182290 	 3879.857971
   23 	 406.323162 	 3512.184339 	 3879.857971
   24 	 3012.882243 	 3556.484843 	 3874.830622
   25 	 3012.882243 	 3543.390999 	 3874.830622
   26 	 2770.080070 	 3536.199283 	 3854.939051
   27 	 2725.308692 	 3541.733688 	 3854.939051
   28 	 3138.775525 	 3526.674261 	 3854.939051
   29 	 2349.722130 	 3525.728832 	 3884.711980
   30 	 948.556458 	 3543.236674 	 3884.711980
   31 	 948.382058 	 3553.426633 	 3884.711980
   32 	 1687.725516 	 3580.850684 	 3884.711980
   33 	 877.985303 	 3591.154884 	 3854.707231
   34 	 3274.893621 	 3630.342873 	 3874.761234
   35 	 3249.472916 	 3610.433621 	 3799.058913
   36 	 2730.734219 	 3632.043851 	 3798.884513
   37 	 2730.734219 	 3632.955082 	 3808.751650
   38 	 2730.734219 	 3631.734167 	 3864.474936
   39 	 2617.231279 	 3611.254219 	 3864.474936
   40 	 3247.193156 	 3597.286983 	 3824.795345
   41 	 408.340342 	 3571.341163 	 3853.479060
   42 	 3161.405941 	 3575.571799 	 3824.308945
   43 	 3076.756678 	 3591.255783 	 3808.751650
   44 	 3254.029600 	 3600.854062 	 3808.868066
   45 	 410.976855 	 3564.003755 	 3808.467842
   46 	 406.796430 	 3535.091325 	 3808.475390
   47 	 3175.556115 	 3591.152613 	 3808.467842
   48 	 3286.230322 	 3599.808267 	 3808.620610
   49 	 3272.568779 	 3617.080321 	 3880.021096
 