   0 	 0.045855 	 521.146974 	 3551.068925
    1 	 31.821763 	 1375.091952 	 3578.155642
    2 	 112.157907 	 2046.906653 	 3804.226804
    3 	 264.546660 	 2467.220975 	 3794.365644
    4 	 399.057700 	 2676.403076 	 3794.365644
    5 	 71.773297 	 2779.244617 	 3715.916380
    6 	 87.411849 	 2917.000998 	 3679.980047
    7 	 103.168116 	 3066.314077 	 3690.368933
    8 	 1948.829313 	 3238.687439 	 3690.368933
    9 	 1017.898813 	 3246.641681 	 3690.376309
   10 	 2037.768596 	 3349.825765 	 3693.420819
   11 	 2105.207136 	 3387.801158 	 3698.235855
   12 	 2022.527402 	 3343.932563 	 3710.861434
   13 	 750.696267 	 3373.851166 	 3710.861434
   14 	 750.696267 	 3299.469536 	 3710.872726
   15 	 748.506340 	 3349.752100 	 3710.872726
   16 	 2480.564210 	 3408.147224 	 3710.861434
   17 	 2487.507370 	 3425.686464 	 3710.872726
   18 	 3013.955834 	 3475.178214 	 3693.271995
   19 	 407.974340 	 3463.473108 	 3690.688205
   20 	 2983.430787 	 3484.113942 	 3696.260204
   21 	 406.685933 	 3463.912804 	 3703.037626
   22 	 406.685933 	 3462.044689 	 3698.283414
   23 	 1785.439724 	 3534.461702 	 3698.283414
   24 	 1556.324977 	 3523.710571 	 3693.406246
   25 	 1601.782092 	 3553.010390 	 3703.136955
   26 	 1538.341050 	 3523.445229 	 3700.078041
   27 	 1747.956779 	 3583.461260 	 3696.133140
   28 	 2934.571544 	 3615.817930 	 3703.116739
   29 	 2957.329129 	 3621.507948 	 3698.154399
   30 	 3524.953539 	 3632.021628 	 3712.739259
   31 	 413.751975 	 3598.696736 	 3712.739259
   32 	 2975.210041 	 3618.446162 	 3712.739259
   33 	 3044.743945 	 3633.978385 	 3713.643491
   34 	 3044.743945 	 3622.390712 	 3712.739259
   35 	 222.051899 	 3561.280283 	 3712.833339
   36 	 3044.489581 	 3633.173549 	 3712.974315
   37 	 1734.320867 	 3598.215086 	 3713.082486
   38 	 2457.273485 	 3642.854534 	 3713.591019
   39 	 3341.175162 	 3648.017007 	 3713.591019
   40 	 3463.417854 	 3652.445294 	 3698.183111
   41 	 396.417753 	 3603.312662 	 3694.806451
   42 	 1572.137454 	 3614.903856 	 3712.964715
   43 	 2489.123987 	 3638.175343 	 3798.286914
   44 	 3469.578327 	 3648.925308 	 3712.763115
   45 	 2521.310451 	 3642.497138 	 3712.763115
   46 	 1786.968264 	 3605.967277 	 3717.623551
   47 	 409.732130 	 3538.860624 	 3717.623551
   48 	 409.732130 	 3597.667061 	 3718.485759
   49 	 2617.253605 	 3634.416331 	 3718.485759
 