   0 	 0.790060 	 513.823973 	 2858.872751
    1 	 20.155438 	 1189.996756 	 3801.194555
    2 	 1.468128 	 1762.093040 	 3792.577525
    3 	 408.072613 	 2143.790076 	 3844.357054
    4 	 626.922490 	 2433.733539 	 3844.357054
    5 	 877.237376 	 2748.945194 	 3844.357054
    6 	 1105.569665 	 2804.278139 	 3863.640943
    7 	 90.474484 	 2828.729019 	 3866.098164
    8 	 274.145190 	 2905.393862 	 3866.098164
    9 	 366.588251 	 2762.410855 	 3866.098164
   10 	 362.774866 	 3031.664407 	 3866.102595
   11 	 349.797764 	 2990.509782 	 3864.353794
   12 	 630.024546 	 3134.665837 	 3888.028760
   13 	 789.003485 	 3133.114443 	 3841.378990
   14 	 422.797291 	 3033.796574 	 3841.378990
   15 	 422.797291 	 3221.226775 	 3841.378990
   16 	 983.658986 	 3306.130154 	 3841.378990
   17 	 414.373562 	 3239.607271 	 3843.749055
   18 	 1210.689364 	 3394.481781 	 3846.834862
   19 	 2365.061999 	 3521.938852 	 3845.260146
   20 	 439.748646 	 3495.026941 	 3846.378239
   21 	 2432.913804 	 3533.410805 	 3845.731519
   22 	 2844.985187 	 3599.155814 	 3851.914016
   23 	 421.780739 	 3583.256102 	 3851.914016
   24 	 2844.985187 	 3602.117663 	 3851.914016
   25 	 2844.985187 	 3620.750486 	 3875.380242
   26 	 2413.146982 	 3625.115546 	 3881.104402
   27 	 2542.338572 	 3638.930366 	 3881.104402
   28 	 2667.594045 	 3630.578241 	 3881.092902
   29 	 2907.419461 	 3640.173878 	 3881.092902
   30 	 2960.552879 	 3637.817716 	 3881.081410
   31 	 2960.552879 	 3661.785985 	 3894.704350
   32 	 2523.395290 	 3655.793431 	 3894.704350
   33 	 903.492736 	 3614.324959 	 3884.740617
   34 	 1113.502813 	 3603.269299 	 3882.326152
   35 	 2754.722118 	 3690.678387 	 3882.326152
   36 	 424.129839 	 3660.738115 	 3884.667117
   37 	 2671.508413 	 3672.724194 	 3884.827727
   38 	 3425.307006 	 3701.078993 	 3881.081410
   39 	 2739.753168 	 3690.409722 	 3882.326152
   40 	 2740.798542 	 3698.228237 	 3891.044944
   41 	 1675.951711 	 3684.245563 	 3891.183376
   42 	 3436.305337 	 3739.360069 	 3884.463951
   43 	 3436.305337 	 3739.202690 	 3890.040570
   44 	 3276.946479 	 3731.843102 	 3890.771536
   45 	 3382.144853 	 3733.747325 	 3881.185126
   46 	 1863.283335 	 3683.586027 	 3881.941350
   47 	 1905.242887 	 3705.487677 	 3881.977602
   48 	 1905.242887 	 3718.219286 	 3881.977602
   49 	 3110.553991 	 3722.158408 	 3868.298642
 