   0 	 0.288721 	 573.511222 	 3631.307065
    1 	 0.582546 	 1844.375767 	 3651.373701
    2 	 243.769351 	 2572.619759 	 3700.122840
    3 	 315.778377 	 2752.749370 	 3709.987506
    4 	 130.032447 	 2793.963811 	 3709.987506
    5 	 372.114605 	 3022.985374 	 3690.679938
    6 	 284.241257 	 2989.950365 	 3741.684102
    7 	 339.810537 	 3131.136020 	 3716.080906
    8 	 155.243166 	 3083.530628 	 3794.785282
    9 	 286.828559 	 3018.511244 	 3763.310959
   10 	 286.828559 	 3043.135503 	 3749.072053
   11 	 248.373782 	 3176.946849 	 3768.817810
   12 	 279.517334 	 3190.485063 	 3768.817810
   13 	 279.517334 	 3135.514291 	 3840.689251
   14 	 867.413888 	 3283.741015 	 3834.948750
   15 	 926.166869 	 3268.820330 	 3760.007906
   16 	 1501.077181 	 3351.434554 	 3839.999731
   17 	 824.475920 	 3363.869957 	 3839.999731
   18 	 390.615149 	 3378.082428 	 3834.728078
   19 	 396.810668 	 3422.010865 	 3834.511310
   20 	 727.091037 	 3455.277260 	 3838.936647
   21 	 2207.397356 	 3522.865566 	 3834.511310
   22 	 2402.503809 	 3556.135845 	 3839.404530
   23 	 784.159247 	 3551.388338 	 3833.809073
   24 	 1561.473338 	 3568.731664 	 3838.539855
   25 	 675.360686 	 3544.074059 	 3838.967887
   26 	 2531.672125 	 3614.009451 	 3838.742895
   27 	 865.352589 	 3583.770913 	 3839.990851
   28 	 903.136241 	 3557.214332 	 3839.267071
   29 	 3153.458686 	 3609.868103 	 3839.267071
   30 	 342.055908 	 3600.276498 	 3839.267071
   31 	 1770.820340 	 3599.781119 	 3834.013070
   32 	 1767.455520 	 3600.076552 	 3833.480250
   33 	 3413.963489 	 3633.101681 	 3848.321149
   34 	 3413.963489 	 3628.785394 	 3848.097248
   35 	 415.500595 	 3614.310321 	 3834.393885
   36 	 415.500595 	 3616.157547 	 3869.583381
   37 	 3079.257894 	 3643.891975 	 3869.583381
   38 	 2634.460540 	 3632.783400 	 3874.781023
   39 	 2634.794620 	 3649.834910 	 3829.513414
   40 	 3413.774369 	 3647.895537 	 3829.513414
   41 	 3138.126353 	 3637.092885 	 3838.448127
   42 	 3138.110481 	 3627.462945 	 3838.451071
   43 	 3268.941800 	 3622.555695 	 3852.995664
   44 	 3278.274361 	 3636.614917 	 3852.835491
   45 	 3412.899425 	 3628.750141 	 3836.939882
   46 	 3412.899425 	 3625.493818 	 3836.939882
   47 	 3292.506290 	 3603.594612 	 3834.399882
   48 	 3147.251353 	 3618.859138 	 3832.160221
   49 	 3147.251353 	 3619.741381 	 3829.513414
 