   0 	 1.633548 	 423.212676 	 2300.696276
    1 	 2.360410 	 1068.402686 	 3657.511918
    2 	 25.509096 	 1681.750809 	 3693.910960
    3 	 352.140442 	 2116.438654 	 3657.511918
    4 	 51.836697 	 2393.890093 	 3657.605454
    5 	 344.379656 	 2498.066847 	 3606.229612
    6 	 40.058005 	 2502.303275 	 3606.229612
    7 	 273.992109 	 2654.331276 	 3675.572826
    8 	 688.105472 	 2931.157280 	 3715.470325
    9 	 242.577339 	 2833.755060 	 3715.470325
   10 	 260.532239 	 2989.037166 	 3715.470325
   11 	 201.484450 	 2936.592261 	 3742.067886
   12 	 661.796074 	 3150.897228 	 3802.237059
   13 	 205.408193 	 3091.503085 	 3736.734350
   14 	 878.549189 	 3273.410694 	 3720.161340
   15 	 237.061902 	 3166.757647 	 3757.480344
   16 	 751.107065 	 3316.917826 	 3757.480344
   17 	 332.837508 	 3105.607863 	 3757.480344
   18 	 248.417559 	 3111.841424 	 3701.875525
   19 	 332.837508 	 3218.891953 	 3691.063704
   20 	 248.538816 	 3175.185749 	 3690.265642
   21 	 359.440472 	 3247.220032 	 3729.852120
   22 	 362.194450 	 3318.346868 	 3730.977942
   23 	 280.115559 	 3365.882041 	 3691.195983
   24 	 268.643032 	 3226.990789 	 3759.368870
   25 	 1926.693496 	 3389.243766 	 3759.368870
   26 	 363.074030 	 3211.964357 	 3759.368870
   27 	 338.560473 	 3220.231704 	 3744.985890
   28 	 338.981337 	 3319.038049 	 3730.019635
   29 	 1712.387890 	 3375.456248 	 3734.991938
   30 	 357.320000 	 3343.408098 	 3734.991938
   31 	 357.320000 	 3363.455101 	 3828.542054
   32 	 357.922489 	 3321.448852 	 3828.542054
   33 	 375.962705 	 3388.938561 	 3818.460565
   34 	 359.188221 	 3453.525018 	 3718.912954
   35 	 3361.078764 	 3532.348774 	 3718.912954
   36 	 3004.879150 	 3530.485374 	 3744.961865
   37 	 2991.737556 	 3500.008016 	 3701.128900
   38 	 1720.615123 	 3498.762708 	 3701.128900
   39 	 2874.690585 	 3535.278817 	 3823.702345
   40 	 2874.690585 	 3530.105027 	 3823.702345
   41 	 359.457621 	 3491.987823 	 3814.486910
   42 	 2528.732960 	 3505.489451 	 3813.444710
   43 	 2462.669849 	 3513.339363 	 3813.444710
   44 	 2469.622289 	 3524.994318 	 3813.444710
   45 	 2469.633297 	 3537.741541 	 3813.444710
   46 	 830.799870 	 3512.368156 	 3813.444710
   47 	 2875.940391 	 3547.852219 	 3813.444710
   48 	 2874.819455 	 3542.996879 	 3813.428510
   49 	 2383.393817 	 3549.845319 	 3813.428510
 