   0 	 0.702500 	 558.237663 	 3413.378339
    1 	 17.039278 	 1430.268399 	 3667.675372
    2 	 6.159204 	 2163.325307 	 3667.675372
    3 	 96.634969 	 2552.143777 	 3668.250396
    4 	 15.703504 	 2781.216669 	 3867.176688
    5 	 317.752388 	 3081.438083 	 3877.132374
    6 	 1839.159477 	 3151.293152 	 3765.546914
    7 	 909.391765 	 3157.061833 	 3807.328146
    8 	 271.750097 	 3060.736616 	 3807.328146
    9 	 1624.475659 	 3261.780072 	 3798.577519
   10 	 1584.563516 	 3153.798502 	 3801.830084
   11 	 274.301152 	 3157.522184 	 3772.791139
   12 	 286.388469 	 3165.016439 	 3812.705669
   13 	 258.663101 	 3105.231787 	 3797.557891
   14 	 355.068816 	 3135.746955 	 3797.555059
   15 	 282.817525 	 3186.109508 	 3812.702837
   16 	 1738.536529 	 3358.758589 	 3812.702837
   17 	 374.564629 	 3284.121897 	 3812.708509
   18 	 274.422356 	 3349.797885 	 3851.887498
   19 	 1621.109197 	 3392.110965 	 3851.887498
   20 	 286.119367 	 3392.202474 	 3860.271649
   21 	 272.354394 	 3387.737021 	 3875.166307
   22 	 861.926112 	 3483.514355 	 3876.184163
   23 	 925.341334 	 3468.289901 	 3876.184163
   24 	 1872.828888 	 3570.023849 	 3871.770211
   25 	 269.949814 	 3443.729584 	 3871.770211
   26 	 373.554445 	 3332.173419 	 3866.532380
   27 	 1661.000993 	 3465.155141 	 3866.532380
   28 	 918.661561 	 3448.919869 	 3866.532380
   29 	 919.878265 	 3508.123322 	 3876.944214
   30 	 376.718281 	 3549.413748 	 3871.985408
   31 	 2888.362968 	 3639.784815 	 3871.985408
   32 	 3119.541226 	 3624.544417 	 3871.964153
   33 	 3252.611367 	 3637.234437 	 3871.964153
   34 	 3142.150318 	 3628.918877 	 3871.964153
   35 	 3275.317485 	 3653.112335 	 3871.964153
   36 	 3288.601727 	 3681.020693 	 3871.964153
   37 	 370.896706 	 3660.312478 	 3876.720006
   38 	 3240.851905 	 3711.699928 	 3866.532003
   39 	 3240.851905 	 3727.447463 	 3866.532003
   40 	 3240.851905 	 3722.152158 	 3881.703018
   41 	 1610.588333 	 3690.239106 	 3871.669888
   42 	 1610.582509 	 3672.562828 	 3870.426454
   43 	 3388.777681 	 3714.559113 	 3870.425565
   44 	 412.987725 	 3640.310883 	 3871.476977
   45 	 370.295782 	 3702.806751 	 3873.959681
   46 	 3369.775802 	 3729.832913 	 3871.508096
   47 	 414.651710 	 3707.007622 	 3873.225728
   48 	 412.987141 	 3655.824375 	 3867.165783
   49 	 2670.964570 	 3743.051161 	 3867.192215
 