   0 	 0.239543 	 429.774306 	 2775.178845
    1 	 23.378905 	 1188.962790 	 3534.934168
    2 	 7.817069 	 1980.285062 	 3535.096088
    3 	 73.541629 	 2370.113930 	 3582.691570
    4 	 648.789530 	 2647.838144 	 3582.691570
    5 	 989.501363 	 2782.243796 	 3688.677010
    6 	 914.840504 	 2926.392058 	 3593.046784
    7 	 686.598098 	 3002.774615 	 3618.535045
    8 	 216.441507 	 2956.376978 	 3639.205765
    9 	 2025.292846 	 3043.838062 	 3639.205765
   10 	 2164.536205 	 3142.298164 	 3639.205765
   11 	 552.585179 	 3200.221216 	 3639.323885
   12 	 2223.116838 	 3281.300025 	 3645.980252
   13 	 1486.487645 	 3252.940821 	 3645.980252
   14 	 898.348273 	 3260.803919 	 3736.238706
   15 	 326.670565 	 3275.362776 	 3810.440754
   16 	 348.464819 	 3294.963352 	 3690.261250
   17 	 1702.684904 	 3356.744159 	 3742.440461
   18 	 805.527797 	 3286.157563 	 3669.871410
   19 	 842.153717 	 3299.444763 	 3646.770273
   20 	 1846.530530 	 3392.887954 	 3618.189013
   21 	 782.028937 	 3388.672931 	 3618.189013
   22 	 782.893663 	 3415.517903 	 3642.055743
   23 	 2910.001057 	 3440.169690 	 3689.317647
   24 	 2905.675166 	 3447.948521 	 3689.317647
   25 	 2893.983858 	 3485.049862 	 3689.317647
   26 	 2454.200730 	 3486.406235 	 3668.878584
   27 	 2902.386321 	 3518.229160 	 3668.878584
   28 	 2902.386321 	 3536.167244 	 3699.725768
   29 	 2774.998898 	 3508.005832 	 3664.887501
   30 	 1526.934901 	 3474.988408 	 3632.692251
   31 	 1526.934901 	 3508.060088 	 3622.323861
   32 	 2990.182104 	 3549.090991 	 3654.185724
   33 	 2991.743821 	 3550.386055 	 3654.185724
   34 	 2983.273723 	 3543.303267 	 3655.124684
   35 	 2998.674176 	 3557.268776 	 3655.124684
   36 	 2998.764112 	 3566.984841 	 3655.124684
   37 	 2998.764112 	 3567.819473 	 3727.947823
   38 	 823.692025 	 3544.908322 	 3758.741545
   39 	 823.692025 	 3543.013555 	 3758.741545
   40 	 1724.640791 	 3550.047013 	 3758.741545
   41 	 1752.127979 	 3546.783181 	 3655.124684
   42 	 3266.742007 	 3558.341037 	 3655.124684
   43 	 3265.873207 	 3556.640536 	 3653.916680
   44 	 3266.742007 	 3555.627475 	 3729.681525
   45 	 1575.770819 	 3516.740857 	 3658.139131
   46 	 1575.928707 	 3520.932183 	 3731.947054
   47 	 2453.982488 	 3539.903183 	 3731.947054
   48 	 1531.526125 	 3522.401911 	 3657.551365
   49 	 1517.774096 	 3507.538796 	 3645.715664
 