   0 	 0.930246 	 424.339727 	 3701.924470
    1 	 20.114893 	 1181.481962 	 3701.924470
    2 	 301.374679 	 2147.298124 	 3749.015026
    3 	 534.699920 	 2615.715211 	 3750.308261
    4 	 321.046871 	 2789.968141 	 3763.366847
    5 	 896.083082 	 3180.288052 	 3765.818493
    6 	 926.385894 	 3226.769538 	 3889.300108
    7 	 926.936118 	 3449.749213 	 3755.499592
    8 	 965.087156 	 3494.140406 	 3769.652501
    9 	 1803.864290 	 3567.099317 	 3769.652501
   10 	 382.883722 	 3578.080116 	 3790.436672
   11 	 1812.116408 	 3629.931493 	 3790.436672
   12 	 881.202076 	 3619.398668 	 3790.436672
   13 	 1816.622520 	 3647.812766 	 3790.415408
   14 	 1843.343781 	 3645.238120 	 3789.484046
   15 	 1816.218509 	 3650.295750 	 3779.682457
   16 	 1816.218509 	 3673.155922 	 3779.682457
   17 	 1816.218509 	 3692.120634 	 3762.915152
   18 	 3112.129816 	 3689.011238 	 3789.544684
   19 	 3108.571269 	 3681.085758 	 3889.793068
   20 	 3113.526021 	 3691.467754 	 3889.793068
   21 	 872.979987 	 3654.830796 	 3888.033130
   22 	 379.511248 	 3657.438735 	 3888.033130
   23 	 354.008030 	 3667.414957 	 3825.675990
   24 	 3109.960066 	 3680.493985 	 3854.233364
   25 	 3114.418821 	 3696.060519 	 3886.933740
   26 	 3381.661530 	 3690.345982 	 3888.797994
   27 	 2562.834409 	 3690.973316 	 3895.696993
   28 	 1636.310372 	 3640.220886 	 3895.655745
   29 	 2310.206522 	 3633.303787 	 3852.467825
   30 	 2310.206522 	 3617.125940 	 3785.310018
   31 	 749.357419 	 3600.219296 	 3823.511659
   32 	 2563.606566 	 3645.767195 	 3825.633234
   33 	 1632.268792 	 3643.825821 	 3791.471242
   34 	 2562.834409 	 3655.035996 	 3803.888492
   35 	 2568.456788 	 3652.670151 	 3803.888492
   36 	 1635.575880 	 3689.168404 	 3810.759816
   37 	 3407.757898 	 3726.601139 	 3828.107281
   38 	 2612.706405 	 3720.681980 	 3830.709947
   39 	 908.840786 	 3677.129863 	 3828.107281
   40 	 3445.447207 	 3731.096316 	 3832.689582
   41 	 1661.503468 	 3708.904238 	 3805.047135
   42 	 3426.454050 	 3729.198411 	 3824.861970
   43 	 376.491180 	 3701.738250 	 3824.861970
   44 	 3428.071226 	 3732.211489 	 3823.856223
   45 	 894.303023 	 3686.767555 	 3830.582885
   46 	 3694.587270 	 3733.777761 	 3825.519711
   47 	 3694.587270 	 3730.840946 	 3825.519711
   48 	 1834.792753 	 3693.489056 	 3811.232223
   49 	 3689.764311 	 3732.113252 	 3811.232223
 