   0 	 0.440027 	 613.290713 	 3210.392792
    1 	 45.562787 	 1454.513733 	 3505.586847
    2 	 181.138685 	 2183.579463 	 3685.011339
    3 	 85.100672 	 2399.881680 	 3736.701063
    4 	 141.687045 	 2453.206505 	 3816.646139
    5 	 413.130556 	 2621.418836 	 3750.747674
    6 	 878.431639 	 2827.320709 	 3772.794656
    7 	 389.572979 	 2829.806857 	 3813.161641
    8 	 869.767809 	 2867.737349 	 3788.952537
    9 	 899.943373 	 2841.502356 	 3788.970322
   10 	 677.591946 	 2943.181587 	 3827.033389
   11 	 604.766518 	 3022.327218 	 3827.033389
   12 	 1022.382365 	 3068.827558 	 3857.701021
   13 	 325.140397 	 3041.178746 	 3830.698996
   14 	 334.496576 	 3015.226043 	 3830.698996
   15 	 166.712852 	 3059.227619 	 3830.823379
   16 	 345.108385 	 3178.126782 	 3830.675404
   17 	 359.530970 	 3204.194260 	 3830.675404
   18 	 348.809658 	 3194.855889 	 3837.391042
   19 	 545.724601 	 3324.643557 	 3836.918937
   20 	 360.818588 	 3170.716466 	 3836.918937
   21 	 417.701709 	 3299.694050 	 3834.409113
   22 	 375.269238 	 3408.834049 	 3836.918937
   23 	 192.580597 	 3352.839544 	 3836.918937
   24 	 2419.364926 	 3555.438363 	 3836.918937
   25 	 948.728314 	 3456.620058 	 3836.918937
   26 	 948.728314 	 3510.216398 	 3838.370457
   27 	 1052.017704 	 3483.927442 	 3838.370457
   28 	 1119.678060 	 3506.685255 	 3828.380907
   29 	 961.465371 	 3476.114833 	 3828.380907
   30 	 961.465371 	 3528.407977 	 3868.852774
   31 	 964.504715 	 3498.559366 	 3837.651009
   32 	 1505.282804 	 3518.506686 	 3825.550168
   33 	 2546.412204 	 3515.828084 	 3836.044226
   34 	 2649.038609 	 3537.934740 	 3845.264719
   35 	 3023.221065 	 3561.010599 	 3825.144359
   36 	 405.211077 	 3508.845619 	 3825.976874
   37 	 2420.876046 	 3514.647037 	 3829.409192
   38 	 942.191693 	 3487.232705 	 3830.601866
   39 	 942.177149 	 3454.149848 	 3831.889771
   40 	 1101.038736 	 3500.756717 	 3831.889771
   41 	 378.633873 	 3454.071527 	 3831.891547
   42 	 923.530171 	 3489.311292 	 3810.155214
   43 	 2730.258857 	 3518.881866 	 3810.155214
   44 	 2999.159411 	 3532.871954 	 3804.804195
   45 	 2640.771555 	 3547.614388 	 3827.533688
   46 	 1479.103615 	 3494.305808 	 3830.736430
   47 	 1530.230249 	 3488.526249 	 3830.736430
   48 	 1645.828831 	 3517.537540 	 3830.736430
   49 	 2966.495107 	 3548.843595 	 3815.112203
 