   0 	 0.347645 	 542.319271 	 3282.788368
    1 	 33.791999 	 1302.357067 	 3551.446706
    2 	 274.112664 	 1934.895159 	 3851.899264
    3 	 237.421442 	 2211.529821 	 3851.899264
    4 	 294.466039 	 2503.465569 	 3851.899264
    5 	 809.810784 	 2627.473813 	 3799.547485
    6 	 271.578301 	 2739.865929 	 3804.455153
    7 	 968.787894 	 2948.759981 	 3809.247633
    8 	 259.361057 	 2949.941505 	 3818.759412
    9 	 280.509896 	 2911.864895 	 3818.759412
   10 	 398.360325 	 3088.177056 	 3810.831463
   11 	 968.553485 	 3215.373719 	 3817.846456
   12 	 798.775408 	 3100.531838 	 3817.574584
   13 	 1002.748106 	 3191.879715 	 3817.574584
   14 	 825.285610 	 3187.109795 	 3778.406321
   15 	 940.216890 	 3115.903288 	 3798.255103
   16 	 398.554414 	 3074.765626 	 3798.255103
   17 	 301.262274 	 3009.244823 	 3778.542065
   18 	 686.668175 	 3231.851906 	 3773.235358
   19 	 936.729003 	 3252.756686 	 3773.768233
   20 	 936.729003 	 3306.789668 	 3758.179502
   21 	 396.312516 	 3343.960425 	 3758.179502
   22 	 402.933083 	 3330.092289 	 3846.306117
   23 	 404.649117 	 3407.099428 	 3846.306117
   24 	 884.624108 	 3490.428877 	 3806.761484
   25 	 407.483672 	 3325.356834 	 3792.558563
   26 	 1912.208191 	 3482.442282 	 3792.649418
   27 	 1979.699319 	 3525.228893 	 3792.649418
   28 	 2786.533192 	 3549.156023 	 3783.729147
   29 	 408.913758 	 3526.386301 	 3782.423826
   30 	 2584.173750 	 3593.240004 	 3798.258866
   31 	 896.692775 	 3604.441274 	 3804.237425
   32 	 1617.239883 	 3627.652325 	 3804.237425
   33 	 880.523570 	 3632.798366 	 3818.496695
   34 	 3107.376365 	 3649.117404 	 3818.496695
   35 	 3090.148162 	 3662.072279 	 3818.496695
   36 	 2596.412105 	 3666.227349 	 3828.432449
   37 	 905.346095 	 3647.711528 	 3828.438428
   38 	 3115.325395 	 3660.165397 	 3808.243549
   39 	 3115.325395 	 3666.933926 	 3818.100152
   40 	 902.480492 	 3647.759236 	 3818.401452
   41 	 916.154143 	 3652.476899 	 3813.065397
   42 	 406.795644 	 3635.792829 	 3822.958162
   43 	 1856.493042 	 3645.911178 	 3820.476449
   44 	 1840.602586 	 3681.276450 	 3828.721697
   45 	 1833.738834 	 3658.000962 	 3828.438428
   46 	 3012.027812 	 3689.358759 	 3828.389378
   47 	 1863.484688 	 3664.131780 	 3833.549600
   48 	 1863.484688 	 3661.105016 	 3833.513660
   49 	 1863.484688 	 3676.282488 	 3833.317074
 