   0 	 2.188278 	 553.295481 	 3103.900732
    1 	 28.753789 	 1337.889135 	 3168.859152
    2 	 216.706091 	 1947.897911 	 3424.028525
    3 	 2.868164 	 2209.833398 	 3461.184939
    4 	 130.800865 	 2303.216944 	 3522.543905
    5 	 138.539455 	 2481.552459 	 3574.586146
    6 	 224.745168 	 2604.082183 	 3660.020720
    7 	 251.300391 	 2642.579644 	 3523.010646
    8 	 251.300391 	 2689.404450 	 3576.911540
    9 	 586.870047 	 2705.456989 	 3577.026155
   10 	 390.992641 	 2691.683653 	 3577.047540
   11 	 953.928510 	 2824.687245 	 3577.047540
   12 	 357.881009 	 2821.923857 	 3577.021884
   13 	 190.377790 	 2872.238416 	 3604.533305
   14 	 190.377790 	 3012.710575 	 3614.593989
   15 	 225.768711 	 2961.491825 	 3611.673541
   16 	 203.333584 	 2994.704050 	 3687.555630
   17 	 238.050414 	 2990.215592 	 3692.567086
   18 	 210.973865 	 2968.786062 	 3578.803983
   19 	 365.832638 	 3185.350278 	 3608.761604
   20 	 816.552893 	 3136.152721 	 3574.891023
   21 	 378.154874 	 3162.039337 	 3516.144693
   22 	 2109.391781 	 3221.004109 	 3689.318689
   23 	 2350.022164 	 3244.517387 	 3689.318689
   24 	 506.905728 	 3229.940228 	 3534.762214
   25 	 819.381801 	 3208.329200 	 3592.436523
   26 	 2040.859878 	 3283.996640 	 3754.135108
   27 	 281.281115 	 3308.656055 	 3516.572789
   28 	 2849.434554 	 3406.765004 	 3513.187985
   29 	 2336.654759 	 3400.990708 	 3803.838055
   30 	 2336.654759 	 3417.745228 	 3741.199955
   31 	 386.042175 	 3383.780153 	 3819.892422
   32 	 2436.563644 	 3435.272743 	 3808.855112
   33 	 2433.786556 	 3436.839580 	 3824.107021
   34 	 3272.225586 	 3480.417680 	 3824.733709
   35 	 2858.971666 	 3482.074824 	 3829.387094
   36 	 1452.124990 	 3460.232906 	 3833.673257
   37 	 2858.971666 	 3467.105965 	 3829.387094
   38 	 2837.103167 	 3483.937325 	 3829.387094
   39 	 405.254941 	 3415.905448 	 3829.387094
   40 	 403.615275 	 3420.443631 	 3824.929094
   41 	 3201.961104 	 3484.778337 	 3820.052032
   42 	 781.801490 	 3460.274725 	 3815.063109
   43 	 3152.687210 	 3484.004504 	 3834.851704
   44 	 3263.621692 	 3482.557993 	 3834.851704
   45 	 2859.175873 	 3482.876148 	 3824.951006
   46 	 3263.784316 	 3491.733558 	 3825.074701
   47 	 2470.379868 	 3498.777653 	 3859.878874
   48 	 3210.995605 	 3521.982638 	 3859.878874
   49 	 3264.562647 	 3531.193909 	 3859.878874
 