   0 	 1.612999 	 463.154888 	 2952.101173
    1 	 0.874765 	 1249.286850 	 3030.759407
    2 	 10.385624 	 1895.155471 	 3119.777623
    3 	 152.056918 	 2144.579377 	 3726.826414
    4 	 350.830375 	 2364.516598 	 3628.977046
    5 	 867.905489 	 2676.997475 	 3696.473713
    6 	 702.310945 	 2768.410102 	 3696.473713
    7 	 903.927000 	 2868.390436 	 3696.473713
    8 	 320.495076 	 2775.370544 	 3676.097083
    9 	 318.246655 	 2850.631716 	 3788.862472
   10 	 326.870332 	 2866.094880 	 3738.829115
   11 	 148.963180 	 2999.206652 	 3738.584123
   12 	 318.808456 	 3002.552212 	 3777.378692
   13 	 382.390715 	 3055.269945 	 3777.378692
   14 	 607.181952 	 3183.642431 	 3777.378692
   15 	 199.056055 	 3149.890797 	 3781.066952
   16 	 199.056055 	 3142.740416 	 3777.380161
   17 	 327.591839 	 3097.903698 	 3777.380161
   18 	 870.993925 	 3114.656823 	 3683.285345
   19 	 809.483421 	 3101.400344 	 3631.980664
   20 	 827.829122 	 3215.975024 	 3697.172100
   21 	 865.052597 	 3200.358689 	 3678.526376
   22 	 483.356906 	 3098.424079 	 3697.193924
   23 	 499.910452 	 3259.757163 	 3697.239108
   24 	 1557.996566 	 3285.102823 	 3681.805256
   25 	 2321.284759 	 3338.963512 	 3681.805256
   26 	 819.192475 	 3296.397846 	 3696.375810
   27 	 1711.119180 	 3364.822652 	 3698.807036
   28 	 384.620624 	 3227.152338 	 3855.493480
   29 	 2007.508044 	 3297.544399 	 3798.036360
   30 	 995.426886 	 3314.210362 	 3798.037405
   31 	 2378.954117 	 3396.116335 	 3797.935272
   32 	 1772.970301 	 3361.527400 	 3719.565725
   33 	 806.155439 	 3340.591490 	 3719.565725
   34 	 811.059197 	 3376.388844 	 3719.565725
   35 	 811.058120 	 3369.047423 	 3723.380680
   36 	 2332.841975 	 3406.747644 	 3723.380680
   37 	 1433.640584 	 3362.653771 	 3723.380680
   38 	 885.736603 	 3363.465207 	 3840.190120
   39 	 997.757912 	 3352.456158 	 3840.190120
   40 	 2087.160775 	 3432.095086 	 3825.710569
   41 	 2919.886800 	 3471.085042 	 3825.755881
   42 	 386.758491 	 3414.749606 	 3837.330632
   43 	 411.950082 	 3418.864287 	 3837.330632
   44 	 1730.831245 	 3468.844099 	 3841.048292
   45 	 1730.831245 	 3451.691502 	 3821.549896
   46 	 1730.831245 	 3455.215160 	 3818.773172
   47 	 2401.295024 	 3469.596014 	 3817.533512
   48 	 2401.295024 	 3464.953876 	 3837.330632
   49 	 2475.461416 	 3466.032468 	 3822.477992
 