   0 	 0.640023 	 544.043048 	 3055.353325
    1 	 6.638127 	 1475.249499 	 3733.285600
    2 	 78.299538 	 2105.535667 	 3733.285600
    3 	 589.687126 	 2535.255400 	 3733.285600
    4 	 257.690554 	 2631.351861 	 3733.285600
    5 	 764.044818 	 2820.901436 	 3606.880235
    6 	 759.295443 	 2953.591485 	 3808.987907
    7 	 220.752205 	 2941.191724 	 3798.045632
    8 	 298.730368 	 3110.303630 	 3745.216648
    9 	 176.977534 	 3062.611943 	 3737.915980
   10 	 233.231638 	 2973.196788 	 3715.266836
   11 	 139.981803 	 2943.820711 	 3715.266836
   12 	 321.478369 	 3160.866143 	 3825.573171
   13 	 371.489906 	 3269.718537 	 3840.415482
   14 	 287.536073 	 3143.901184 	 3803.536685
   15 	 381.793455 	 3031.193744 	 3827.723045
   16 	 281.927616 	 3140.458274 	 3828.878086
   17 	 288.500687 	 3242.557291 	 3894.810320
   18 	 1708.570391 	 3342.820117 	 3888.598822
   19 	 1708.570391 	 3368.902471 	 3849.131837
   20 	 384.063922 	 3282.561131 	 3839.484057
   21 	 325.700765 	 3254.179250 	 3839.484057
   22 	 388.117489 	 3293.643010 	 3859.456772
   23 	 386.336277 	 3190.948029 	 3859.456772
   24 	 372.691239 	 3267.619935 	 3859.456772
   25 	 2004.691368 	 3433.814194 	 3860.163332
   26 	 424.695989 	 3365.427493 	 3860.152040
   27 	 715.363098 	 3443.120745 	 3860.152040
   28 	 2010.152431 	 3413.797959 	 3860.152040
   29 	 413.575540 	 3241.041751 	 3860.152040
   30 	 979.594838 	 3303.230660 	 3860.152040
   31 	 932.616346 	 3230.760486 	 3885.505015
   32 	 932.616346 	 3339.778526 	 3885.194536
   33 	 747.398757 	 3348.058751 	 3875.586305
   34 	 947.007850 	 3341.576089 	 3845.791246
   35 	 345.983911 	 3241.243321 	 3900.360729
   36 	 376.434673 	 3199.790829 	 3842.793160
   37 	 396.463460 	 3226.813523 	 3854.487701
   38 	 360.811976 	 3201.892838 	 3895.475101
   39 	 386.307229 	 3010.696393 	 3871.162915
   40 	 365.945429 	 3179.522020 	 3871.162915
   41 	 365.396245 	 3315.879798 	 3871.162915
   42 	 420.547886 	 3308.023003 	 3871.162915
   43 	 929.834794 	 3380.152781 	 3870.719395
   44 	 411.542050 	 3226.968361 	 3871.105550
   45 	 365.369995 	 3230.461953 	 3871.147930
   46 	 366.897744 	 3151.538177 	 3871.147930
   47 	 956.352875 	 3342.240549 	 3876.088730
   48 	 390.131325 	 3260.723717 	 3876.088730
   49 	 389.740045 	 3211.220796 	 3876.088730
 