   0 	 0.630475 	 401.211546 	 3437.268992
    1 	 10.124599 	 1075.560302 	 3437.276064
    2 	 8.406939 	 1781.652997 	 3535.564213
    3 	 0.150089 	 2343.970582 	 3747.828808
    4 	 97.492522 	 2689.734315 	 3728.535925
    5 	 351.899356 	 2936.814066 	 3728.535925
    6 	 254.952284 	 3109.251260 	 3761.762158
    7 	 1329.396488 	 3246.445385 	 3761.762158
    8 	 1546.690235 	 3291.116318 	 3773.115563
    9 	 986.812061 	 3303.642957 	 3771.748678
   10 	 391.673507 	 3302.979261 	 3742.342458
   11 	 403.035402 	 3270.563864 	 3742.311002
   12 	 407.038450 	 3326.214873 	 3730.980506
   13 	 3052.042363 	 3380.475046 	 3783.236582
   14 	 1535.342050 	 3354.206681 	 3729.514261
   15 	 1329.359601 	 3297.595641 	 3744.686595
   16 	 1385.997944 	 3316.050268 	 3744.686595
   17 	 1824.653409 	 3351.748643 	 3744.686595
   18 	 1790.668257 	 3318.326301 	 3748.056579
   19 	 1638.070856 	 3315.833829 	 3693.230319
   20 	 2619.976280 	 3329.586878 	 3734.190502
   21 	 2619.367694 	 3330.727994 	 3727.344020
   22 	 1694.978789 	 3275.880213 	 3770.305039
   23 	 406.995479 	 3279.201611 	 3726.434196
   24 	 406.995479 	 3291.066420 	 3727.758597
   25 	 760.989025 	 3314.304780 	 3769.231699
   26 	 2619.593557 	 3333.642261 	 3790.309165
   27 	 1383.574100 	 3323.499747 	 3769.231699
   28 	 1478.854197 	 3312.833264 	 3796.461961
   29 	 2646.028782 	 3347.311375 	 3796.461961
   30 	 2234.774323 	 3369.095593 	 3796.461961
   31 	 2364.844958 	 3383.474837 	 3796.461961
   32 	 3175.464660 	 3414.160888 	 3857.239902
   33 	 908.566145 	 3346.735749 	 3777.924318
   34 	 3095.649142 	 3381.542495 	 3778.187921
   35 	 3095.649142 	 3412.591907 	 3835.675881
   36 	 1324.502294 	 3390.141956 	 3827.983406
   37 	 1458.596446 	 3391.954126 	 3846.043489
   38 	 1458.596446 	 3397.735231 	 3827.983406
   39 	 1458.596446 	 3401.843091 	 3827.983406
   40 	 835.616825 	 3362.914469 	 3849.793979
   41 	 2810.376659 	 3405.019358 	 3802.317726
   42 	 2359.799794 	 3416.844604 	 3802.317726
   43 	 3106.136699 	 3431.782200 	 3840.407096
   44 	 3106.136699 	 3426.915391 	 3851.552520
   45 	 351.661341 	 3387.280727 	 3851.552520
   46 	 353.579090 	 3380.735379 	 3845.363041
   47 	 3230.013903 	 3497.154368 	 3845.363041
   48 	 413.022976 	 3444.327545 	 3809.311891
   49 	 2711.066046 	 3474.062991 	 3816.717014
 