   0 	 0.198890 	 515.275633 	 3246.298105
    1 	 15.050886 	 1421.514647 	 3753.538688
    2 	 160.629226 	 2093.834500 	 3753.538688
    3 	 64.127016 	 2415.280149 	 3759.663277
    4 	 289.013541 	 2808.857271 	 3801.772870
    5 	 16.904002 	 2840.249558 	 3804.231104
    6 	 230.840253 	 2850.959453 	 3808.152310
    7 	 228.639704 	 2876.607727 	 3808.152310
    8 	 396.494231 	 3024.509127 	 3808.152310
    9 	 387.665139 	 3055.207936 	 3834.184960
   10 	 387.665139 	 3187.459521 	 3808.222555
   11 	 871.672660 	 3317.086901 	 3808.222555
   12 	 868.608439 	 3446.054585 	 3820.594621
   13 	 386.917600 	 3398.774998 	 3820.594621
   14 	 959.123068 	 3467.385319 	 3808.231131
   15 	 398.911017 	 3370.578256 	 3808.231131
   16 	 327.613579 	 3457.803038 	 3840.401885
   17 	 947.934816 	 3467.003666 	 3840.931254
   18 	 965.022568 	 3565.821736 	 3840.931254
   19 	 1839.734134 	 3562.527042 	 3840.931254
   20 	 401.391054 	 3495.919280 	 3782.992936
   21 	 400.990749 	 3478.209180 	 3802.183163
   22 	 970.306256 	 3457.751812 	 3782.992936
   23 	 979.080987 	 3517.390190 	 3816.279076
   24 	 1969.156312 	 3573.092796 	 3803.114863
   25 	 1626.977379 	 3561.744866 	 3803.116047
   26 	 1965.697537 	 3630.536006 	 3803.692132
   27 	 933.080198 	 3594.584253 	 3801.565583
   28 	 985.729215 	 3619.033495 	 3803.949019
   29 	 985.728786 	 3597.344045 	 3801.566843
   30 	 3074.010528 	 3656.528333 	 3802.183163
   31 	 930.069836 	 3611.802601 	 3821.322623
   32 	 931.229330 	 3567.969276 	 3817.307118
   33 	 3561.726398 	 3706.822152 	 3802.487663
   34 	 400.242533 	 3650.460790 	 3818.850626
   35 	 403.548644 	 3643.903625 	 3818.850626
   36 	 899.429861 	 3697.453123 	 3818.850626
   37 	 894.637835 	 3673.926240 	 3818.854562
   38 	 2810.496696 	 3683.768997 	 3818.854562
   39 	 2869.691478 	 3671.685467 	 3818.854562
   40 	 2861.189051 	 3625.290632 	 3818.854562
   41 	 229.321309 	 3618.678668 	 3776.750977
   42 	 2869.695010 	 3628.205179 	 3775.899541
   43 	 2837.960011 	 3654.018055 	 3775.899541
   44 	 900.048804 	 3643.444107 	 3775.899541
   45 	 2895.426820 	 3701.762297 	 3795.588449
   46 	 2888.973738 	 3693.773301 	 3856.393012
   47 	 904.319821 	 3669.248624 	 3856.393012
   48 	 400.219065 	 3622.111623 	 3856.393012
   49 	 2622.269121 	 3677.806495 	 3856.705056
 