   0 	 0.259124 	 496.273218 	 3603.417285
    1 	 5.182687 	 1310.999377 	 3604.796509
    2 	 144.317232 	 2055.763998 	 3605.486149
    3 	 214.623036 	 2517.680694 	 3680.734509
    4 	 87.260815 	 2829.483117 	 3686.057476
    5 	 98.631469 	 2916.146426 	 3686.057476
    6 	 1236.546001 	 3050.532939 	 3686.057476
    7 	 75.296166 	 3096.981503 	 3685.864452
    8 	 117.001711 	 3003.883163 	 3685.864452
    9 	 895.807016 	 3116.895416 	 3757.846018
   10 	 6.720026 	 3022.172945 	 3757.846018
   11 	 945.228517 	 3149.523383 	 3757.846018
   12 	 377.874209 	 3106.498685 	 3757.846018
   13 	 332.804849 	 3029.764434 	 3703.560904
   14 	 335.422949 	 3171.356237 	 3673.792920
   15 	 335.407311 	 3307.126093 	 3688.978091
   16 	 335.407311 	 3278.468620 	 3672.952151
   17 	 330.108546 	 3272.879659 	 3767.377648
   18 	 377.431809 	 3119.420397 	 3617.011103
   19 	 328.034769 	 3124.025643 	 3613.907839
   20 	 376.052906 	 3084.099826 	 3633.262105
   21 	 938.517620 	 3251.861169 	 3761.741821
   22 	 329.633386 	 3211.231259 	 3646.527169
   23 	 2222.653762 	 3375.142290 	 3752.655226
   24 	 2356.876302 	 3377.209978 	 3761.827645
   25 	 336.685657 	 3213.741552 	 3756.806146
   26 	 333.933349 	 3146.484042 	 3756.806146
   27 	 982.302265 	 3303.935607 	 3756.806146
   28 	 351.938562 	 3272.398654 	 3764.272246
   29 	 338.252680 	 3304.711581 	 3763.790581
   30 	 2103.334649 	 3389.117698 	 3756.797026
   31 	 2103.258361 	 3407.545851 	 3759.288661
   32 	 2066.205536 	 3473.689574 	 3759.299829
   33 	 892.660402 	 3426.426719 	 3759.232405
   34 	 892.660402 	 3347.068196 	 3762.912031
   35 	 877.852764 	 3394.678132 	 3761.685289
   36 	 383.537554 	 3379.022016 	 3796.056859
   37 	 1959.364702 	 3451.095158 	 3764.195958
   38 	 1752.338278 	 3443.216670 	 3764.195958
   39 	 1755.696687 	 3447.707043 	 3762.496957
   40 	 334.844328 	 3399.129825 	 3767.405200
   41 	 1394.820599 	 3392.278323 	 3767.405200
   42 	 784.748348 	 3407.861057 	 3767.405200
   43 	 1394.820599 	 3456.892920 	 3767.272560
   44 	 381.639389 	 3412.009978 	 3767.272560
   45 	 2473.360482 	 3470.084713 	 3767.272560
   46 	 2495.780991 	 3498.325721 	 3767.272560
   47 	 3025.905984 	 3510.337490 	 3756.721666
   48 	 2885.662580 	 3546.049732 	 3767.762417
   49 	 3012.062734 	 3539.092191 	 3757.947682
 