   0 	 0.119848 	 500.188741 	 3801.942563
    1 	 1.164379 	 1284.839944 	 3802.054264
    2 	 344.640592 	 1807.569102 	 3803.040846
    3 	 40.037236 	 2261.298395 	 3802.641872
    4 	 96.567636 	 2461.276888 	 3842.470025
    5 	 257.111194 	 2866.352627 	 3822.818641
    6 	 317.050563 	 3044.145271 	 3830.047523
    7 	 412.218158 	 3104.323453 	 3828.717123
    8 	 973.410632 	 3074.573431 	 3828.362730
    9 	 1351.104544 	 3179.691065 	 3838.269309
   10 	 960.495835 	 3331.135342 	 3892.734499
   11 	 831.029812 	 3357.986947 	 3892.734499
   12 	 1099.582019 	 3485.815953 	 3892.734499
   13 	 1099.582019 	 3540.358726 	 3874.903036
   14 	 2006.955785 	 3616.676185 	 3874.873600
   15 	 327.076710 	 3514.396928 	 3883.771269
   16 	 421.081255 	 3564.738918 	 3883.784616
   17 	 396.103715 	 3576.542485 	 3848.256767
   18 	 325.116349 	 3562.052623 	 3848.256767
   19 	 306.268331 	 3570.624622 	 3869.733736
   20 	 1678.252358 	 3627.111080 	 3884.666596
   21 	 3126.128786 	 3674.629382 	 3895.441293
   22 	 3126.103698 	 3667.167260 	 3884.685940
   23 	 3126.103698 	 3687.592289 	 3892.257286
   24 	 317.756569 	 3674.440062 	 3895.354351
   25 	 894.859628 	 3657.902389 	 3892.257286
   26 	 3193.527722 	 3707.905295 	 3903.151405
   27 	 3174.402292 	 3718.260155 	 3903.151405
   28 	 3168.480253 	 3727.653835 	 3899.566867
   29 	 3275.759993 	 3762.903100 	 3899.085577
   30 	 2725.694357 	 3751.221405 	 3900.020340
   31 	 3271.860601 	 3758.614845 	 3901.679917
   32 	 416.657000 	 3703.932942 	 3899.130157
   33 	 950.546666 	 3732.384192 	 3899.130157
   34 	 3187.950545 	 3752.470397 	 3897.828724
   35 	 3474.326827 	 3776.938496 	 3897.828724
   36 	 418.859436 	 3725.101634 	 3905.197399
   37 	 2628.745772 	 3759.135601 	 3905.197399
   38 	 397.127656 	 3692.680341 	 3898.718277
   39 	 2631.822941 	 3757.226674 	 3905.267767
   40 	 2570.012757 	 3735.247623 	 3905.267767
   41 	 2631.822941 	 3772.809750 	 3905.267767
   42 	 2631.822941 	 3770.594986 	 3904.154487
   43 	 912.855587 	 3737.287843 	 3904.154487
   44 	 2682.968094 	 3782.332652 	 3905.744247
   45 	 2627.223657 	 3804.200640 	 3905.865367
   46 	 2627.223657 	 3779.494348 	 3900.431956
   47 	 2627.223657 	 3802.606787 	 3901.429524
   48 	 3265.491856 	 3814.281454 	 3902.444023
   49 	 423.390606 	 3760.349021 	 3902.502007
 