   0 	 0.229257 	 494.098784 	 3284.280697
    1 	 2.260128 	 1368.942355 	 3284.280697
    2 	 21.618477 	 1921.259091 	 3404.053663
    3 	 1.734463 	 2171.377968 	 3584.352399
    4 	 274.937788 	 2576.108120 	 3584.352399
    5 	 34.851263 	 2782.112189 	 3584.352399
    6 	 1674.779714 	 3048.640197 	 3624.774449
    7 	 787.073572 	 3010.080196 	 3646.470304
    8 	 863.356385 	 3096.027869 	 3634.378969
    9 	 313.141367 	 2988.743918 	 3651.276969
   10 	 313.141367 	 3077.798013 	 3663.040016
   11 	 1013.277910 	 3180.308221 	 3663.040016
   12 	 204.772718 	 3083.066521 	 3685.377026
   13 	 334.980798 	 3151.311121 	 3811.887578
   14 	 271.546733 	 3273.414691 	 3811.887578
   15 	 293.318929 	 3285.804943 	 3819.299311
   16 	 1635.006588 	 3329.146275 	 3811.958298
   17 	 2209.133602 	 3355.755811 	 3811.958298
   18 	 2209.133602 	 3421.452797 	 3819.346696
   19 	 2215.418346 	 3433.101628 	 3832.135054
   20 	 412.947817 	 3372.025792 	 3818.993711
   21 	 412.985965 	 3413.681280 	 3818.993711
   22 	 409.107940 	 3303.466795 	 3809.489321
   23 	 2284.091787 	 3460.671853 	 3811.949283
   24 	 737.970765 	 3463.400755 	 3844.165695
   25 	 2060.832921 	 3478.257616 	 3844.490591
   26 	 1998.480522 	 3472.131798 	 3741.920877
   27 	 748.559738 	 3487.893012 	 3741.920877
   28 	 2535.276222 	 3542.811567 	 3741.991428
   29 	 724.140702 	 3504.097532 	 3741.838221
   30 	 869.071396 	 3513.069901 	 3811.507431
   31 	 881.605642 	 3553.450614 	 3811.507431
   32 	 1814.061227 	 3595.955688 	 3792.001785
   33 	 891.568251 	 3591.452983 	 3792.001785
   34 	 396.657056 	 3593.029914 	 3792.659524
   35 	 3322.748755 	 3634.982298 	 3789.576619
   36 	 2528.489146 	 3617.858198 	 3760.974196
   37 	 2464.603425 	 3601.648164 	 3760.974196
   38 	 2464.603425 	 3600.696610 	 3801.859634
   39 	 2512.489185 	 3591.516349 	 3851.962125
   40 	 2510.484745 	 3602.865983 	 3861.898310
   41 	 2518.551464 	 3607.506437 	 3851.962125
   42 	 3283.574345 	 3617.780249 	 3811.515626
   43 	 891.601055 	 3574.371911 	 3811.515626
   44 	 3301.874286 	 3610.294426 	 3811.994858
   45 	 3058.926800 	 3603.925026 	 3811.515626
   46 	 398.547745 	 3550.388393 	 3811.520538
   47 	 2520.990080 	 3579.113431 	 3821.938929
   48 	 1527.550186 	 3567.722501 	 3781.792727
   49 	 895.411317 	 3585.082651 	 3821.386777
 