   0 	 1.210381 	 504.770992 	 2617.395205
    1 	 3.429406 	 1381.383645 	 2835.897804
    2 	 90.850946 	 1781.432919 	 3479.880026
    3 	 401.863734 	 2125.897092 	 3575.350108
    4 	 25.632098 	 2268.019550 	 3759.831842
    5 	 109.639169 	 2312.660024 	 3641.997406
    6 	 59.995426 	 2409.643773 	 3641.631018
    7 	 506.429580 	 2676.417513 	 3607.647717
    8 	 306.553560 	 2723.723675 	 3634.145954
    9 	 1074.141623 	 3009.608546 	 3823.137224
   10 	 337.585707 	 2906.362799 	 3782.630730
   11 	 407.658515 	 2887.685178 	 3681.209203
   12 	 1032.164895 	 2977.733461 	 3822.095544
   13 	 520.816464 	 3073.386900 	 3822.095544
   14 	 236.932014 	 3126.040260 	 3822.095544
   15 	 202.813578 	 3091.890038 	 3822.095544
   16 	 1048.525959 	 3209.797630 	 3804.804715
   17 	 994.580331 	 3201.446979 	 3822.642384
   18 	 370.106376 	 3255.404155 	 3834.453264
   19 	 1266.102313 	 3375.131345 	 3834.453264
   20 	 997.546849 	 3368.728315 	 3832.002378
   21 	 778.764414 	 3311.584568 	 3835.218600
   22 	 2164.408788 	 3429.642957 	 3842.186046
   23 	 2496.162004 	 3509.231726 	 3837.045380
   24 	 2644.010190 	 3496.493435 	 3837.044447
   25 	 406.501619 	 3502.822626 	 3851.389195
   26 	 959.626146 	 3533.497302 	 3854.528560
   27 	 1801.819291 	 3528.405462 	 3846.335027
   28 	 941.166010 	 3515.000564 	 3847.574816
   29 	 2798.191795 	 3604.812886 	 3847.574816
   30 	 2798.191795 	 3620.094203 	 3871.596644
   31 	 879.924158 	 3557.840176 	 3834.774464
   32 	 2558.595946 	 3607.972757 	 3849.143686
   33 	 2579.859372 	 3636.615931 	 3834.774464
   34 	 407.808384 	 3604.321564 	 3836.140376
   35 	 408.135510 	 3612.853844 	 3834.861296
   36 	 1859.671479 	 3624.279328 	 3834.846104
   37 	 1859.671479 	 3600.551752 	 3835.010984
   38 	 1632.418689 	 3555.881194 	 3835.010984
   39 	 1632.423340 	 3577.372599 	 3837.097460
   40 	 2548.182685 	 3583.069743 	 3837.042932
   41 	 2501.209324 	 3577.676261 	 3832.540458
   42 	 2398.167103 	 3557.317877 	 3835.010984
   43 	 2933.933776 	 3641.008785 	 3832.529993
   44 	 2622.263475 	 3640.938718 	 3835.006511
   45 	 2622.263475 	 3643.627490 	 3828.626264
   46 	 2625.790386 	 3661.476474 	 3829.437829
   47 	 3094.403422 	 3666.940730 	 3834.869761
   48 	 2564.360324 	 3667.223416 	 3834.869761
   49 	 2568.237512 	 3689.481441 	 3824.819439
 