   0 	 1.221797 	 487.843830 	 3630.530720
    1 	 9.104296 	 1339.932281 	 3630.530720
    2 	 11.632724 	 2032.539671 	 3830.794400
    3 	 270.887285 	 2508.605213 	 3834.909392
    4 	 48.806324 	 2744.275026 	 3834.909392
    5 	 396.798729 	 2972.956820 	 3813.919096
    6 	 86.804532 	 3046.949199 	 3866.398566
    7 	 89.646747 	 3026.417712 	 3866.398566
    8 	 374.856585 	 3073.246105 	 3820.862123
    9 	 244.638389 	 3083.468711 	 3853.650812
   10 	 337.292486 	 3155.849921 	 3861.368210
   11 	 387.701864 	 3255.220362 	 3866.398566
   12 	 749.136032 	 3339.008175 	 3834.124768
   13 	 847.348096 	 3349.084055 	 3787.146547
   14 	 1782.348728 	 3434.618718 	 3767.615970
   15 	 860.073183 	 3336.427637 	 3746.952641
   16 	 822.409572 	 3355.705327 	 3746.952641
   17 	 323.609162 	 3172.069120 	 3751.319056
   18 	 268.241781 	 3233.367130 	 3746.293697
   19 	 325.376651 	 3214.084705 	 3788.889053
   20 	 72.933475 	 3093.900614 	 3745.205441
   21 	 351.409716 	 3125.922897 	 3745.205441
   22 	 264.794333 	 3039.597876 	 3745.205441
   23 	 239.953128 	 3110.357939 	 3745.217705
   24 	 371.542867 	 3273.630403 	 3748.640657
   25 	 349.070023 	 3253.899623 	 3748.640657
   26 	 724.729120 	 3203.599594 	 3748.640657
   27 	 348.936604 	 3226.378548 	 3684.738630
   28 	 360.848092 	 3276.736424 	 3680.451325
   29 	 351.675633 	 3331.889700 	 3681.658700
   30 	 1294.169339 	 3377.703815 	 3824.969917
   31 	 2784.792777 	 3422.879378 	 3831.753312
   32 	 1489.880500 	 3401.792628 	 3831.753312
   33 	 1605.468325 	 3386.592295 	 3847.633969
   34 	 1321.223600 	 3350.278837 	 3831.753312
   35 	 1144.448856 	 3335.849716 	 3831.753312
   36 	 2845.636405 	 3401.324746 	 3831.518505
   37 	 2849.530505 	 3417.379817 	 3688.655088
   38 	 2328.420425 	 3430.321849 	 3688.655088
   39 	 2250.813954 	 3419.056529 	 3688.655088
   40 	 2223.736791 	 3478.925796 	 3691.084262
   41 	 2436.121797 	 3501.476737 	 3719.454087
   42 	 2436.121797 	 3495.284318 	 3719.454087
   43 	 2418.915801 	 3496.337180 	 3719.454087
   44 	 2876.102551 	 3513.881833 	 3711.945850
   45 	 2827.863489 	 3498.547190 	 3678.037620
   46 	 2375.660865 	 3481.557442 	 3673.360305
   47 	 813.704106 	 3436.551544 	 3706.165215
   48 	 1595.567213 	 3499.187786 	 3712.180105
   49 	 363.116901 	 3489.143711 	 3707.853568
 