   0 	 2.206777 	 526.601974 	 3327.001558
    1 	 0.325214 	 1460.322280 	 3327.001558
    2 	 22.369017 	 2164.645500 	 3584.565883
    3 	 11.506231 	 2394.557171 	 3584.565883
    4 	 16.909130 	 2673.932775 	 3584.565883
    5 	 191.613236 	 2704.230070 	 3635.673653
    6 	 404.923664 	 2875.043109 	 3635.673653
    7 	 51.760294 	 2905.152216 	 3675.003229
    8 	 741.329679 	 3058.627958 	 3802.319321
    9 	 899.942229 	 3140.853633 	 3713.833851
   10 	 261.938802 	 3091.785777 	 3751.207557
   11 	 938.922189 	 3200.373620 	 3706.825824
   12 	 310.256404 	 3135.826728 	 3706.825824
   13 	 375.447925 	 3212.972937 	 3706.830108
   14 	 972.199223 	 3221.761285 	 3716.391940
   15 	 359.067105 	 3145.690448 	 3716.391940
   16 	 951.162536 	 3202.687965 	 3774.612114
   17 	 854.069228 	 3254.986537 	 3774.612114
   18 	 830.037442 	 3216.300829 	 3808.988492
   19 	 302.061605 	 3076.623534 	 3795.214443
   20 	 400.607125 	 3197.125872 	 3829.153636
   21 	 300.425665 	 3244.223352 	 3802.087275
   22 	 352.563442 	 3163.758480 	 3802.087275
   23 	 398.037784 	 3192.556033 	 3777.021620
   24 	 308.600749 	 3183.975318 	 3796.680119
   25 	 316.392340 	 3182.356157 	 3796.680119
   26 	 395.373672 	 3239.487292 	 3796.680119
   27 	 356.433786 	 3245.746207 	 3806.514233
   28 	 352.153842 	 3324.950592 	 3806.514233
   29 	 401.820048 	 3305.710432 	 3810.247566
   30 	 345.880220 	 3426.865325 	 3811.238458
   31 	 401.643281 	 3393.228603 	 3796.446647
   32 	 827.715799 	 3393.025184 	 3795.480683
   33 	 1601.620317 	 3471.569307 	 3835.829788
   34 	 2979.712565 	 3535.487715 	 3805.290679
   35 	 263.375294 	 3500.431730 	 3811.248698
   36 	 1475.316801 	 3535.133034 	 3811.248698
   37 	 351.842328 	 3539.149978 	 3796.443319
   38 	 2982.376286 	 3560.153244 	 3839.780542
   39 	 763.462039 	 3505.638421 	 3835.979454
   40 	 351.728300 	 3531.517263 	 3800.244407
   41 	 262.277752 	 3569.939080 	 3850.861632
   42 	 3137.151354 	 3589.401110 	 3810.014094
   43 	 900.846716 	 3548.330748 	 3835.563378
   44 	 900.846716 	 3551.337517 	 3835.986622
   45 	 3245.701858 	 3589.739184 	 3829.658103
   46 	 3257.689928 	 3577.792018 	 3800.182199
   47 	 405.137714 	 3525.138483 	 3800.182199
   48 	 1727.725759 	 3539.519184 	 3799.731959
   49 	 1723.988479 	 3572.581484 	 3799.074923
 