   0 	 0.552352 	 492.442425 	 3136.574029
    1 	 3.479686 	 1435.312578 	 3640.623004
    2 	 47.090162 	 2120.878435 	 3647.864074
    3 	 209.517273 	 2378.817359 	 3737.453842
    4 	 99.681412 	 2462.146014 	 3737.453842
    5 	 536.750900 	 2717.907326 	 3732.565023
    6 	 350.538284 	 2909.988396 	 3766.520155
    7 	 67.487927 	 3019.653299 	 3799.105138
    8 	 260.613659 	 3159.455748 	 3793.551842
    9 	 375.329761 	 3204.594881 	 3776.675165
   10 	 307.040909 	 3125.386278 	 3794.059753
   11 	 1834.419152 	 3324.884165 	 3793.632319
   12 	 1919.145037 	 3395.325366 	 3793.632319
   13 	 1919.145037 	 3386.399031 	 3798.101773
   14 	 1996.471726 	 3325.689624 	 3816.526874
   15 	 721.810087 	 3265.892699 	 3799.021319
   16 	 895.662014 	 3377.188855 	 3796.238989
   17 	 2057.920320 	 3449.402151 	 3788.807737
   18 	 2311.505938 	 3455.032126 	 3736.210814
   19 	 352.792525 	 3435.448026 	 3736.997446
   20 	 2994.828964 	 3549.013347 	 3735.774942
   21 	 2459.372700 	 3517.791691 	 3788.293054
   22 	 2506.533331 	 3505.351392 	 3788.283250
   23 	 1790.440265 	 3367.138141 	 3804.068387
   24 	 354.434085 	 3392.783826 	 3799.883415
   25 	 399.567758 	 3449.449030 	 3815.956718
   26 	 218.634217 	 3443.817163 	 3803.872081
   27 	 397.713857 	 3454.233494 	 3807.189795
   28 	 372.407759 	 3473.377080 	 3807.189795
   29 	 2480.153602 	 3462.344483 	 3767.371386
   30 	 1667.582629 	 3453.739451 	 3767.371386
   31 	 830.195226 	 3470.573643 	 3802.325320
   32 	 831.282701 	 3531.586920 	 3809.121145
   33 	 898.176707 	 3565.705542 	 3802.356936
   34 	 1612.744466 	 3567.456280 	 3809.121145
   35 	 2613.740017 	 3608.467139 	 3809.121145
   36 	 2588.512247 	 3601.790156 	 3809.126716
   37 	 2612.338673 	 3597.886112 	 3809.137864
   38 	 3065.762384 	 3638.994749 	 3885.725556
   39 	 3065.762384 	 3605.163609 	 3809.137864
   40 	 3096.051208 	 3658.474752 	 3809.137864
   41 	 3090.878044 	 3637.386158 	 3848.494477
   42 	 1474.324386 	 3625.048546 	 3850.046328
   43 	 1665.908513 	 3642.680430 	 3850.046328
   44 	 3091.990040 	 3679.958648 	 3850.046328
   45 	 2895.140155 	 3630.091396 	 3849.856088
   46 	 2062.069102 	 3642.496222 	 3849.856088
   47 	 2838.743650 	 3674.715060 	 3886.560106
   48 	 2634.191827 	 3689.978905 	 3867.733370
   49 	 3119.716085 	 3707.392244 	 3849.856088
 