   0 	 0.505328 	 464.265221 	 3288.963649
    1 	 62.956845 	 1512.218287 	 3854.644228
    2 	 0.607600 	 2111.131911 	 3806.047383
    3 	 119.965101 	 2486.019999 	 3806.047383
    4 	 309.017148 	 2754.004035 	 3670.647958
    5 	 110.247437 	 2690.373293 	 3691.371972
    6 	 114.922561 	 2850.606712 	 3760.742596
    7 	 794.286380 	 2950.018726 	 3760.552900
    8 	 271.652630 	 2859.283894 	 3760.552900
    9 	 280.002437 	 3030.938863 	 3760.552900
   10 	 263.314112 	 2989.433785 	 3799.924220
   11 	 310.930895 	 3118.187899 	 3799.924220
   12 	 259.346592 	 3114.538940 	 3803.582465
   13 	 397.824439 	 3249.859315 	 3802.746329
   14 	 352.043196 	 3132.691411 	 3802.746329
   15 	 351.095548 	 3102.412826 	 3796.422065
   16 	 1068.015059 	 3206.914382 	 3796.422065
   17 	 818.156829 	 3172.657589 	 3796.422065
   18 	 2153.238225 	 3286.316266 	 3828.754116
   19 	 892.613702 	 3212.165402 	 3820.607494
   20 	 1804.032306 	 3262.478678 	 3820.842246
   21 	 1866.080816 	 3308.769538 	 3829.051733
   22 	 2768.306510 	 3370.218334 	 3832.159267
   23 	 350.735381 	 3339.288781 	 3832.463187
   24 	 352.123325 	 3324.215985 	 3832.911187
   25 	 2691.007136 	 3379.340733 	 3838.386555
   26 	 2691.007136 	 3383.044010 	 3837.934213
   27 	 2706.164354 	 3424.554599 	 3845.828622
   28 	 2646.077476 	 3472.427586 	 3838.396771
   29 	 2631.817499 	 3465.765247 	 3838.396771
   30 	 2635.468419 	 3493.896758 	 3838.396771
   31 	 2713.631596 	 3518.752368 	 3840.140725
   32 	 2932.423012 	 3535.206088 	 3837.007285
   33 	 1706.295875 	 3549.388636 	 3837.006253
   34 	 3123.805011 	 3609.587129 	 3837.006253
   35 	 3120.452486 	 3621.569702 	 3841.168606
   36 	 3263.181863 	 3622.360871 	 3839.902045
   37 	 1735.408134 	 3587.768819 	 3834.948202
   38 	 2794.432710 	 3586.619777 	 3834.948202
   39 	 2863.259807 	 3566.117851 	 3834.666130
   40 	 1783.570324 	 3514.864694 	 3834.836884
   41 	 1511.969236 	 3543.832555 	 3844.754263
   42 	 2525.125161 	 3561.662288 	 3835.912101
   43 	 1889.161371 	 3532.721397 	 3836.287693
   44 	 1628.335985 	 3533.558673 	 3840.688455
   45 	 2523.710040 	 3587.122577 	 3847.101730
   46 	 400.235709 	 3538.489281 	 3833.254237
   47 	 2524.648024 	 3570.473799 	 3833.019449
   48 	 2802.369873 	 3581.822456 	 3833.019449
   49 	 1776.897051 	 3533.163973 	 3834.724544
 