   0 	 1.440572 	 453.112536 	 3043.401088
    1 	 32.496654 	 1290.070629 	 3286.567457
    2 	 6.641206 	 1950.498155 	 3475.915417
    3 	 305.336522 	 2304.424816 	 3514.994511
    4 	 22.837282 	 2600.330368 	 3816.195358
    5 	 407.361029 	 2656.819195 	 3809.628862
    6 	 13.680164 	 2911.820131 	 3811.743526
    7 	 352.534032 	 2922.376105 	 3811.797126
    8 	 915.168585 	 3022.343848 	 3811.743526
    9 	 1974.083530 	 3183.752836 	 3811.743526
   10 	 1973.879426 	 3234.817946 	 3809.844481
   11 	 1462.764265 	 3244.513497 	 3810.219037
   12 	 257.134545 	 3201.293491 	 3812.044249
   13 	 794.611396 	 3310.616909 	 3871.713696
   14 	 1608.244131 	 3325.421607 	 3864.245720
   15 	 1890.772424 	 3363.327570 	 3864.245720
   16 	 2716.791648 	 3422.547375 	 3864.245720
   17 	 2404.224498 	 3478.179624 	 3864.245720
   18 	 381.940944 	 3452.984154 	 3864.245720
   19 	 2055.086921 	 3520.182798 	 3864.245720
   20 	 2055.086921 	 3508.464542 	 3835.451254
   21 	 2401.260208 	 3521.804873 	 3836.832701
   22 	 1660.908875 	 3506.268384 	 3855.545959
   23 	 2478.683313 	 3521.502878 	 3858.446067
   24 	 2486.477575 	 3532.099986 	 3866.709731
   25 	 3276.596166 	 3546.510282 	 3836.949440
   26 	 3276.596166 	 3534.393100 	 3871.696861
   27 	 1506.188660 	 3503.264111 	 3871.696861
   28 	 841.980132 	 3481.388536 	 3871.696861
   29 	 1464.518975 	 3488.214000 	 3871.767904
   30 	 1516.427087 	 3497.173543 	 3876.209781
   31 	 1516.427087 	 3507.384804 	 3878.703610
   32 	 912.259651 	 3535.995168 	 3878.703610
   33 	 3372.906326 	 3610.180288 	 3878.703610
   34 	 3366.967769 	 3637.838052 	 3878.703610
   35 	 3375.080721 	 3637.287253 	 3878.703610
   36 	 3258.547934 	 3637.781095 	 3858.818730
   37 	 3388.989295 	 3664.716693 	 3863.949544
   38 	 1718.882496 	 3641.009136 	 3876.215200
   39 	 1718.891356 	 3633.811428 	 3876.215200
   40 	 2962.600306 	 3646.320965 	 3875.537824
   41 	 3298.978975 	 3671.663775 	 3875.537824
   42 	 3426.443892 	 3699.366973 	 3871.298464
   43 	 3442.637851 	 3723.319818 	 3855.909895
   44 	 3393.663439 	 3737.049396 	 3867.440317
   45 	 3370.809341 	 3748.374092 	 3866.890173
   46 	 1661.959441 	 3712.777650 	 3838.812634
   47 	 407.238415 	 3697.721768 	 3876.042784
   48 	 3121.900179 	 3734.431895 	 3870.469791
   49 	 2799.025312 	 3717.829902 	 3871.130136
 