   0 	 0.053369 	 505.451067 	 3217.165847
    1 	 3.763868 	 1481.275107 	 3628.119930
    2 	 60.646505 	 2040.052708 	 3711.946865
    3 	 91.948982 	 2336.325549 	 3726.855819
    4 	 914.585133 	 2807.326607 	 3726.855819
    5 	 1110.550035 	 3062.494317 	 3761.791274
    6 	 823.061529 	 3110.842936 	 3770.696667
    7 	 813.921609 	 3118.920628 	 3817.657200
    8 	 264.938839 	 3051.532529 	 3817.658191
    9 	 303.735156 	 3190.568800 	 3722.425686
   10 	 822.787019 	 3249.966618 	 3837.666781
   11 	 1742.632514 	 3316.718753 	 3756.874339
   12 	 833.511697 	 3301.902987 	 3770.854410
   13 	 1986.772657 	 3383.664885 	 3832.255125
   14 	 506.534614 	 3378.813893 	 3851.027556
   15 	 937.414212 	 3369.518179 	 3842.773522
   16 	 380.336997 	 3301.561199 	 3850.306966
   17 	 930.574893 	 3378.314046 	 3850.306966
   18 	 393.389111 	 3348.163541 	 3851.627577
   19 	 2961.543304 	 3537.614082 	 3847.139711
   20 	 1229.872807 	 3544.650859 	 3854.917890
   21 	 1634.421169 	 3482.644031 	 3858.784641
   22 	 376.736427 	 3402.147578 	 3827.335268
   23 	 384.182363 	 3499.280375 	 3831.333028
   24 	 232.136401 	 3438.969789 	 3858.718413
   25 	 379.556047 	 3599.688387 	 3859.621197
   26 	 2936.566254 	 3640.140635 	 3859.621197
   27 	 2990.835799 	 3647.908383 	 3859.621197
   28 	 2989.326039 	 3629.355917 	 3861.093825
   29 	 3083.959675 	 3606.569688 	 3779.384090
   30 	 3083.959675 	 3619.256326 	 3862.336295
   31 	 2671.279394 	 3631.205158 	 3862.336295
   32 	 1784.533045 	 3639.555213 	 3872.520806
   33 	 1730.485212 	 3631.056498 	 3854.888730
   34 	 1477.175116 	 3559.471329 	 3854.888730
   35 	 1729.165302 	 3652.830361 	 3859.972071
   36 	 1729.137182 	 3656.260236 	 3872.440830
   37 	 1730.485212 	 3646.125793 	 3872.514606
   38 	 1730.485212 	 3647.033324 	 3827.668269
   39 	 1852.824257 	 3656.439069 	 3850.262766
   40 	 1863.325668 	 3669.790748 	 3814.743303
   41 	 3359.789527 	 3682.505848 	 3812.640223
   42 	 383.790107 	 3638.726562 	 3861.237495
   43 	 415.902138 	 3672.444328 	 3861.237495
   44 	 3413.476130 	 3696.966709 	 3861.237495
   45 	 376.179875 	 3644.418581 	 3859.016266
   46 	 1481.262290 	 3658.042450 	 3876.089670
   47 	 1481.907922 	 3670.258785 	 3870.390830
   48 	 2936.952199 	 3687.531956 	 3853.964152
   49 	 2936.952199 	 3701.014258 	 3854.305272
 