   0 	 0.774217 	 518.142427 	 2835.942701
    1 	 3.976721 	 1428.569229 	 3208.663517
    2 	 2.012904 	 2022.430119 	 3847.690747
    3 	 2.064916 	 2259.926617 	 3847.690747
    4 	 758.250610 	 2587.811789 	 3862.913746
    5 	 241.181984 	 2674.183124 	 3862.918654
    6 	 277.289397 	 2826.758671 	 3862.918654
    7 	 329.363743 	 2916.302561 	 3862.918654
    8 	 352.907861 	 2908.227701 	 3869.050366
    9 	 344.441656 	 2977.608540 	 3869.194770
   10 	 1032.281129 	 3150.035169 	 3869.194770
   11 	 129.882587 	 3170.721128 	 3869.194770
   12 	 542.517523 	 3236.908925 	 3869.615415
   13 	 1927.893363 	 3292.673656 	 3869.615415
   14 	 2079.101357 	 3274.523434 	 3869.615415
   15 	 2270.487523 	 3310.962686 	 3873.434615
   16 	 2258.355125 	 3344.256712 	 3873.434615
   17 	 2416.945081 	 3390.263127 	 3862.834109
   18 	 1939.869983 	 3382.957597 	 3856.318681
   19 	 1395.150075 	 3389.475785 	 3857.536217
   20 	 1916.994554 	 3415.214319 	 3856.372825
   21 	 2365.674233 	 3450.952673 	 3856.318681
   22 	 2339.000980 	 3466.173339 	 3856.318681
   23 	 2223.197016 	 3523.606759 	 3869.741049
   24 	 2292.884129 	 3532.081597 	 3876.650984
   25 	 2292.884129 	 3573.362272 	 3872.227895
   26 	 2292.884129 	 3592.172342 	 3871.795863
   27 	 2292.884129 	 3617.994166 	 3876.650984
   28 	 901.091158 	 3586.575915 	 3876.650984
   29 	 903.386710 	 3577.994265 	 3876.650984
   30 	 903.386710 	 3556.353575 	 3876.650984
   31 	 887.396430 	 3619.435292 	 3876.650984
   32 	 815.971639 	 3633.405446 	 3885.490914
   33 	 403.600864 	 3604.407583 	 3871.710881
   34 	 3342.863627 	 3666.857989 	 3867.764552
   35 	 374.342234 	 3613.452547 	 3867.764552
   36 	 2528.309165 	 3669.892995 	 3865.580434
   37 	 930.881717 	 3591.794891 	 3865.580434
   38 	 885.035555 	 3567.765734 	 3830.649266
   39 	 950.960601 	 3642.860326 	 3815.692344
   40 	 3434.750436 	 3695.686133 	 3813.358124
   41 	 1635.991907 	 3653.599627 	 3857.401496
   42 	 1648.596051 	 3655.895263 	 3857.401496
   43 	 3414.003077 	 3691.059582 	 3857.401496
   44 	 2632.545710 	 3676.148555 	 3878.487886
   45 	 2703.175341 	 3691.233742 	 3871.518246
   46 	 2703.175341 	 3696.236191 	 3871.849734
   47 	 403.483661 	 3624.912355 	 3851.550967
   48 	 405.500017 	 3635.867739 	 3853.101924
   49 	 3443.286954 	 3721.730717 	 3853.700551
 