   0 	 1.198650 	 545.799994 	 3650.975962
    1 	 2.214884 	 1670.988861 	 3747.299702
    2 	 15.739753 	 2327.786554 	 3749.660022
    3 	 179.071854 	 2740.724307 	 3745.271030
    4 	 883.919526 	 2773.484097 	 3749.083741
    5 	 1221.557703 	 2902.380303 	 3818.595550
    6 	 988.283354 	 3022.768935 	 3818.595550
    7 	 410.805336 	 3041.378149 	 3794.130885
    8 	 364.504023 	 3114.285648 	 3808.879416
    9 	 394.151450 	 3037.729501 	 3808.879416
   10 	 402.018616 	 3187.801420 	 3808.879416
   11 	 415.591450 	 3184.251684 	 3808.879416
   12 	 417.415317 	 3206.638076 	 3812.636876
   13 	 346.602531 	 3057.889324 	 3822.918171
   14 	 580.719138 	 3260.264605 	 3878.855032
   15 	 414.382309 	 3301.286814 	 3881.346353
   16 	 376.061936 	 3227.299859 	 3878.855032
   17 	 961.799439 	 3386.305520 	 3868.452039
   18 	 1779.722090 	 3426.280882 	 3868.452039
   19 	 1744.117617 	 3411.245990 	 3868.452039
   20 	 2848.004851 	 3564.728103 	 3863.029344
   21 	 3067.713456 	 3575.510368 	 3852.624900
   22 	 2527.079521 	 3580.023496 	 3872.960475
   23 	 2162.089110 	 3565.161673 	 3873.300522
   24 	 2162.089110 	 3543.086329 	 3879.514633
   25 	 893.650399 	 3533.759499 	 3884.941873
   26 	 1474.062819 	 3569.873649 	 3879.514633
   27 	 1474.062819 	 3583.765766 	 3879.552841
   28 	 1450.099096 	 3583.621151 	 3880.163121
   29 	 496.888134 	 3639.609731 	 3878.269072
   30 	 496.888134 	 3620.493295 	 3878.269072
   31 	 1796.382564 	 3599.561297 	 3878.269072
   32 	 867.773300 	 3629.224098 	 3889.788511
   33 	 876.671932 	 3621.102150 	 3874.525185
   34 	 1686.065960 	 3646.081059 	 3874.544409
   35 	 2981.495777 	 3673.588276 	 3882.921169
   36 	 2912.605804 	 3728.380913 	 3878.521251
   37 	 2912.605804 	 3730.363553 	 3880.171081
   38 	 1736.199171 	 3714.085289 	 3881.341915
   39 	 2659.562676 	 3716.415305 	 3880.171081
   40 	 2912.646748 	 3739.787567 	 3883.696312
   41 	 2912.646748 	 3740.976532 	 3884.941873
   42 	 2911.574544 	 3717.784508 	 3884.941873
   43 	 2614.405506 	 3722.795737 	 3884.941873
   44 	 2549.390661 	 3724.854511 	 3884.941873
   45 	 2731.981893 	 3711.717776 	 3887.500297
   46 	 2732.004517 	 3715.343038 	 3887.500297
   47 	 2618.374313 	 3710.659377 	 3887.500297
   48 	 1555.774299 	 3681.586703 	 3887.500297
   49 	 1555.774299 	 3719.900907 	 3887.500297
 