   0 	 0.801300 	 496.788367 	 2909.049152
    1 	 13.509138 	 1339.218299 	 3648.837193
    2 	 115.025381 	 1911.871945 	 3726.535702
    3 	 48.577926 	 2219.649473 	 3726.535702
    4 	 249.972584 	 2474.820663 	 3726.535702
    5 	 689.329357 	 2681.057904 	 3726.535702
    6 	 876.285743 	 2950.199925 	 3726.535702
    7 	 1105.401009 	 3034.591032 	 3726.844443
    8 	 210.704547 	 3128.097854 	 3777.736182
    9 	 1090.314518 	 3119.234145 	 3757.689401
   10 	 1090.314518 	 3158.289560 	 3751.191899
   11 	 410.604766 	 3100.631631 	 3773.520783
   12 	 717.758639 	 3125.193209 	 3869.865384
   13 	 2247.047477 	 3186.194723 	 3859.714371
   14 	 1756.885598 	 3181.368259 	 3755.806305
   15 	 410.196957 	 3170.114476 	 3716.728816
   16 	 2554.794783 	 3205.818233 	 3688.411805
   17 	 1426.322400 	 3214.605426 	 3881.455106
   18 	 409.645640 	 3212.401974 	 3881.455106
   19 	 408.293409 	 3202.862860 	 3736.400305
   20 	 823.843037 	 3203.961370 	 3687.194362
   21 	 2192.797713 	 3270.003021 	 3772.027578
   22 	 383.258337 	 3291.531324 	 3772.027578
   23 	 2848.599004 	 3365.409078 	 3781.852064
   24 	 2779.786070 	 3371.251826 	 3758.714847
   25 	 383.554301 	 3354.777983 	 3768.526233
   26 	 2045.002280 	 3374.688289 	 3752.833120
   27 	 2924.902896 	 3368.537491 	 3752.833120
   28 	 2924.902896 	 3380.738442 	 3758.436062
   29 	 1567.969912 	 3355.772762 	 3794.952951
   30 	 2700.286931 	 3419.137135 	 3808.350909
   31 	 2700.235736 	 3445.370970 	 3844.377151
   32 	 380.964661 	 3382.758007 	 3808.348826
   33 	 2916.542387 	 3463.216851 	 3847.941172
   34 	 2910.253614 	 3472.393155 	 3847.875572
   35 	 2734.303746 	 3438.977595 	 3773.883959
   36 	 2730.333829 	 3416.216976 	 3773.883959
   37 	 2936.434959 	 3442.251954 	 3778.797311
   38 	 2997.827546 	 3470.618119 	 3778.797311
   39 	 2944.459857 	 3468.035591 	 3762.486501
   40 	 2931.492338 	 3475.168500 	 3743.907378
   41 	 2932.132082 	 3491.388373 	 3743.907378
   42 	 2895.635059 	 3485.400260 	 3749.119736
   43 	 2959.810568 	 3491.178042 	 3760.079577
   44 	 841.600654 	 3477.450674 	 3843.864831
   45 	 3100.700678 	 3516.987882 	 3765.138495
   46 	 2951.158604 	 3515.240135 	 3765.138495
   47 	 2951.158604 	 3526.526860 	 3836.468904
   48 	 875.647492 	 3484.225745 	 3829.017141
   49 	 2390.809883 	 3490.458963 	 3775.830869
 