   0 	 0.017596 	 0.072755 	 1.550147
    1 	 0.019762 	 0.400006 	 1.550147
    2 	 0.027070 	 1.133786 	 14.471780
    3 	 0.037266 	 3.350914 	 14.471780
    4 	 0.038554 	 10.383085 	 14.471780
    5 	 1.337793 	 13.954128 	 14.471780
    6 	 0.137206 	 14.082922 	 18.281536
    7 	 0.445414 	 14.132171 	 18.281536
    8 	 0.141173 	 14.134702 	 16.583748
    9 	 1.550147 	 14.167246 	 16.366612
   10 	 1.550147 	 14.223730 	 16.366612
   11 	 0.041437 	 14.298926 	 36.363636
   12 	 9.165903 	 15.093755 	 36.363636
   13 	 9.891197 	 16.096361 	 36.363636
   14 	 0.137206 	 16.267552 	 36.363636
   15 	 1.683785 	 19.614927 	 36.363636
   16 	 12.210012 	 24.728699 	 36.363636
   17 	 0.146261 	 30.139028 	 36.363636
   18 	 0.038865 	 33.686750 	 51.282051
   19 	 14.471780 	 36.035467 	 51.282051
   20 	 34.013605 	 36.558860 	 51.282051
   21 	 30.211480 	 36.590379 	 51.282051
   22 	 0.040143 	 36.171357 	 51.282051
   23 	 4.692633 	 37.073347 	 53.475936
   24 	 0.137994 	 37.481032 	 51.282051
   25 	 5.333333 	 38.961538 	 58.479532
   26 	 0.146261 	 39.089898 	 58.479532
   27 	 0.527343 	 40.581564 	 93.457944
   28 	 0.038268 	 40.287731 	 120.481928
   29 	 14.471780 	 47.263229 	 120.481928
   30 	 26.954178 	 54.644071 	 120.481928
   31 	 15.360983 	 62.972510 	 120.481928
   32 	 0.039524 	 78.490554 	 120.481928
   33 	 0.138146 	 87.780947 	 120.481928
   34 	 2.308936 	 97.127781 	 151.515152
   35 	 1.867414 	 99.914433 	 151.515152
   36 	 0.597979 	 102.077615 	 151.515152
   37 	 8.539710 	 103.670301 	 151.515152
   38 	 0.142347 	 104.322174 	 151.515152
   39 	 2.321802 	 108.170600 	 151.515152
   40 	 0.142395 	 109.657676 	 151.515152
   41 	 0.039524 	 110.782420 	 151.515152
   42 	 93.457944 	 113.296158 	 151.515152
   43 	 0.117865 	 111.379132 	 151.515152
   44 	 0.038284 	 111.373882 	 151.515152
   45 	 0.038286 	 117.815432 	 151.515152
   46 	 0.151215 	 117.079264 	 151.515152
   47 	 0.597979 	 118.676324 	 151.515152
   48 	 0.151254 	 121.845579 	 151.515152
   49 	 0.142395 	 124.566674 	 151.515152
 