   0 	 0.014605 	 0.068599 	 0.767048
    1 	 0.018745 	 0.204808 	 0.963298
    2 	 0.022655 	 0.402660 	 0.963298
    3 	 0.023764 	 0.544790 	 1.163332
    4 	 0.044552 	 0.626324 	 1.689760
    5 	 0.043423 	 0.656882 	 1.290989
    6 	 0.048170 	 0.686881 	 1.321004
    7 	 0.039546 	 0.724533 	 1.505344
    8 	 0.038122 	 0.822720 	 2.184360
    9 	 0.125221 	 0.955668 	 3.060912
   10 	 0.040738 	 0.910809 	 5.574136
   11 	 0.040935 	 1.154789 	 5.574136
   12 	 0.022233 	 2.223558 	 22.222222
   13 	 0.039811 	 6.852483 	 61.728395
   14 	 0.132144 	 19.334505 	 151.515152
   15 	 0.038839 	 39.461604 	 151.515152
   16 	 0.038839 	 75.681099 	 200.000000
   17 	 0.146709 	 108.276288 	 200.000000
   18 	 7.173601 	 126.285008 	 200.000000
   19 	 0.039206 	 137.439881 	 200.000000
   20 	 0.564016 	 146.425224 	 238.095238
   21 	 0.146744 	 147.260808 	 238.095238
   22 	 7.518797 	 152.130164 	 238.095238
   23 	 87.719298 	 160.779562 	 238.095238
   24 	 2.082466 	 168.030655 	 238.095238
   25 	 0.038897 	 176.755742 	 238.095238
   26 	 0.038746 	 176.886804 	 243.902439
   27 	 0.038592 	 187.684719 	 238.095238
   28 	 0.564780 	 205.120082 	 384.615385
   29 	 2.150538 	 212.892650 	 238.095238
   30 	 0.038290 	 219.936149 	 238.095238
   31 	 0.038746 	 227.360618 	 714.285714
   32 	 0.151309 	 254.702356 	 1666.666667
   33 	 0.038294 	 339.680380 	 1666.666667
   34 	 0.146761 	 589.619979 	 1666.666667
   35 	 0.151373 	 987.602081 	 3333.333333
   36 	 34.013605 	 1437.086723 	 3333.333333
   37 	 0.038294 	 1530.770866 	 3333.333333
   38 	 0.150227 	 1682.701429 	 3333.333333
   39 	 9.140768 	 1822.313630 	 3333.333333
   40 	 30.674847 	 1884.286966 	 3333.333333
   41 	 0.038296 	 2137.087792 	 3333.333333
   42 	 34.364261 	 2442.565865 	 3333.333333
   43 	 116.279070 	 2867.829457 	 5000.000000
   44 	 0.038296 	 3066.667050 	 5000.000000
   45 	 714.285714 	 3140.476190 	 5000.000000
   46 	 0.151398 	 3120.190841 	 5000.000000
   47 	 120.481928 	 3344.538153 	 5000.000000
   48 	 0.038147 	 3390.006390 	 5000.000000
   49 	 0.038296 	 3384.538919 	 5000.000000
 