   0 	 0.016537 	 0.069553 	 0.507382
    1 	 0.020720 	 0.139619 	 0.739208
    2 	 0.022702 	 0.310098 	 3.604903
    3 	 0.036151 	 1.133931 	 18.248175
    4 	 0.040822 	 4.602851 	 26.737968
    5 	 0.038359 	 10.420835 	 31.055901
    6 	 0.039678 	 17.082879 	 31.055901
    7 	 0.041456 	 18.721394 	 60.975610
    8 	 0.038380 	 19.321161 	 60.975610
    9 	 0.160213 	 21.968911 	 67.567568
   10 	 0.250369 	 27.551129 	 67.567568
   11 	 0.154188 	 41.216648 	 500.000000
   12 	 0.609125 	 107.467362 	 500.000000
   13 	 18.248175 	 304.623364 	 500.000000
   14 	 0.152541 	 448.231991 	 500.000000
   15 	 0.038442 	 480.112997 	 500.000000
   16 	 0.573789 	 489.561293 	 500.000000
   17 	 0.038444 	 473.248973 	 500.000000
   18 	 0.038749 	 488.333721 	 500.000000
   19 	 0.573789 	 488.339071 	 500.000000
   20 	 0.150195 	 484.560889 	 500.000000
   21 	 0.038444 	 491.250772 	 625.000000
   22 	 416.666667 	 501.666667 	 625.000000
   23 	 0.038144 	 492.596167 	 625.000000
   24 	 29.411765 	 491.600140 	 625.000000
   25 	 0.152541 	 511.927201 	 2500.000000
   26 	 0.038749 	 588.950050 	 2500.000000
   27 	 0.147920 	 1126.119644 	 2500.000000
   28 	 0.038749 	 inf 	 inf
   29 	 0.610352 	 inf 	 inf
   30 	 0.610352 	 inf 	 inf
   31 	 10000.000000 	 inf 	 inf
   32 	 2.441406 	 inf 	 inf
   33 	 0.038147 	 inf 	 inf
   34 	 0.610352 	 inf 	 inf
   35 	 0.152588 	 inf 	 inf
   36 	 0.038147 	 inf 	 inf
   37 	 156.250000 	 inf 	 inf
   38 	 0.152588 	 inf 	 inf
   39 	 39.062500 	 inf 	 inf
   40 	 0.610352 	 inf 	 inf
   41 	 0.152588 	 inf 	 inf
   42 	 0.038147 	 inf 	 inf
   43 	 0.038147 	 inf 	 inf
   44 	 39.062500 	 inf 	 inf
   45 	 0.038147 	 inf 	 inf
   46 	 0.152588 	 inf 	 inf
   47 	 9.765625 	 inf 	 inf
   48 	 0.038147 	 inf 	 inf
   49 	 0.152588 	 inf 	 inf
 