   0 	 0.017370 	 0.066211 	 1.051635
    1 	 0.017152 	 0.245559 	 1.099747
    2 	 0.032608 	 0.756944 	 2.971768
    3 	 0.036638 	 1.117468 	 4.422822
    4 	 0.040140 	 1.608589 	 4.422822
    5 	 0.298107 	 2.237168 	 6.557377
    6 	 0.164720 	 2.723626 	 7.412898
    7 	 0.170054 	 3.386347 	 8.888889
    8 	 0.348323 	 4.131606 	 8.888889
    9 	 0.037700 	 4.738015 	 9.794319
   10 	 0.037984 	 5.167564 	 9.794319
   11 	 0.038009 	 6.117402 	 9.794319
   12 	 0.037975 	 6.943557 	 9.794319
   13 	 0.038582 	 7.032533 	 9.794319
   14 	 0.150013 	 7.823496 	 9.794319
   15 	 0.037984 	 8.157427 	 23.752969
   16 	 0.138525 	 9.423953 	 23.752969
   17 	 0.494535 	 10.144031 	 31.545741
   18 	 0.136752 	 12.233892 	 31.545741
   19 	 1.531628 	 14.544352 	 31.545741
   20 	 1.915342 	 19.509405 	 31.545741
   21 	 2.213859 	 23.631139 	 31.545741
   22 	 0.595061 	 26.348437 	 31.545741
   23 	 0.038101 	 26.763914 	 31.545741
   24 	 0.136947 	 27.402369 	 31.545741
   25 	 0.136947 	 27.935862 	 31.545741
   26 	 0.151853 	 27.985994 	 34.482759
   27 	 23.752969 	 30.240436 	 48.780488
   28 	 0.038101 	 30.075393 	 48.780488
   29 	 0.139889 	 30.619729 	 48.780488
   30 	 0.484379 	 32.746157 	 48.780488
   31 	 0.512374 	 34.097253 	 48.780488
   32 	 0.040320 	 35.132375 	 48.780488
   33 	 0.040302 	 39.454808 	 48.780488
   34 	 0.040302 	 41.510631 	 48.780488
   35 	 0.039809 	 42.296966 	 48.780488
   36 	 0.038117 	 42.513735 	 48.780488
   37 	 1.641228 	 45.075588 	 48.780488
   38 	 0.148639 	 44.222712 	 56.179775
   39 	 0.038117 	 44.799113 	 48.780488
   40 	 23.752969 	 45.778545 	 56.179775
   41 	 2.074689 	 44.618429 	 48.780488
   42 	 0.137157 	 46.256536 	 91.743119
   43 	 5.567929 	 45.932352 	 48.780488
   44 	 0.495712 	 45.778844 	 54.054054
   45 	 31.545741 	 47.613921 	 56.179775
   46 	 4.705882 	 47.164256 	 56.179775
   47 	 31.545741 	 48.630297 	 56.179775
   48 	 4.705882 	 52.189475 	 294.117647
   49 	 0.038594 	 65.597605 	 294.117647
 