   0 	 0.016361 	 0.078611 	 1.253761
    1 	 0.016361 	 0.348711 	 1.962323
    2 	 0.039232 	 0.945854 	 3.663004
    3 	 0.037505 	 1.030575 	 3.663004
    4 	 0.039622 	 1.454676 	 4.518753
    5 	 0.038970 	 1.899551 	 6.489293
    6 	 0.041103 	 2.323953 	 6.489293
    7 	 0.043745 	 2.803057 	 6.489293
    8 	 0.040727 	 3.565782 	 8.375209
    9 	 0.110868 	 4.534947 	 11.655012
   10 	 0.126000 	 5.095924 	 10.040161
   11 	 1.015744 	 5.732332 	 10.040161
   12 	 2.088119 	 6.309118 	 10.193680
   13 	 0.124668 	 6.383330 	 10.193680
   14 	 0.858074 	 6.717506 	 11.185682
   15 	 1.508296 	 7.197867 	 28.571429
   16 	 0.141587 	 8.939375 	 28.571429
   17 	 0.039224 	 10.122200 	 31.152648
   18 	 3.344482 	 13.913132 	 31.545741
   19 	 0.139041 	 19.101035 	 86.206897
   20 	 0.039980 	 25.173144 	 86.206897
   21 	 0.038858 	 33.232953 	 86.206897
   22 	 0.040303 	 48.976344 	 500.000000
   23 	 0.039678 	 101.878916 	 500.000000
   24 	 0.038749 	 248.440857 	 500.000000
   25 	 2.429543 	 401.729890 	 500.000000
   26 	 0.038144 	 442.608773 	 500.000000
   27 	 0.038749 	 458.536438 	 500.000000
   28 	 2.287283 	 478.796819 	 500.000000
   29 	 0.038749 	 469.609549 	 500.000000
   30 	 0.038444 	 490.043488 	 625.000000
   31 	 344.827586 	 495.344828 	 500.000000
   32 	 0.147920 	 477.438659 	 500.000000
   33 	 36.231884 	 488.965220 	 500.000000
   34 	 7.692308 	 480.142307 	 500.000000
   35 	 0.038444 	 483.456236 	 500.000000
   36 	 86.206897 	 487.423898 	 500.000000
   37 	 9.578544 	 511.286262 	 2500.000000
   38 	 29.411765 	 634.460784 	 2500.000000
   39 	 0.591716 	 895.005917 	 2500.000000
   40 	 0.038146 	 1525.007985 	 2500.000000
   41 	 0.038447 	 2180.050691 	 2500.000000
   42 	 0.609607 	 2435.006096 	 2500.000000
   43 	 0.038146 	 2413.884997 	 2500.000000
   44 	 1250.000000 	 2462.500000 	 2500.000000
   45 	 1250.000000 	 2475.000000 	 2500.000000
   46 	 38.461538 	 2419.273504 	 2500.000000
   47 	 0.038447 	 2329.049560 	 2500.000000
   48 	 0.610203 	 2450.390717 	 2500.000000
   49 	 147.058824 	 2476.470588 	 2500.000000
 