   0 	 0.015554 	 0.062072 	 0.887390
    1 	 0.017660 	 0.258760 	 2.314279
    2 	 0.023500 	 0.812163 	 3.803728
    3 	 0.038390 	 1.583841 	 8.920607
    4 	 0.040617 	 2.585476 	 8.920607
    5 	 0.021060 	 2.813971 	 6.939625
    6 	 0.038986 	 3.664596 	 16.420361
    7 	 0.040352 	 4.628661 	 16.420361
    8 	 0.039418 	 5.579786 	 16.420361
    9 	 0.127354 	 7.068472 	 27.397260
   10 	 0.038728 	 9.353610 	 37.174721
   11 	 0.038728 	 12.218265 	 40.816327
   12 	 0.038247 	 18.052037 	 40.816327
   13 	 0.129452 	 22.508761 	 40.816327
   14 	 7.616146 	 27.076343 	 44.444444
   15 	 9.756098 	 31.799122 	 62.111801
   16 	 11.299435 	 34.650807 	 65.789474
   17 	 0.039606 	 39.225615 	 86.206897
   18 	 0.039672 	 44.319952 	 86.206897
   19 	 0.140994 	 47.388084 	 86.206897
   20 	 0.141082 	 52.126086 	 100.000000
   21 	 27.397260 	 60.222791 	 163.934426
   22 	 0.523423 	 65.635739 	 192.307692
   23 	 31.152648 	 82.731967 	 277.777778
   24 	 0.038888 	 110.299780 	 277.777778
   25 	 7.507508 	 160.924959 	 416.666667
   26 	 6.561680 	 210.916796 	 416.666667
   27 	 0.145626 	 252.591313 	 1250.000000
   28 	 80.000000 	 356.357975 	 2500.000000
   29 	 147.058824 	 798.822596 	 2500.000000
   30 	 0.038447 	 1751.867374 	 2500.000000
   31 	 9.727626 	 2236.400695 	 2500.000000
   32 	 0.610203 	 2274.655058 	 2500.000000
   33 	 0.038146 	 2346.690323 	 10000.000000
   34 	 2.440810 	 2680.024408 	 10000.000000
   35 	 0.038147 	 3642.778159 	 10000.000000
   36 	 0.038146 	 5480.395971 	 10000.000000
   37 	 0.038447 	 7546.907824 	 10000.000000
   38 	 0.152586 	 9225.226420 	 10000.000000
   39 	 1111.111111 	 9736.111111 	 10000.000000
   40 	 0.152586 	 9545.883879 	 10000.000000
   41 	 2.440810 	 9700.121969 	 10000.000000
   42 	 0.152586 	 9500.506782 	 10000.000000
   43 	 9.182736 	 9751.630289 	 10000.000000
   44 	 2500.000000 	 9825.000000 	 10000.000000
   45 	 0.038259 	 9651.884865 	 10000.000000
   46 	 2.440810 	 9700.370429 	 10000.000000
   47 	 2000.000000 	 9820.000000 	 10000.000000
   48 	 0.610314 	 9605.544565 	 10000.000000
   49 	 2.440810 	 9801.562870 	 10000.000000
 