   0 	 0.016855 	 0.080810 	 0.972195
    1 	 0.020856 	 0.261374 	 1.502855
    2 	 0.025835 	 0.523197 	 2.491281
    3 	 0.041637 	 0.992608 	 3.126954
    4 	 0.038861 	 1.265748 	 6.289308
    5 	 0.040453 	 1.626522 	 6.574622
    6 	 0.040306 	 2.628057 	 19.493177
    7 	 0.038842 	 4.072409 	 19.493177
    8 	 0.158073 	 8.272267 	 31.152648
    9 	 0.165445 	 15.718149 	 31.152648
   10 	 4.462294 	 18.319476 	 31.152648
   11 	 1.562256 	 19.950137 	 31.152648
   12 	 0.040109 	 21.472404 	 40.650407
   13 	 0.488257 	 22.084316 	 40.650407
   14 	 18.450185 	 23.806450 	 40.650407
   15 	 0.040277 	 24.441864 	 44.444444
   16 	 4.110152 	 25.433357 	 44.444444
   17 	 0.039821 	 27.255228 	 49.019608
   18 	 4.240882 	 30.978827 	 49.019608
   19 	 0.146323 	 34.875882 	 51.282051
   20 	 0.039805 	 36.697044 	 44.444444
   21 	 9.460738 	 37.960661 	 54.054054
   22 	 0.039821 	 37.685290 	 85.470085
   23 	 0.141040 	 38.902504 	 62.111801
   24 	 0.039794 	 39.826481 	 57.803468
   25 	 0.039660 	 39.051494 	 62.111801
   26 	 0.139882 	 40.993816 	 63.694268
   27 	 0.136879 	 42.804067 	 65.359477
   28 	 0.039662 	 46.341671 	 77.519380
   29 	 5.235602 	 47.409203 	 77.519380
   30 	 18.348624 	 50.610516 	 79.365079
   31 	 7.262164 	 54.159191 	 99.009901
   32 	 0.039662 	 59.460635 	 112.359551
   33 	 0.588755 	 62.870635 	 112.359551
   34 	 0.039824 	 67.644991 	 112.359551
   35 	 12.658228 	 73.355984 	 117.647059
   36 	 0.039839 	 76.352503 	 204.081633
   37 	 0.149950 	 82.001343 	 204.081633
   38 	 0.569833 	 102.726925 	 588.235294
   39 	 35.587189 	 219.214517 	 2000.000000
   40 	 0.553067 	 638.433364 	 2000.000000
   41 	 0.150220 	 997.466866 	 2000.000000
   42 	 0.591261 	 1313.877972 	 2000.000000
   43 	 0.582581 	 1568.437680 	 2000.000000
   44 	 0.038446 	 1735.326758 	 5000.000000
   45 	 2.438430 	 1917.998241 	 5000.000000
   46 	 0.591681 	 1985.767258 	 5000.000000
   47 	 9.174312 	 2108.980632 	 5000.000000
   48 	 0.038447 	 2308.085855 	 5000.000000
   49 	 7.412898 	 2753.407462 	 5000.000000
 