   0 	 0.017127 	 0.058662 	 0.241255
    1 	 0.022224 	 0.109029 	 0.643791
    2 	 0.022766 	 0.173510 	 1.305824
    3 	 0.033646 	 0.286228 	 1.484120
    4 	 0.035901 	 0.527510 	 2.416626
    5 	 0.039338 	 1.110968 	 3.620565
    6 	 0.037695 	 1.546929 	 6.165228
    7 	 0.132904 	 2.292437 	 7.173601
    8 	 0.953289 	 3.431809 	 46.728972
    9 	 0.472010 	 10.905333 	 135.135135
   10 	 0.038741 	 50.986740 	 169.491525
   11 	 4.539265 	 101.257536 	 232.558140
   12 	 0.138110 	 131.995852 	 294.117647
   13 	 0.145626 	 146.160104 	 526.315789
   14 	 19.646365 	 170.912457 	 526.315789
   15 	 40.000000 	 197.963834 	 526.315789
   16 	 6.807352 	 260.741007 	 526.315789
   17 	 0.600276 	 381.329927 	 526.315789
   18 	 0.582377 	 441.370777 	 714.285714
   19 	 8.097166 	 488.244182 	 1000.000000
   20 	 76.335878 	 507.818272 	 1000.000000
   21 	 0.038596 	 502.777444 	 1000.000000
   22 	 2.222716 	 498.016941 	 1000.000000
   23 	 0.149051 	 533.148858 	 1000.000000
   24 	 0.149051 	 573.623274 	 1666.666667
   25 	 2.361275 	 682.698324 	 1666.666667
   26 	 0.149051 	 763.829599 	 1666.666667
   27 	 0.150209 	 1009.679806 	 5000.000000
   28 	 9.746589 	 1788.887658 	 5000.000000
   29 	 0.038296 	 2977.643687 	 5000.000000
   30 	 34.013605 	 4007.050093 	 5000.000000
   31 	 1000.000000 	 4496.666667 	 5000.000000
   32 	 0.038296 	 4604.849634 	 5000.000000
   33 	 2.440215 	 4800.369230 	 5000.000000
   34 	 2.365744 	 4826.782067 	 5000.000000
   35 	 0.600889 	 4787.017503 	 5000.000000
   36 	 2.440215 	 4747.548717 	 5000.000000
   37 	 555.555556 	 4872.222222 	 5000.000000
   38 	 9.165903 	 4738.835486 	 5000.000000
   39 	 3333.333333 	 4933.333333 	 5000.000000
   40 	 0.038296 	 4686.160506 	 5000.000000
   41 	 2.366304 	 4883.356996 	 5000.000000
   42 	 2.366304 	 4738.093328 	 5000.000000
   43 	 111.111111 	 4917.777778 	 5000.000000
   44 	 0.151400 	 4746.071404 	 5000.000000
   45 	 0.038296 	 4722.055294 	 5000.000000
   46 	 0.152583 	 4861.221038 	 5000.000000
   47 	 34.482759 	 4950.344828 	 5000.000000
   48 	 9.746589 	 4841.316978 	 5000.000000
   49 	 0.151400 	 4757.206178 	 5000.000000
 