   0 	 0.016112 	 0.070340 	 1.090513
    1 	 0.016833 	 0.244767 	 1.090513
    2 	 0.020473 	 0.621536 	 1.842639
    3 	 0.046074 	 0.879128 	 3.684598
    4 	 0.090881 	 1.130110 	 3.684598
    5 	 0.417973 	 1.349080 	 5.157298
    6 	 0.038500 	 1.625246 	 7.513148
    7 	 0.101864 	 2.712373 	 44.052863
    8 	 0.141191 	 12.073577 	 66.666667
    9 	 1.401738 	 34.538499 	 111.111111
   10 	 0.039501 	 47.270955 	 111.111111
   11 	 0.039364 	 50.526339 	 111.111111
   12 	 6.365372 	 53.282539 	 111.111111
   13 	 0.140066 	 59.886317 	 111.111111
   14 	 5.333333 	 62.744858 	 111.111111
   15 	 34.364261 	 71.306201 	 285.714286
   16 	 2.287806 	 76.430767 	 151.515152
   17 	 0.146658 	 84.445245 	 120.481928
   18 	 2.072109 	 81.136078 	 111.111111
   19 	 22.988506 	 85.515054 	 151.515152
   20 	 0.525045 	 89.903549 	 151.515152
   21 	 44.052863 	 92.275812 	 151.515152
   22 	 2.072109 	 94.928300 	 151.515152
   23 	 0.039364 	 98.765304 	 151.515152
   24 	 0.039364 	 104.811709 	 151.515152
   25 	 0.597729 	 107.700814 	 151.515152
   26 	 0.151215 	 109.632425 	 151.515152
   27 	 0.146606 	 112.721415 	 151.515152
   28 	 8.488964 	 120.409567 	 151.515152
   29 	 8.488964 	 126.458329 	 151.515152
   30 	 1.919386 	 125.163104 	 151.515152
   31 	 1.919386 	 126.388396 	 151.515152
   32 	 0.151199 	 127.568469 	 151.515152
   33 	 1.919386 	 132.555298 	 151.515152
   34 	 0.038284 	 135.316470 	 153.846154
   35 	 0.597729 	 137.256517 	 153.846154
   36 	 0.143476 	 140.354090 	 153.846154
   37 	 0.038287 	 139.828186 	 153.846154
   38 	 17.301038 	 139.830938 	 153.846154
   39 	 0.039367 	 142.665506 	 153.846154
   40 	 0.598587 	 145.151384 	 153.846154
   41 	 111.111111 	 247.429064 	 10000.000000
   42 	 0.151403 	 2562.855671 	 10000.000000
   43 	 0.038147 	 9160.475907 	 10000.000000
   44 	 9.756098 	 9700.486666 	 10000.000000
   45 	 0.038296 	 9900.000383 	 10000.000000
   46 	 0.038147 	 9525.049272 	 10000.000000
   47 	 0.152586 	 9675.883879 	 10000.000000
   48 	 9.756098 	 9740.097561 	 10000.000000
   49 	 0.600925 	 9755.888362 	 10000.000000
 