   0 	 0.017145 	 0.072876 	 0.880669
    1 	 0.016048 	 0.272713 	 5.356186
    2 	 0.031042 	 1.159818 	 5.599104
    3 	 0.033856 	 3.316813 	 26.178010
    4 	 0.369235 	 5.735711 	 26.178010
    5 	 0.354170 	 9.670204 	 31.847134
    6 	 0.388470 	 18.575776 	 48.543689
    7 	 0.040135 	 23.705727 	 48.543689
    8 	 1.698947 	 26.399582 	 48.543689
    9 	 12.048193 	 28.583833 	 55.865922
   10 	 18.450185 	 31.161893 	 57.471264
   11 	 0.039975 	 33.708801 	 55.865922
   12 	 20.576132 	 37.915490 	 57.471264
   13 	 0.039178 	 39.358996 	 66.666667
   14 	 24.691358 	 44.195553 	 106.382979
   15 	 0.544010 	 46.599671 	 106.382979
   16 	 0.140107 	 49.501829 	 106.382979
   17 	 4.359198 	 53.621036 	 161.290323
   18 	 0.039031 	 63.077069 	 263.157895
   19 	 2.201673 	 85.789203 	 263.157895
   20 	 0.038590 	 111.176815 	 263.157895
   21 	 0.038438 	 137.126353 	 263.157895
   22 	 0.148956 	 178.888602 	 263.157895
   23 	 7.209805 	 193.302762 	 263.157895
   24 	 54.945055 	 219.681231 	 454.545455
   25 	 7.974482 	 227.455672 	 588.235294
   26 	 0.038900 	 239.096655 	 588.235294
   27 	 0.148998 	 259.611683 	 588.235294
   28 	 0.581564 	 311.038444 	 588.235294
   29 	 74.626866 	 350.249101 	 588.235294
   30 	 7.235890 	 402.684551 	 1111.111111
   31 	 0.038445 	 415.139692 	 714.285714
   32 	 0.149056 	 456.812229 	 714.285714
   33 	 0.038596 	 469.105746 	 714.285714
   34 	 0.038597 	 483.849507 	 769.230769
   35 	 0.150191 	 528.612632 	 1111.111111
   36 	 7.262164 	 578.227774 	 1111.111111
   37 	 204.081633 	 663.649904 	 1111.111111
   38 	 27.322404 	 760.727390 	 1111.111111
   39 	 0.149056 	 842.708501 	 1111.111111
   40 	 0.150202 	 884.947274 	 1111.111111
   41 	 2.293052 	 942.519861 	 1111.111111
   42 	 0.038446 	 925.852452 	 1111.111111
   43 	 2.293052 	 1030.106964 	 2000.000000
   44 	 0.149056 	 1028.749613 	 2000.000000
   45 	 0.038446 	 1055.762869 	 2000.000000
   46 	 0.151384 	 1076.270415 	 2000.000000
   47 	 0.038446 	 1108.581150 	 2000.000000
   48 	 2.293052 	 1111.701390 	 2000.000000
   49 	 0.038446 	 1138.558304 	 2000.000000
 