   0 	 0.014732 	 0.063300 	 0.485814
    1 	 0.016837 	 0.133003 	 1.139991
    2 	 0.027088 	 0.343931 	 2.118195
    3 	 0.038362 	 0.643942 	 3.311258
    4 	 0.081879 	 1.190612 	 3.311258
    5 	 0.039288 	 1.458260 	 4.940711
    6 	 0.039213 	 2.142521 	 14.705882
    7 	 0.039336 	 3.421198 	 18.248175
    8 	 0.869565 	 7.726623 	 30.120482
    9 	 0.140813 	 12.791713 	 42.372881
   10 	 0.139993 	 19.242142 	 138.888889
   11 	 3.056235 	 25.849711 	 138.888889
   12 	 0.039661 	 38.248174 	 222.222222
   13 	 0.145391 	 66.769768 	 222.222222
   14 	 0.137099 	 105.938874 	 294.117647
   15 	 0.038593 	 134.538184 	 294.117647
   16 	 0.038593 	 151.220838 	 294.117647
   17 	 6.756757 	 163.184243 	 344.827586
   18 	 0.039052 	 191.424902 	 344.827586
   19 	 0.564048 	 208.260837 	 344.827586
   20 	 0.038902 	 221.943333 	 344.827586
   21 	 0.038902 	 230.135812 	 344.827586
   22 	 7.930214 	 236.535521 	 384.615385
   23 	 0.145671 	 236.136423 	 344.827586
   24 	 0.590458 	 244.082897 	 344.827586
   25 	 0.038593 	 249.576601 	 384.615385
   26 	 178.571429 	 259.512316 	 384.615385
   27 	 9.496676 	 263.690183 	 384.615385
   28 	 0.148994 	 253.900543 	 384.615385
   29 	 0.038442 	 258.387007 	 384.615385
   30 	 2.037075 	 268.545459 	 384.615385
   31 	 0.581497 	 265.979939 	 384.615385
   32 	 0.556886 	 278.279119 	 384.615385
   33 	 49.019608 	 290.967385 	 384.615385
   34 	 0.039056 	 294.275759 	 384.615385
   35 	 0.581497 	 299.001814 	 384.615385
   36 	 0.149018 	 307.758014 	 384.615385
   37 	 0.145662 	 319.486161 	 384.615385
   38 	 0.038142 	 326.652017 	 384.615385
   39 	 0.038293 	 344.598663 	 384.615385
   40 	 31.847134 	 345.554756 	 384.615385
   41 	 0.146795 	 349.447735 	 384.615385
   42 	 35.087719 	 358.784899 	 384.615385
   43 	 0.038143 	 360.256267 	 384.615385
   44 	 0.152520 	 365.699746 	 384.615385
   45 	 333.333333 	 374.040672 	 384.615385
   46 	 0.038143 	 367.782047 	 384.615385
   47 	 0.142252 	 366.980824 	 384.615385
   48 	 0.038143 	 362.765063 	 384.615385
   49 	 0.038143 	 362.767226 	 384.615385
 