   0 	 0.015547 	 0.081179 	 1.273885
    1 	 0.023806 	 0.412110 	 2.506266
    2 	 0.025375 	 1.104626 	 16.611296
    3 	 0.052472 	 3.970167 	 19.417476
    4 	 0.157359 	 10.717894 	 35.087719
    5 	 0.729874 	 16.789872 	 35.087719
    6 	 5.268704 	 19.201030 	 35.087719
    7 	 0.139784 	 19.980531 	 35.087719
    8 	 9.033424 	 21.580829 	 35.087719
    9 	 8.424600 	 23.268482 	 35.087719
   10 	 0.039786 	 23.676432 	 35.087719
   11 	 0.039764 	 25.760438 	 40.650407
   12 	 16.611296 	 27.697407 	 40.650407
   13 	 1.595151 	 28.593198 	 40.650407
   14 	 0.039799 	 28.597502 	 42.194093
   15 	 0.510960 	 30.312118 	 68.965517
   16 	 5.012531 	 31.885025 	 68.965517
   17 	 0.039657 	 30.910622 	 68.965517
   18 	 18.315018 	 33.080999 	 68.965517
   19 	 0.492368 	 36.614324 	 74.626866
   20 	 1.881822 	 38.318058 	 74.626866
   21 	 0.513400 	 42.370464 	 74.626866
   22 	 0.140029 	 44.821066 	 74.626866
   23 	 0.038575 	 51.389781 	 74.626866
   24 	 0.038575 	 56.656685 	 74.626866
   25 	 2.167317 	 63.469153 	 74.626866
   26 	 0.553557 	 65.276146 	 79.365079
   27 	 0.039677 	 65.051401 	 79.365079
   28 	 14.084507 	 69.274029 	 204.081633
   29 	 1.811266 	 70.984372 	 204.081633
   30 	 0.148796 	 77.417800 	 204.081633
   31 	 0.524164 	 96.971482 	 263.157895
   32 	 20.576132 	 130.740104 	 263.157895
   33 	 20.576132 	 171.275248 	 263.157895
   34 	 62.111801 	 206.142691 	 294.117647
   35 	 0.556514 	 226.562803 	 333.333333
   36 	 0.149009 	 232.722618 	 294.117647
   37 	 0.149009 	 233.104816 	 294.117647
   38 	 129.870130 	 250.620223 	 333.333333
   39 	 0.150155 	 247.960182 	 333.333333
   40 	 123.456790 	 253.046015 	 333.333333
   41 	 47.846890 	 253.074678 	 333.333333
   42 	 74.626866 	 256.778648 	 333.333333
   43 	 2.277904 	 259.612103 	 333.333333
   44 	 0.609088 	 260.706307 	 384.615385
   45 	 0.590528 	 259.853105 	 384.615385
   46 	 0.581734 	 268.847811 	 384.615385
   47 	 0.148998 	 278.484190 	 384.615385
   48 	 0.146770 	 281.826353 	 384.615385
   49 	 0.118677 	 294.564655 	 384.615385
 