   0 	 0.014990 	 0.064107 	 0.730460
    1 	 0.014224 	 0.147565 	 1.201779
    2 	 0.017889 	 0.370791 	 1.201779
    3 	 0.044398 	 0.677143 	 3.718855
    4 	 0.037785 	 0.818166 	 3.718855
    5 	 0.043915 	 1.064998 	 3.718855
    6 	 0.038571 	 1.630853 	 3.718855
    7 	 0.160563 	 2.584502 	 25.974026
    8 	 0.134465 	 5.562295 	 27.100271
    9 	 0.038685 	 11.777094 	 27.100271
   10 	 0.038685 	 16.858617 	 62.111801
   11 	 0.038273 	 22.897659 	 62.111801
   12 	 0.156404 	 31.385730 	 303.030303
   13 	 0.567634 	 70.443382 	 303.030303
   14 	 1.661958 	 183.796631 	 384.615385
   15 	 25.974026 	 268.933508 	 588.235294
   16 	 0.038292 	 293.486929 	 588.235294
   17 	 62.111801 	 312.112358 	 1000.000000
   18 	 2.286760 	 331.677157 	 1000.000000
   19 	 0.038598 	 389.924722 	 1000.000000
   20 	 0.147892 	 448.838899 	 1000.000000
   21 	 243.902439 	 584.392652 	 1000.000000
   22 	 0.600348 	 727.500862 	 5000.000000
   23 	 0.147907 	 1050.716254 	 5000.000000
   24 	 0.038598 	 1678.033306 	 5000.000000
   25 	 34.482759 	 3368.006222 	 5000.000000
   26 	 2.366304 	 4300.115406 	 5000.000000
   27 	 9.174312 	 4910.091743 	 5000.000000
   28 	 0.151400 	 4916.668181 	 5000.000000
   29 	 0.152583 	 4900.346353 	 5000.000000
   30 	 9.174312 	 4804.380190 	 5000.000000
   31 	 5000.000000 	 5000.000000 	 5000.000000
   32 	 0.600889 	 4850.374500 	 5000.000000
   33 	 0.152583 	 4871.221038 	 5000.000000
   34 	 0.151400 	 4950.001514 	 5000.000000
   35 	 0.151400 	 4840.007523 	 5000.000000
   36 	 9.746589 	 4950.097466 	 5000.000000
   37 	 0.038296 	 4801.522843 	 5000.000000
   38 	 0.151400 	 4710.130166 	 5000.000000
   39 	 9.174312 	 4900.436571 	 5000.000000
   40 	 0.151400 	 4850.443807 	 5000.000000
   41 	 9.174312 	 4916.758410 	 5000.000000
   42 	 9.746589 	 4950.097466 	 5000.000000
   43 	 0.151400 	 4708.106596 	 5000.000000
   44 	 9.746589 	 4744.945951 	 5000.000000
   45 	 0.038296 	 4763.818779 	 5000.000000
   46 	 0.038296 	 4886.667050 	 5000.000000
   47 	 2.366304 	 4735.687620 	 5000.000000
   48 	 0.151400 	 4950.001514 	 5000.000000
   49 	 2.366304 	 4950.023663 	 5000.000000
 