   0 	 0.017785 	 0.075084 	 1.196745
    1 	 0.020900 	 0.309104 	 2.030457
    2 	 0.031998 	 0.951264 	 9.643202
    3 	 0.039883 	 2.355489 	 10.362694
    4 	 0.614213 	 4.857065 	 10.729614
    5 	 0.689465 	 7.245289 	 12.674271
    6 	 0.126805 	 8.777877 	 13.333333
    7 	 1.622060 	 8.893254 	 12.674271
    8 	 1.024905 	 9.378305 	 19.607843
    9 	 0.424358 	 9.584549 	 12.674271
   10 	 7.686395 	 9.840502 	 12.674271
   11 	 2.780095 	 9.678402 	 12.674271
   12 	 0.423926 	 9.738751 	 12.674271
   13 	 0.423926 	 9.873384 	 12.804097
   14 	 0.041923 	 10.244546 	 12.674271
   15 	 3.051572 	 10.528965 	 12.674271
   16 	 0.039546 	 10.622921 	 12.674271
   17 	 0.130608 	 10.755775 	 14.430014
   18 	 0.041059 	 10.797692 	 14.430014
   19 	 0.130608 	 11.018938 	 22.075055
   20 	 0.130608 	 11.598319 	 22.075055
   21 	 0.040729 	 12.328379 	 22.075055
   22 	 0.041124 	 12.864387 	 22.075055
   23 	 6.325111 	 14.779576 	 24.691358
   24 	 0.473015 	 15.725296 	 27.397260
   25 	 8.298755 	 17.959192 	 28.011204
   26 	 0.039307 	 19.153009 	 26.881720
   27 	 4.833253 	 20.593878 	 26.881720
   28 	 10.362694 	 21.481795 	 26.881720
   29 	 3.680530 	 21.981256 	 24.691358
   30 	 0.471943 	 22.197634 	 25.906736
   31 	 0.038681 	 22.643727 	 25.906736
   32 	 19.047619 	 23.277722 	 25.906736
   33 	 0.038692 	 22.855443 	 25.906736
   34 	 19.047619 	 23.610634 	 25.906736
   35 	 0.039634 	 22.800314 	 25.906736
   36 	 5.691520 	 23.466358 	 32.362460
   37 	 10.752688 	 23.971080 	 32.362460
   38 	 1.729805 	 23.623997 	 32.362460
   39 	 0.140724 	 23.657992 	 32.362460
   40 	 0.133881 	 23.172454 	 32.362460
   41 	 0.039307 	 23.479431 	 32.362460
   42 	 0.133967 	 23.354200 	 25.906736
   43 	 0.039634 	 23.343134 	 25.906736
   44 	 5.934718 	 24.215023 	 28.328612
   45 	 0.039307 	 23.869601 	 28.328612
   46 	 0.038692 	 24.487146 	 85.470085
   47 	 0.133967 	 26.260792 	 85.470085
   48 	 0.516823 	 30.492222 	 85.470085
   49 	 0.596766 	 47.838921 	 476.190476
 