   0 	 0.015068 	 0.072900 	 0.788581
    1 	 0.020046 	 0.380919 	 11.111111
    2 	 0.036201 	 3.768808 	 17.094017
    3 	 0.035855 	 8.525894 	 19.379845
    4 	 0.445931 	 10.790178 	 19.379845
    5 	 0.041226 	 11.514001 	 19.379845
    6 	 3.121099 	 12.198564 	 19.379845
    7 	 0.039556 	 13.069230 	 19.379845
    8 	 0.130419 	 13.837437 	 49.751244
    9 	 0.139443 	 15.588766 	 49.751244
   10 	 0.038733 	 19.096367 	 75.757576
   11 	 0.130419 	 27.061756 	 88.495575
   12 	 0.040155 	 39.327339 	 88.495575
   13 	 0.038733 	 47.677235 	 88.495575
   14 	 0.038736 	 52.343124 	 175.438596
   15 	 2.147766 	 59.685740 	 175.438596
   16 	 0.147676 	 65.780809 	 175.438596
   17 	 0.038730 	 75.816391 	 243.902439
   18 	 35.587189 	 111.593878 	 500.000000
   19 	 2.143623 	 143.565932 	 500.000000
   20 	 0.572574 	 198.959114 	 500.000000
   21 	 0.146729 	 252.455450 	 588.235294
   22 	 0.146729 	 285.357225 	 500.000000
   23 	 0.571788 	 309.530529 	 769.230769
   24 	 0.038143 	 390.440854 	 2000.000000
   25 	 112.359551 	 486.452915 	 2000.000000
   26 	 0.151394 	 581.237993 	 2000.000000
   27 	 192.307692 	 895.444158 	 2000.000000
   28 	 2.293578 	 1156.012151 	 2000.000000
   29 	 0.038447 	 1419.821697 	 2500.000000
   30 	 0.038146 	 1761.839748 	 2500.000000
   31 	 9.149131 	 1794.020063 	 2500.000000
   32 	 2.364625 	 1796.461555 	 2500.000000
   33 	 0.038296 	 1769.778021 	 2500.000000
   34 	 476.190476 	 1914.676435 	 2500.000000
   35 	 0.591681 	 1962.890532 	 2500.000000
   36 	 0.038447 	 1959.076405 	 5000.000000
   37 	 0.600781 	 2080.127580 	 5000.000000
   38 	 9.149131 	 2191.257979 	 5000.000000
   39 	 0.610203 	 2411.508490 	 5000.000000
   40 	 0.610277 	 2857.506103 	 10000.000000
   41 	 0.038146 	 3146.454157 	 10000.000000
   42 	 34.482759 	 4086.564340 	 10000.000000
   43 	 0.038296 	 4661.673059 	 10000.000000
   44 	 2000.000000 	 5770.000000 	 10000.000000
   45 	 151.515152 	 6478.508616 	 10000.000000
   46 	 0.038147 	 7215.890652 	 10000.000000
   47 	 2000.000000 	 8360.000000 	 10000.000000
   48 	 0.038147 	 9200.001895 	 10000.000000
   49 	 0.600925 	 9500.395114 	 10000.000000
 