   0 	 0.018229 	 0.102084 	 2.020202
    1 	 0.024307 	 0.560022 	 2.970885
    2 	 0.029171 	 1.539935 	 5.408329
    3 	 0.041263 	 2.270018 	 16.339869
    4 	 0.106121 	 3.793127 	 20.964361
    5 	 0.039964 	 7.158472 	 20.964361
    6 	 0.039907 	 11.459919 	 23.094688
    7 	 0.038528 	 14.554026 	 23.094688
    8 	 0.038478 	 15.259749 	 25.706941
    9 	 0.039749 	 18.205525 	 25.706941
   10 	 0.037951 	 19.264517 	 25.706941
   11 	 1.601537 	 19.907741 	 25.706941
   12 	 0.038656 	 19.277798 	 28.653295
   13 	 0.040933 	 20.251820 	 28.653295
   14 	 15.060241 	 21.957229 	 28.653295
   15 	 1.445713 	 21.684412 	 29.673591
   16 	 16.977929 	 22.326149 	 29.673591
   17 	 1.454122 	 22.595328 	 29.673591
   18 	 3.822630 	 22.494604 	 29.673591
   19 	 4.393673 	 22.759928 	 29.673591
   20 	 1.454122 	 23.632423 	 63.694268
   21 	 0.567247 	 24.042290 	 29.673591
   22 	 0.038547 	 24.188705 	 29.673591
   23 	 0.563158 	 24.725949 	 30.120482
   24 	 6.138735 	 25.459788 	 30.120482
   25 	 18.083183 	 26.240833 	 30.120482
   26 	 0.133154 	 26.883529 	 30.120482
   27 	 2.070822 	 27.085098 	 30.120482
   28 	 0.148322 	 30.257971 	 344.827586
   29 	 0.040951 	 43.715449 	 344.827586
   30 	 20.964361 	 130.720828 	 588.235294
   31 	 24.752475 	 344.142558 	 588.235294
   32 	 0.038595 	 421.247002 	 588.235294
   33 	 0.149056 	 467.139288 	 1111.111111
   34 	 0.150186 	 508.652432 	 1111.111111
   35 	 344.827586 	 569.043192 	 1111.111111
   36 	 0.038445 	 585.693985 	 1111.111111
   37 	 0.150202 	 619.163637 	 1111.111111
   38 	 27.100271 	 644.250850 	 1111.111111
   39 	 0.038445 	 719.975271 	 1111.111111
   40 	 8.613264 	 774.270034 	 1111.111111
   41 	 0.150220 	 852.333249 	 1111.111111
   42 	 2.293052 	 942.760882 	 1111.111111
   43 	 588.235294 	 1048.366013 	 1111.111111
   44 	 0.150220 	 1040.955851 	 1111.111111
   45 	 0.151384 	 1078.084757 	 1111.111111
   46 	 0.038446 	 1069.130084 	 1111.111111
   47 	 8.613264 	 1094.857374 	 1111.111111
   48 	 0.038446 	 1064.835614 	 1111.111111
   49 	 0.600637 	 1062.671752 	 1111.111111
 