   0 	 0.013369 	 0.099917 	 2.051703
    1 	 0.025423 	 0.697459 	 4.933399
    2 	 0.029852 	 1.593216 	 5.130836
    3 	 0.038812 	 1.903074 	 9.451796
    4 	 0.039757 	 3.029644 	 31.847134
    5 	 0.039894 	 7.190668 	 49.504950
    6 	 0.039995 	 19.844880 	 200.000000
    7 	 0.039149 	 43.129063 	 200.000000
    8 	 0.038741 	 94.735199 	 200.000000
    9 	 0.038745 	 157.844031 	 294.117647
   10 	 31.847134 	 196.478376 	 294.117647
   11 	 0.146744 	 197.715840 	 294.117647
   12 	 2.207506 	 199.863935 	 294.117647
   13 	 0.038899 	 212.745386 	 384.615385
   14 	 0.038902 	 218.817571 	 384.615385
   15 	 0.038902 	 222.662350 	 384.615385
   16 	 0.581328 	 237.611407 	 384.615385
   17 	 0.038594 	 246.556115 	 1000.000000
   18 	 23.041475 	 307.325492 	 1000.000000
   19 	 0.609979 	 489.355207 	 5000.000000
   20 	 0.152565 	 1237.199886 	 5000.000000
   21 	 200.000000 	 3272.738059 	 5000.000000
   22 	 0.038296 	 4550.000383 	 5000.000000
   23 	 0.038147 	 4811.244296 	 5000.000000
   24 	 34.482759 	 4950.344828 	 5000.000000
   25 	 0.038296 	 4916.667050 	 5000.000000
   26 	 0.152583 	 4900.007535 	 5000.000000
   27 	 0.038296 	 4900.006486 	 5000.000000
   28 	 0.038296 	 4771.312021 	 5000.000000
   29 	 0.038296 	 4770.375622 	 5000.000000
   30 	 121.951220 	 4951.219512 	 5000.000000
   31 	 0.038147 	 4860.345209 	 5000.000000
   32 	 9.174312 	 4813.139273 	 5000.000000
   33 	 1000.000000 	 4960.000000 	 5000.000000
   34 	 9.174312 	 4901.311255 	 5000.000000
   35 	 0.038296 	 4706.293659 	 5000.000000
   36 	 0.038295 	 4850.003423 	 5000.000000
   37 	 0.600889 	 4900.350836 	 5000.000000
   38 	 2.440215 	 4708.347152 	 5000.000000
   39 	 9.174312 	 4883.425076 	 5000.000000
   40 	 0.600889 	 4867.017503 	 5000.000000
   41 	 2.440215 	 4822.338367 	 5000.000000
   42 	 0.151400 	 4854.235265 	 5000.000000
   43 	 0.600889 	 4850.442580 	 5000.000000
   44 	 0.038147 	 4900.006484 	 5000.000000
   45 	 0.151400 	 4760.482368 	 5000.000000
   46 	 0.038147 	 4910.000381 	 5000.000000
   47 	 0.600889 	 4870.029672 	 5000.000000
   48 	 5000.000000 	 5000.000000 	 5000.000000
   49 	 0.152583 	 4851.244701 	 5000.000000
 