   0 	 0.016495 	 0.062155 	 0.437158
    1 	 0.015725 	 0.135510 	 1.046025
    2 	 0.024972 	 0.341963 	 2.836075
    3 	 0.040545 	 0.895629 	 4.428698
    4 	 0.043124 	 1.389870 	 4.428698
    5 	 0.040795 	 1.900678 	 4.081633
    6 	 0.046360 	 2.196753 	 4.096682
    7 	 0.048415 	 2.295077 	 4.384042
    8 	 0.046640 	 2.682334 	 4.384042
    9 	 0.046598 	 2.680038 	 4.512635
   10 	 0.178952 	 3.076771 	 9.398496
   11 	 0.546060 	 3.227673 	 9.398496
   12 	 0.037940 	 3.190695 	 9.285051
   13 	 0.038224 	 3.509642 	 9.285051
   14 	 0.038091 	 3.738992 	 9.285051
   15 	 0.549300 	 4.981402 	 9.285051
   16 	 0.040152 	 5.166152 	 9.398496
   17 	 0.038431 	 6.243665 	 9.496676
   18 	 0.038429 	 7.142979 	 9.496676
   19 	 0.654664 	 7.683536 	 9.496676
   20 	 0.153530 	 7.532006 	 9.496676
   21 	 0.038289 	 8.356809 	 73.529412
   22 	 0.628457 	 13.245669 	 73.529412
   23 	 0.165177 	 38.768034 	 344.827586
   24 	 0.039674 	 107.735042 	 384.615385
   25 	 0.038902 	 213.519963 	 1250.000000
   26 	 2.424242 	 327.360206 	 1250.000000
   27 	 0.590842 	 393.931304 	 1250.000000
   28 	 188.679245 	 555.924272 	 2000.000000
   29 	 0.150222 	 869.460792 	 5000.000000
   30 	 2.438430 	 1211.121875 	 5000.000000
   31 	 0.038146 	 1444.484938 	 5000.000000
   32 	 0.152576 	 1733.204937 	 5000.000000
   33 	 1250.000000 	 2397.500000 	 5000.000000
   34 	 151.515152 	 3061.910162 	 5000.000000
   35 	 38.759690 	 3765.579905 	 5000.000000
   36 	 9.174312 	 4332.591743 	 5000.000000
   37 	 0.610277 	 4481.509934 	 5000.000000
   38 	 0.038296 	 4540.941852 	 5000.000000
   39 	 0.600889 	 4833.437094 	 5000.000000
   40 	 0.600889 	 4863.852163 	 5000.000000
   41 	 0.600889 	 4860.030411 	 5000.000000
   42 	 0.151400 	 4650.825149 	 5000.000000
   43 	 0.038296 	 4820.007918 	 5000.000000
   44 	 9.174312 	 4950.091743 	 5000.000000
   45 	 0.151400 	 4851.312769 	 5000.000000
   46 	 0.038147 	 4850.278150 	 5000.000000
   47 	 0.038296 	 4883.335230 	 5000.000000
   48 	 3333.333333 	 4966.666667 	 5000.000000
   49 	 0.152583 	 4820.389123 	 5000.000000
 