   0 	 0.015159 	 0.061205 	 0.377858
    1 	 0.017681 	 0.098067 	 0.806972
    2 	 0.026302 	 0.240491 	 1.962323
    3 	 0.035391 	 0.580711 	 3.246753
    4 	 0.034250 	 1.022911 	 3.246753
    5 	 0.038762 	 1.494948 	 4.728132
    6 	 0.038762 	 2.068550 	 12.626263
    7 	 0.035288 	 3.279385 	 14.326648
    8 	 0.039089 	 5.120854 	 21.691974
    9 	 0.038626 	 6.466450 	 26.881720
   10 	 0.038634 	 9.264525 	 31.545741
   11 	 0.032817 	 13.190810 	 32.467532
   12 	 0.035781 	 16.800643 	 55.555556
   13 	 0.040106 	 22.795784 	 188.679245
   14 	 0.039016 	 30.526201 	 188.679245
   15 	 0.038996 	 61.750047 	 192.307692
   16 	 0.628457 	 142.752058 	 192.307692
   17 	 0.038441 	 157.347142 	 250.000000
   18 	 0.156750 	 155.460599 	 250.000000
   19 	 0.038121 	 165.326846 	 250.000000
   20 	 0.039211 	 169.159019 	 250.000000
   21 	 0.038441 	 158.560142 	 250.000000
   22 	 0.038441 	 159.046917 	 250.000000
   23 	 0.119382 	 175.485340 	 250.000000
   24 	 0.038441 	 172.937318 	 250.000000
   25 	 0.039211 	 188.885822 	 250.000000
   26 	 0.038441 	 188.773893 	 270.270270
   27 	 0.607681 	 203.699440 	 250.000000
   28 	 0.038141 	 205.670892 	 250.000000
   29 	 9.285051 	 211.917346 	 250.000000
   30 	 6.906077 	 214.952059 	 250.000000
   31 	 2.039152 	 220.142908 	 250.000000
   32 	 9.398496 	 220.413666 	 250.000000
   33 	 0.548576 	 222.908177 	 270.270270
   34 	 0.039056 	 221.181869 	 250.000000
   35 	 0.145671 	 236.771693 	 250.000000
   36 	 0.038440 	 239.710084 	 250.000000
   37 	 0.150150 	 235.086096 	 250.000000
   38 	 50.000000 	 245.522479 	 250.000000
   39 	 26.809651 	 242.552405 	 250.000000
   40 	 0.038441 	 243.339286 	 500.000000
   41 	 0.150150 	 255.279279 	 500.000000
   42 	 0.152495 	 257.905082 	 500.000000
   43 	 0.039056 	 272.096306 	 500.000000
   44 	 2.276867 	 294.084785 	 500.000000
   45 	 0.608865 	 357.554166 	 500.000000
   46 	 0.038749 	 397.523156 	 500.000000
   47 	 0.147920 	 421.751165 	 500.000000
   48 	 0.038749 	 446.785712 	 500.000000
   49 	 2.287283 	 458.000136 	 500.000000
 