   0 	 0.016881 	 0.076828 	 0.873286
    1 	 0.017304 	 0.215196 	 3.211304
    2 	 0.023269 	 0.778086 	 5.807201
    3 	 0.037337 	 2.366244 	 12.330456
    4 	 0.041416 	 3.372265 	 12.330456
    5 	 0.161431 	 5.826614 	 21.052632
    6 	 0.039267 	 6.977479 	 21.052632
    7 	 0.038196 	 9.974454 	 39.840637
    8 	 0.038523 	 13.359571 	 48.543689
    9 	 0.145066 	 18.330460 	 102.040816
   10 	 0.664275 	 23.615829 	 133.333333
   11 	 0.039208 	 38.337231 	 151.515152
   12 	 0.160847 	 60.771979 	 151.515152
   13 	 0.039142 	 89.043247 	 370.370370
   14 	 0.039207 	 108.534855 	 333.333333
   15 	 0.038286 	 101.703162 	 285.714286
   16 	 0.039208 	 115.043323 	 370.370370
   17 	 0.038293 	 137.297492 	 370.370370
   18 	 0.153726 	 190.298726 	 3333.333333
   19 	 0.038293 	 644.218902 	 3333.333333
   20 	 2.426007 	 2175.247931 	 3333.333333
   21 	 0.600853 	 2943.852273 	 3333.333333
   22 	 0.151398 	 3192.257406 	 3333.333333
   23 	 2.365744 	 3209.549868 	 3333.333333
   24 	 0.038296 	 3210.297625 	 3333.333333
   25 	 34.364261 	 3284.261771 	 5000.000000
   26 	 2.365744 	 3220.509344 	 5000.000000
   27 	 0.151398 	 3240.743769 	 5000.000000
   28 	 0.151398 	 3325.782747 	 5000.000000
   29 	 0.600853 	 3433.339342 	 5000.000000
   30 	 0.038296 	 3453.733753 	 5000.000000
   31 	 9.165903 	 3583.768635 	 5000.000000
   32 	 0.151398 	 3783.336361 	 5000.000000
   33 	 0.151380 	 3892.770584 	 5000.000000
   34 	 34.364261 	 4039.232532 	 5000.000000
   35 	 0.151398 	 4066.759924 	 5000.000000
   36 	 0.038296 	 4200.346725 	 5000.000000
   37 	 9.165903 	 4450.091659 	 5000.000000
   38 	 0.152583 	 4443.364619 	 5000.000000
   39 	 0.600853 	 4726.672675 	 5000.000000
   40 	 0.152583 	 4700.001526 	 5000.000000
   41 	 0.038296 	 4634.876298 	 5000.000000
   42 	 0.152583 	 4787.136029 	 5000.000000
   43 	 0.038147 	 4668.255051 	 5000.000000
   44 	 1666.666667 	 4850.000000 	 5000.000000
   45 	 0.600889 	 4853.339342 	 5000.000000
   46 	 0.600889 	 4676.983097 	 5000.000000
   47 	 0.600889 	 4785.561564 	 5000.000000
   48 	 9.746589 	 4886.764133 	 5000.000000
   49 	 0.038296 	 4847.180253 	 10000.000000
 