   0 	 0.013485 	 0.076085 	 0.608976
    1 	 0.017071 	 0.160675 	 1.087311
    2 	 0.024080 	 0.312421 	 1.247194
    3 	 0.036434 	 0.453331 	 1.329257
    4 	 0.041103 	 0.592796 	 1.776514
    5 	 0.040195 	 0.696907 	 1.776514
    6 	 0.045425 	 0.892683 	 1.858391
    7 	 0.034841 	 0.969632 	 3.348962
    8 	 0.037343 	 1.075943 	 3.348962
    9 	 0.044430 	 1.490972 	 32.051282
   10 	 0.037948 	 6.937971 	 46.296296
   11 	 0.038360 	 26.325052 	 46.296296
   12 	 0.040303 	 30.625102 	 46.296296
   13 	 0.136956 	 33.736280 	 50.000000
   14 	 6.281407 	 36.228377 	 50.000000
   15 	 6.281407 	 37.669883 	 50.000000
   16 	 1.612903 	 38.334228 	 83.333333
   17 	 0.140087 	 39.102675 	 50.000000
   18 	 0.040319 	 42.375655 	 96.153846
   19 	 0.038720 	 44.530259 	 96.153846
   20 	 22.727273 	 48.095286 	 96.153846
   21 	 10.869565 	 51.696442 	 96.153846
   22 	 0.038430 	 59.518449 	 96.153846
   23 	 0.495442 	 66.406939 	 96.153846
   24 	 32.051282 	 74.939473 	 96.153846
   25 	 36.231884 	 79.736963 	 96.153846
   26 	 0.587682 	 83.354196 	 96.153846
   27 	 0.038132 	 83.387858 	 99.009901
   28 	 0.038734 	 84.341719 	 99.009901
   29 	 0.038735 	 84.178794 	 99.009901
   30 	 2.245677 	 85.661024 	 99.009901
   31 	 0.570516 	 86.684184 	 99.009901
   32 	 0.141291 	 86.305650 	 99.009901
   33 	 0.141323 	 83.686652 	 99.009901
   34 	 27.777778 	 85.299304 	 99.009901
   35 	 0.039681 	 89.665496 	 416.666667
   36 	 0.150006 	 123.638921 	 1250.000000
   37 	 0.524549 	 356.340788 	 1250.000000
   38 	 0.150222 	 938.402075 	 1250.000000
   39 	 0.038446 	 1167.686002 	 1250.000000
   40 	 8.620690 	 1237.586207 	 1250.000000
   41 	 0.038446 	 1225.001910 	 1250.000000
   42 	 0.038146 	 1185.225486 	 1250.000000
   43 	 2.293578 	 1208.078491 	 1250.000000
   44 	 0.591576 	 1193.147678 	 1250.000000
   45 	 0.610054 	 1225.967639 	 1250.000000
   46 	 0.038446 	 1175.634476 	 1250.000000
   47 	 96.153846 	 1230.961538 	 1250.000000
   48 	 1250.000000 	 1250.000000 	 1250.000000
   49 	 0.591576 	 1237.505916 	 1250.000000
 