   0 	 0.016067 	 0.059353 	 0.842744
    1 	 0.020646 	 0.318675 	 5.917160
    2 	 0.030476 	 1.524242 	 5.917160
    3 	 0.042921 	 3.919799 	 5.917160
    4 	 0.842744 	 5.323835 	 5.917160
    5 	 0.136295 	 5.497750 	 6.199628
    6 	 0.413274 	 5.575372 	 6.501951
    7 	 1.556178 	 5.878824 	 6.199628
    8 	 5.917160 	 5.921617 	 6.199628
    9 	 0.356405 	 5.845249 	 5.998800
   10 	 0.038653 	 5.625365 	 6.402049
   11 	 3.295979 	 5.874988 	 6.402049
   12 	 0.143295 	 5.701116 	 6.402049
   13 	 0.114687 	 5.846864 	 6.402049
   14 	 0.044663 	 5.698771 	 5.917160
   15 	 2.871913 	 6.287068 	 45.871560
   16 	 0.114687 	 8.908694 	 45.871560
   17 	 0.356405 	 24.142710 	 45.871560
   18 	 3.130870 	 44.040612 	 45.871560
   19 	 30.303030 	 46.422375 	 111.111111
   20 	 0.144221 	 45.812059 	 111.111111
   21 	 0.038739 	 45.811005 	 111.111111
   22 	 0.139086 	 45.266075 	 51.546392
   23 	 0.038874 	 44.514735 	 51.546392
   24 	 0.543656 	 44.893538 	 51.546392
   25 	 1.709402 	 45.405318 	 57.471264
   26 	 0.543656 	 45.866837 	 57.471264
   27 	 0.038874 	 45.220894 	 51.546392
   28 	 25.380711 	 46.041088 	 51.546392
   29 	 0.508285 	 46.450046 	 111.111111
   30 	 0.508285 	 45.986771 	 111.111111
   31 	 0.039186 	 47.741220 	 111.111111
   32 	 0.139086 	 48.654510 	 111.111111
   33 	 0.543656 	 53.282570 	 111.111111
   34 	 6.402049 	 62.145246 	 151.515152
   35 	 41.322314 	 75.979040 	 151.515152
   36 	 0.139132 	 87.697795 	 151.515152
   37 	 0.144488 	 103.161777 	 185.185185
   38 	 1.977066 	 119.517227 	 151.515152
   39 	 19.762846 	 123.119100 	 200.000000
   40 	 0.038893 	 123.029575 	 238.095238
   41 	 0.038677 	 126.773411 	 238.095238
   42 	 0.147839 	 136.210459 	 238.095238
   43 	 0.038897 	 147.073040 	 555.555556
   44 	 0.146658 	 159.298060 	 555.555556
   45 	 0.038704 	 178.514204 	 555.555556
   46 	 0.038294 	 222.869561 	 555.555556
   47 	 7.429421 	 286.732269 	 555.555556
   48 	 0.600312 	 343.002263 	 588.235294
   49 	 0.147925 	 418.708399 	 588.235294
 