   0 	 0.017921 	 0.065182 	 0.501958
    1 	 0.015669 	 0.136143 	 0.501958
    2 	 0.023611 	 0.252113 	 1.145607
    3 	 0.024399 	 0.382534 	 1.320306
    4 	 0.034604 	 0.542616 	 2.098196
    5 	 0.036650 	 0.640055 	 2.377556
    6 	 0.024646 	 0.850755 	 2.881844
    7 	 0.037774 	 0.967098 	 5.820722
    8 	 0.042070 	 1.421809 	 12.004802
    9 	 0.038526 	 2.652545 	 12.787724
   10 	 0.038030 	 6.177124 	 12.787724
   11 	 2.046664 	 10.120802 	 20.790021
   12 	 0.433539 	 10.875672 	 13.869626
   13 	 1.755310 	 11.529056 	 21.276596
   14 	 0.039728 	 12.335744 	 23.255814
   15 	 6.729475 	 13.696484 	 38.910506
   16 	 0.138908 	 15.058365 	 38.910506
   17 	 9.460738 	 17.421259 	 40.650407
   18 	 0.132920 	 20.839736 	 62.111801
   19 	 0.520806 	 27.086319 	 263.157895
   20 	 0.038546 	 49.198830 	 263.157895
   21 	 2.046664 	 110.701421 	 263.157895
   22 	 0.145296 	 211.573647 	 285.714286
   23 	 24.937656 	 245.074989 	 285.714286
   24 	 7.235890 	 253.734271 	 285.714286
   25 	 63.291139 	 257.335382 	 285.714286
   26 	 0.149009 	 255.920574 	 285.714286
   27 	 0.038442 	 253.207777 	 285.714286
   28 	 25.641026 	 259.440084 	 285.714286
   29 	 0.038901 	 252.486053 	 333.333333
   30 	 0.146770 	 253.480979 	 333.333333
   31 	 7.235890 	 258.163416 	 714.285714
   32 	 204.081633 	 267.005609 	 714.285714
   33 	 2.094680 	 276.935514 	 714.285714
   34 	 0.038597 	 319.720069 	 714.285714
   35 	 0.038594 	 404.100368 	 714.285714
   36 	 33.112583 	 524.405200 	 714.285714
   37 	 33.112583 	 615.680670 	 714.285714
   38 	 2.290426 	 667.274917 	 909.090909
   39 	 0.149062 	 690.454504 	 909.090909
   40 	 0.038295 	 691.663416 	 909.090909
   41 	 588.235294 	 720.817418 	 909.090909
   42 	 0.038295 	 680.688891 	 909.090909
   43 	 27.322404 	 724.375592 	 909.090909
   44 	 0.074825 	 715.009700 	 1666.666667
   45 	 263.157895 	 734.493051 	 1666.666667
   46 	 0.582649 	 743.985466 	 1666.666667
   47 	 0.038598 	 799.756641 	 1666.666667
   48 	 9.099181 	 896.559417 	 1666.666667
   49 	 2.359604 	 1035.864687 	 3333.333333
 