   0 	 0.013505 	 0.055511 	 0.415541
    1 	 0.015203 	 0.136423 	 1.883239
    2 	 0.025053 	 0.340500 	 5.076142
    3 	 0.040323 	 1.043536 	 5.714286
    4 	 0.039006 	 2.403760 	 7.524454
    5 	 0.039006 	 3.878495 	 40.160643
    6 	 0.436586 	 6.708183 	 40.816327
    7 	 0.039006 	 18.423984 	 243.902439
    8 	 0.040314 	 66.894986 	 243.902439
    9 	 0.039206 	 138.343134 	 2000.000000
   10 	 8.554320 	 533.966613 	 10000.000000
   11 	 0.610277 	 3004.662557 	 10000.000000
   12 	 9.756098 	 7244.424195 	 10000.000000
   13 	 2.440810 	 8831.135519 	 10000.000000
   14 	 1111.111111 	 9341.111111 	 10000.000000
   15 	 0.152586 	 9240.165838 	 10000.000000
   16 	 38.910506 	 9850.389105 	 10000.000000
   17 	 38.910506 	 9712.153811 	 10000.000000
   18 	 10000.000000 	 10000.000000 	 10000.000000
   19 	 0.038147 	 9521.642413 	 10000.000000
   20 	 0.152586 	 9524.009123 	 10000.000000
   21 	 0.038147 	 9620.352411 	 10000.000000
   22 	 153.846154 	 9901.538462 	 10000.000000
   23 	 9.182736 	 9800.480932 	 10000.000000
   24 	 0.038147 	 9453.216993 	 10000.000000
   25 	 9.756098 	 9850.097561 	 10000.000000
   26 	 400.000000 	 9904.000000 	 10000.000000
   27 	 0.037560 	 9570.116611 	 10000.000000
   28 	 588.235294 	 9775.882353 	 10000.000000
   29 	 123.456790 	 9901.234568 	 10000.000000
   30 	 0.610314 	 9825.006103 	 10000.000000
   31 	 2.366864 	 9511.640120 	 10000.000000
   32 	 0.610314 	 9900.006103 	 10000.000000
   33 	 9.756098 	 9900.097561 	 10000.000000
   34 	 588.235294 	 9825.882353 	 10000.000000
   35 	 2.366864 	 9343.513365 	 10000.000000
   36 	 0.038296 	 9700.184038 	 10000.000000
   37 	 0.038147 	 9820.000381 	 10000.000000
   38 	 34.602076 	 9750.735126 	 10000.000000
   39 	 2000.000000 	 9920.000000 	 10000.000000
   40 	 0.152586 	 9657.118447 	 10000.000000
   41 	 38.910506 	 9900.389105 	 10000.000000
   42 	 0.600925 	 9701.568879 	 10000.000000
   43 	 0.038147 	 inf 	 inf
   44 	 0.038147 	 inf 	 inf
   45 	 0.038147 	 inf 	 inf
   46 	 0.152588 	 inf 	 inf
   47 	 0.038147 	 inf 	 inf
   48 	 156.250000 	 inf 	 inf
   49 	 0.610352 	 inf 	 inf
 