   0 	 0.017634 	 0.068844 	 0.930579
    1 	 0.025978 	 0.282470 	 6.706908
    2 	 0.036597 	 2.395591 	 10.660981
    3 	 0.042729 	 5.854468 	 13.850416
    4 	 0.888889 	 7.349356 	 13.850416
    5 	 0.930579 	 7.804898 	 13.850416
    6 	 0.040704 	 8.495142 	 13.850416
    7 	 1.142204 	 9.091423 	 37.593985
    8 	 0.125285 	 9.700632 	 36.363636
    9 	 6.706908 	 11.373964 	 39.840637
   10 	 0.042846 	 13.929316 	 53.475936
   11 	 0.042846 	 22.596304 	 53.475936
   12 	 0.500927 	 28.866109 	 53.475936
   13 	 9.165903 	 36.512889 	 61.349693
   14 	 0.038797 	 40.004317 	 61.349693
   15 	 10.559662 	 41.766880 	 61.349693
   16 	 0.038260 	 43.821578 	 61.349693
   17 	 32.679739 	 47.315794 	 120.481928
   18 	 1.839926 	 50.687501 	 120.481928
   19 	 6.176652 	 53.812319 	 120.481928
   20 	 0.039509 	 56.012378 	 120.481928
   21 	 0.142233 	 61.969966 	 121.951220
   22 	 0.500325 	 71.394421 	 123.456790
   23 	 0.142185 	 78.756897 	 123.456790
   24 	 36.363636 	 91.232696 	 123.456790
   25 	 0.142395 	 98.549343 	 123.456790
   26 	 29.585799 	 102.890836 	 123.456790
   27 	 58.479532 	 112.198716 	 123.456790
   28 	 0.532737 	 112.999107 	 123.456790
   29 	 0.607312 	 114.515255 	 123.456790
   30 	 9.041591 	 114.958245 	 123.456790
   31 	 0.147750 	 115.144981 	 123.456790
   32 	 0.038281 	 116.718530 	 123.456790
   33 	 2.321802 	 115.289831 	 123.456790
   34 	 2.321802 	 117.389510 	 123.456790
   35 	 1.876173 	 116.844937 	 123.456790
   36 	 61.349693 	 117.224030 	 123.456790
   37 	 0.532765 	 148.932617 	 3333.333333
   38 	 0.142347 	 858.029186 	 3333.333333
   39 	 0.038296 	 2818.002678 	 3333.333333
   40 	 2.365744 	 3234.721042 	 3333.333333
   41 	 2.365744 	 3262.818270 	 5000.000000
   42 	 120.481928 	 3367.871486 	 5000.000000
   43 	 9.165903 	 3383.516651 	 5000.000000
   44 	 0.038296 	 3384.883692 	 5000.000000
   45 	 0.151398 	 3683.358510 	 10000.000000
   46 	 2.366304 	 4050.367306 	 10000.000000
   47 	 3333.333333 	 4466.666667 	 10000.000000
   48 	 0.600889 	 4970.518829 	 10000.000000
   49 	 0.151398 	 6183.432408 	 10000.000000
 