   0 	 0.016800 	 0.057263 	 0.333801
    1 	 0.022824 	 0.107398 	 1.221598
    2 	 0.022824 	 0.492809 	 16.583748
    3 	 0.032905 	 6.307491 	 101.010101
    4 	 0.039105 	 29.751444 	 101.010101
    5 	 0.562968 	 66.753264 	 133.333333
    6 	 6.365372 	 95.074690 	 133.333333
    7 	 0.039204 	 98.316823 	 133.333333
    8 	 6.365372 	 101.932094 	 133.333333
    9 	 0.039204 	 102.866161 	 133.333333
   10 	 101.010101 	 105.858586 	 133.333333
   11 	 0.039204 	 104.167638 	 133.333333
   12 	 0.562968 	 106.988227 	 133.333333
   13 	 0.151233 	 107.779963 	 133.333333
   14 	 0.038286 	 110.686082 	 285.714286
   15 	 0.038587 	 121.337361 	 285.714286
   16 	 0.598265 	 127.025710 	 285.714286
   17 	 0.038892 	 133.086734 	 285.714286
   18 	 0.598265 	 142.537714 	 285.714286
   19 	 0.144519 	 157.642289 	 285.714286
   20 	 25.839793 	 185.644340 	 285.714286
   21 	 8.904720 	 215.736897 	 285.714286
   22 	 0.038291 	 236.806165 	 285.714286
   23 	 101.010101 	 260.086319 	 370.370370
   24 	 0.581024 	 261.294579 	 370.370370
   25 	 22.172949 	 281.200084 	 370.370370
   26 	 2.214839 	 271.392760 	 370.370370
   27 	 217.391304 	 285.877617 	 370.370370
   28 	 0.149016 	 273.330325 	 370.370370
   29 	 0.565004 	 281.942802 	 370.370370
   30 	 29.940120 	 283.415505 	 370.370370
   31 	 0.599700 	 281.201233 	 370.370370
   32 	 0.149016 	 273.393163 	 909.090909
   33 	 2.095997 	 301.639783 	 909.090909
   34 	 0.582649 	 354.354370 	 909.090909
   35 	 0.599700 	 469.525114 	 909.090909
   36 	 0.151325 	 616.886153 	 1666.666667
   37 	 9.099181 	 760.740342 	 1666.666667
   38 	 285.714286 	 961.038961 	 3333.333333
   39 	 0.591646 	 1104.681241 	 3333.333333
   40 	 8.635579 	 1338.871120 	 3333.333333
   41 	 0.600745 	 1795.854991 	 5000.000000
   42 	 909.090909 	 2500.000000 	 5000.000000
   43 	 0.151398 	 2838.711931 	 5000.000000
   44 	 0.038296 	 2998.435214 	 5000.000000
   45 	 9.165903 	 3425.849235 	 5000.000000
   46 	 2.365744 	 3633.356991 	 5000.000000
   47 	 2.440215 	 3900.024402 	 5000.000000
   48 	 34.364261 	 4100.343643 	 10000.000000
   49 	 2.365744 	 4437.203145 	 10000.000000
 