   0 	 0.014529 	 0.058121 	 0.438404
    1 	 0.019861 	 0.102648 	 0.496598
    2 	 0.034729 	 0.177602 	 1.082485
    3 	 0.037632 	 0.303698 	 2.455193
    4 	 0.037632 	 0.653185 	 2.820874
    5 	 0.066392 	 1.231167 	 3.776435
    6 	 0.196306 	 1.910950 	 4.805382
    7 	 0.043199 	 2.235646 	 8.382230
    8 	 0.043129 	 2.462553 	 10.405827
    9 	 0.020531 	 2.488467 	 10.405827
   10 	 0.041419 	 3.733764 	 11.560694
   11 	 0.038907 	 5.335914 	 11.560694
   12 	 0.042218 	 7.336443 	 11.560694
   13 	 0.139702 	 8.885225 	 21.881838
   14 	 0.189851 	 9.409430 	 21.881838
   15 	 3.150599 	 10.493016 	 28.328612
   16 	 0.140211 	 10.671325 	 28.328612
   17 	 0.532340 	 11.656794 	 41.493776
   18 	 0.520806 	 14.988073 	 62.111801
   19 	 6.939625 	 21.163139 	 51.813472
   20 	 6.939625 	 25.080605 	 51.813472
   21 	 0.039009 	 27.938795 	 51.813472
   22 	 0.040296 	 31.386832 	 51.813472
   23 	 5.037783 	 36.278263 	 62.111801
   24 	 1.715266 	 36.900596 	 123.456790
   25 	 6.715917 	 41.107901 	 204.081633
   26 	 5.205622 	 53.835106 	 204.081633
   27 	 0.039821 	 74.328556 	 204.081633
   28 	 2.022245 	 111.177248 	 204.081633
   29 	 2.192502 	 152.999498 	 204.081633
   30 	 0.039050 	 172.591092 	 217.391304
   31 	 0.148985 	 191.547695 	 204.081633
   32 	 0.039055 	 188.278526 	 204.081633
   33 	 0.556514 	 191.674231 	 204.081633
   34 	 20.120724 	 193.508956 	 263.157895
   35 	 0.038440 	 197.748620 	 263.157895
   36 	 0.581362 	 203.815654 	 263.157895
   37 	 129.870130 	 206.884093 	 263.157895
   38 	 0.150155 	 205.526925 	 263.157895
   39 	 0.556514 	 208.352406 	 263.157895
   40 	 204.081633 	 219.116892 	 263.157895
   41 	 7.905138 	 218.276387 	 263.157895
   42 	 0.590145 	 220.080682 	 285.714286
   43 	 0.581362 	 216.319547 	 285.714286
   44 	 2.035416 	 222.671059 	 285.714286
   45 	 0.590145 	 220.584197 	 263.157895
   46 	 0.148923 	 222.697718 	 285.714286
   47 	 2.035416 	 222.603475 	 333.333333
   48 	 2.272211 	 229.863473 	 285.714286
   49 	 204.081633 	 238.246859 	 285.714286
 