   0 	 0.018299 	 0.062512 	 0.633754
    1 	 0.018373 	 0.116811 	 0.633754
    2 	 0.024399 	 0.482805 	 8.424600
    3 	 0.021995 	 2.503880 	 8.598452
    4 	 0.039027 	 6.263323 	 8.598452
    5 	 0.633754 	 7.439243 	 8.779631
    6 	 0.605694 	 7.734354 	 8.779631
    7 	 0.039038 	 7.199091 	 8.779631
    8 	 0.039038 	 8.025600 	 74.626866
    9 	 0.039204 	 17.099125 	 74.626866
   10 	 0.038589 	 36.757794 	 101.010101
   11 	 0.141072 	 63.908732 	 101.010101
   12 	 0.161150 	 64.060165 	 128.205128
   13 	 0.161150 	 70.659614 	 128.205128
   14 	 0.039204 	 72.580723 	 128.205128
   15 	 0.039204 	 69.673725 	 128.205128
   16 	 0.064724 	 74.950400 	 128.205128
   17 	 0.039666 	 77.319386 	 169.491525
   18 	 0.039210 	 72.799700 	 161.290323
   19 	 0.039189 	 73.309353 	 128.205128
   20 	 0.038895 	 81.294278 	 128.205128
   21 	 0.039204 	 76.875235 	 169.491525
   22 	 0.144469 	 83.602282 	 185.185185
   23 	 0.038428 	 90.203167 	 185.185185
   24 	 0.039204 	 91.177986 	 185.185185
   25 	 0.038590 	 99.138796 	 185.185185
   26 	 0.039204 	 102.712346 	 285.714286
   27 	 0.038583 	 121.529900 	 285.714286
   28 	 0.150101 	 137.207944 	 714.285714
   29 	 0.038901 	 153.998969 	 714.285714
   30 	 2.433682 	 271.174592 	 714.285714
   31 	 0.038295 	 407.835398 	 1666.666667
   32 	 0.038289 	 626.601632 	 1666.666667
   33 	 11.709602 	 838.518975 	 1666.666667
   34 	 0.038597 	 999.084635 	 1666.666667
   35 	 333.333333 	 1186.666667 	 1666.666667
   36 	 0.150227 	 1329.735722 	 1666.666667
   37 	 0.038296 	 1430.952764 	 1666.666667
   38 	 0.038296 	 1398.637247 	 2000.000000
   39 	 2.364066 	 1572.674253 	 1666.666667
   40 	 0.151391 	 1578.218904 	 1666.666667
   41 	 2.364066 	 1617.121851 	 1666.666667
   42 	 0.600745 	 1617.676013 	 1666.666667
   43 	 2.364066 	 1601.684305 	 1666.666667
   44 	 0.151391 	 1607.236734 	 1666.666667
   45 	 0.591646 	 1594.145829 	 1666.666667
   46 	 0.151391 	 1603.671830 	 2000.000000
   47 	 714.285714 	 1657.142857 	 1666.666667
   48 	 0.150227 	 1617.922367 	 1666.666667
   49 	 0.150227 	 1633.426243 	 1666.666667
 