   0 	 0.016120 	 0.073981 	 0.711946
    1 	 0.017615 	 0.180797 	 0.970685
    2 	 0.030041 	 0.459525 	 1.712036
    3 	 0.032364 	 0.687819 	 4.103406
    4 	 0.038022 	 1.231952 	 4.454343
    5 	 0.038560 	 2.071313 	 30.769231
    6 	 0.046009 	 5.628026 	 30.769231
    7 	 0.040806 	 17.118106 	 30.769231
    8 	 0.040806 	 27.012888 	 30.769231
    9 	 0.113453 	 29.080309 	 30.769231
   10 	 0.598480 	 30.133443 	 34.129693
   11 	 0.039012 	 29.790709 	 34.129693
   12 	 24.630542 	 30.610585 	 30.769231
   13 	 0.145068 	 29.792749 	 30.769231
   14 	 0.134111 	 29.957157 	 30.769231
   15 	 20.618557 	 32.879944 	 270.270270
   16 	 0.038100 	 34.250852 	 270.270270
   17 	 0.038249 	 61.758835 	 270.270270
   18 	 0.038142 	 175.827940 	 270.270270
   19 	 0.038100 	 252.581601 	 277.777778
   20 	 0.038142 	 248.357554 	 277.777778
   21 	 0.556886 	 258.930732 	 277.777778
   22 	 0.142326 	 258.072296 	 277.777778
   23 	 0.038142 	 265.466228 	 277.777778
   24 	 0.039057 	 258.704487 	 277.777778
   25 	 0.038142 	 262.535476 	 277.777778
   26 	 0.038291 	 283.377218 	 2000.000000
   27 	 0.599628 	 458.506333 	 2500.000000
   28 	 0.610165 	 1283.413362 	 2500.000000
   29 	 270.270270 	 1919.804805 	 2500.000000
   30 	 0.038146 	 2070.502969 	 2500.000000
   31 	 0.038146 	 2054.861853 	 2500.000000
   32 	 0.152576 	 inf 	 inf
   33 	 0.610352 	 inf 	 inf
   34 	 0.610352 	 inf 	 inf
   35 	 0.038147 	 inf 	 inf
   36 	 0.152439 	 inf 	 inf
   37 	 0.038147 	 inf 	 inf
   38 	 0.610352 	 inf 	 inf
   39 	 39.062500 	 inf 	 inf
   40 	 0.038147 	 inf 	 inf
   41 	 0.152588 	 inf 	 inf
   42 	 0.038147 	 inf 	 inf
   43 	 0.038147 	 inf 	 inf
   44 	 9.765625 	 inf 	 inf
   45 	 0.038147 	 inf 	 inf
   46 	 0.152588 	 inf 	 inf
   47 	 2.441406 	 inf 	 inf
   48 	 39.062500 	 inf 	 inf
   49 	 10000.000000 	 inf 	 inf
 