   0 	 0.014584 	 0.112871 	 3.828484
    1 	 0.018499 	 1.814257 	 15.923567
    2 	 0.037413 	 7.416894 	 25.773196
    3 	 1.165501 	 12.136599 	 25.773196
    4 	 0.039916 	 14.843133 	 28.328612
    5 	 2.507523 	 15.700909 	 28.328612
    6 	 0.589032 	 17.418569 	 30.864198
    7 	 0.151837 	 19.654433 	 30.864198
    8 	 0.531350 	 20.677250 	 30.864198
    9 	 0.438577 	 23.063148 	 30.864198
   10 	 0.038091 	 25.062354 	 67.567568
   11 	 13.888889 	 27.034462 	 147.058824
   12 	 0.040788 	 63.454708 	 2500.000000
   13 	 2.230152 	 1101.290948 	 2500.000000
   14 	 0.038447 	 2211.580510 	 2500.000000
   15 	 0.150231 	 2398.039955 	 2500.000000
   16 	 0.152579 	 2496.478031 	 10000.000000
   17 	 0.591716 	 2871.028874 	 10000.000000
   18 	 625.000000 	 3606.250000 	 10000.000000
   19 	 0.038146 	 5545.008010 	 10000.000000
   20 	 38.461538 	 7773.551498 	 10000.000000
   21 	 9.182736 	 9351.423956 	 10000.000000
   22 	 0.600925 	 9565.117120 	 10000.000000
   23 	 2.440810 	 9820.024408 	 10000.000000
   24 	 2.440810 	 9800.121969 	 10000.000000
   25 	 0.152586 	 9750.007629 	 10000.000000
   26 	 2.440810 	 9717.017872 	 10000.000000
   27 	 2.366864 	 9520.243199 	 10000.000000
   28 	 0.151403 	 9620.105084 	 10000.000000
   29 	 2.440810 	 9631.004322 	 10000.000000
   30 	 0.152586 	 9274.668142 	 10000.000000
   31 	 9.756098 	 9800.486666 	 10000.000000
   32 	 0.038147 	 9700.443963 	 10000.000000
   33 	 2.366864 	 9606.349603 	 10000.000000
   34 	 0.038296 	 9600.118144 	 10000.000000
   35 	 5000.000000 	 9950.000000 	 10000.000000
   36 	 0.038147 	 9711.203320 	 10000.000000
   37 	 0.610314 	 9707.123024 	 10000.000000
   38 	 0.151403 	 9500.418079 	 10000.000000
   39 	 0.600925 	 9726.544471 	 10000.000000
   40 	 2.440810 	 9701.660431 	 10000.000000
   41 	 153.846154 	 9821.538462 	 10000.000000
   42 	 103.092784 	 9821.030928 	 10000.000000
   43 	 0.038147 	 9650.438230 	 10000.000000
   44 	 0.038296 	 9701.241054 	 10000.000000
   45 	 0.038147 	 9506.297773 	 10000.000000
   46 	 153.846154 	 9807.420814 	 10000.000000
   47 	 0.610314 	 9620.054180 	 10000.000000
   48 	 0.610314 	 9900.006103 	 10000.000000
   49 	 0.038296 	 9641.538845 	 10000.000000
 