   0 	 0.017785 	 0.075084 	 1.196745
    1 	 0.020721 	 0.328527 	 3.107520
    2 	 0.029458 	 0.892594 	 3.355705
    3 	 0.040330 	 1.370422 	 7.380074
    4 	 0.028353 	 2.366156 	 10.493179
    5 	 0.038386 	 3.777982 	 34.482759
    6 	 0.020322 	 10.811255 	 116.279070
    7 	 0.038864 	 38.682009 	 714.285714
    8 	 0.038146 	 168.662174 	 5000.000000
    9 	 0.038259 	 1323.885801 	 5000.000000
   10 	 0.038296 	 2657.794047 	 5000.000000
   11 	 0.038295 	 2715.031426 	 5000.000000
   12 	 0.037542 	 3702.700380 	 5000.000000
   13 	 0.038147 	 3699.629007 	 5000.000000
   14 	 0.038296 	 3777.194249 	 5000.000000
   15 	 0.019148 	 3805.286212 	 5000.000000
   16 	 0.038296 	 3102.589099 	 5000.000000
   17 	 0.037705 	 3793.575944 	 5000.000000
   18 	 0.038146 	 3854.027978 	 5000.000000
   19 	 0.038259 	 3583.491953 	 5000.000000
   20 	 0.038147 	 3314.076408 	 5000.000000
   21 	 0.038296 	 3678.425327 	 5000.000000
   22 	 0.038147 	 3575.111039 	 5000.000000
   23 	 0.038296 	 3666.688930 	 5000.000000
   24 	 0.038147 	 3656.493561 	 5000.000000
   25 	 0.039524 	 4323.473760 	 5000.000000
   26 	 0.038147 	 3506.431273 	 5000.000000
   27 	 0.038147 	 3170.737847 	 5000.000000
   28 	 0.038296 	 3687.059961 	 5000.000000
   29 	 0.030565 	 3602.507108 	 5000.000000
   30 	 0.151400 	 3765.392702 	 5000.000000
   31 	 0.600889 	 3853.369790 	 5000.000000
   32 	 0.038147 	 3735.872269 	 5000.000000
   33 	 0.038296 	 3713.090313 	 5000.000000
   34 	 0.038147 	 3640.596712 	 5000.000000
   35 	 0.038294 	 4153.446778 	 5000.000000
   36 	 0.038296 	 3780.519641 	 5000.000000
   37 	 0.038105 	 3491.172525 	 5000.000000
   38 	 0.038147 	 3472.548877 	 5000.000000
   39 	 0.038296 	 3438.734066 	 5000.000000
   40 	 0.036002 	 3739.166219 	 5000.000000
   41 	 0.038296 	 3496.556267 	 5000.000000
   42 	 0.038147 	 3321.872941 	 5000.000000
   43 	 0.038147 	 3843.509940 	 5000.000000
   44 	 0.038147 	 3691.926563 	 5000.000000
   45 	 0.151400 	 3601.398737 	 5000.000000
   46 	 0.038147 	 3435.950451 	 5000.000000
   47 	 0.038296 	 3764.412927 	 5000.000000
   48 	 0.036035 	 3671.726935 	 5000.000000
   49 	 0.038147 	 3532.754284 	 5000.000000
 