   0 	 0.013369 	 0.099917 	 2.051703
    1 	 0.014198 	 0.633342 	 7.496252
    2 	 0.022107 	 1.763112 	 8.517888
    3 	 0.035704 	 2.703717 	 8.598452
    4 	 0.039838 	 4.047182 	 26.246719
    5 	 0.040461 	 5.859680 	 27.322404
    6 	 0.039404 	 8.982458 	 30.674847
    7 	 0.033071 	 13.959453 	 35.087719
    8 	 0.032021 	 18.805089 	 52.910053
    9 	 0.039159 	 24.086533 	 52.910053
   10 	 0.127037 	 27.019780 	 74.626866
   11 	 0.039805 	 27.496483 	 454.545455
   12 	 0.038422 	 71.248015 	 454.545455
   13 	 0.140843 	 217.579403 	 714.285714
   14 	 0.038596 	 331.918225 	 714.285714
   15 	 0.038360 	 324.713235 	 714.285714
   16 	 0.038392 	 367.961913 	 1666.666667
   17 	 0.030707 	 410.542450 	 1666.666667
   18 	 0.038296 	 542.431344 	 3333.333333
   19 	 0.038416 	 680.883678 	 3333.333333
   20 	 0.038295 	 859.395637 	 5000.000000
   21 	 0.030469 	 1213.983472 	 5000.000000
   22 	 0.038147 	 1744.082072 	 5000.000000
   23 	 0.019186 	 2444.101581 	 5000.000000
   24 	 0.038137 	 3200.981306 	 5000.000000
   25 	 0.038296 	 3538.940661 	 5000.000000
   26 	 0.019148 	 3875.684737 	 5000.000000
   27 	 0.030565 	 3950.908818 	 5000.000000
   28 	 0.038118 	 3475.610441 	 5000.000000
   29 	 0.038147 	 3843.064557 	 5000.000000
   30 	 0.038147 	 3553.652878 	 5000.000000
   31 	 0.038147 	 3686.517740 	 5000.000000
   32 	 0.038147 	 3615.129455 	 5000.000000
   33 	 0.037832 	 3574.890259 	 5000.000000
   34 	 0.037687 	 3520.548706 	 5000.000000
   35 	 0.038147 	 3495.922863 	 5000.000000
   36 	 0.038147 	 4126.708784 	 5000.000000
   37 	 0.038147 	 3583.729254 	 5000.000000
   38 	 0.036002 	 3594.303786 	 5000.000000
   39 	 0.030470 	 3778.423820 	 5000.000000
   40 	 0.038146 	 3800.175306 	 5000.000000
   41 	 0.036035 	 3969.591119 	 5000.000000
   42 	 0.038105 	 3788.439145 	 5000.000000
   43 	 0.038296 	 3961.168367 	 5000.000000
   44 	 0.038295 	 3795.658983 	 5000.000000
   45 	 0.038296 	 3689.881617 	 5000.000000
   46 	 0.038296 	 4155.790697 	 5000.000000
   47 	 0.019148 	 3591.387162 	 5000.000000
   48 	 0.038296 	 3850.341019 	 5000.000000
   49 	 0.038296 	 3541.975635 	 5000.000000
 