   0 	 0.015159 	 0.061205 	 0.377858
    1 	 0.019796 	 0.211450 	 11.547344
    2 	 0.022454 	 4.305252 	 22.222222
    3 	 0.039283 	 11.788370 	 22.222222
    4 	 0.024156 	 12.839770 	 102.040816
    5 	 0.039260 	 16.254232 	 102.040816
    6 	 0.037837 	 24.209730 	 102.040816
    7 	 0.038585 	 41.736497 	 107.526882
    8 	 0.038585 	 62.432969 	 294.117647
    9 	 0.036908 	 81.647688 	 294.117647
   10 	 0.019375 	 99.714487 	 1000.000000
   11 	 0.038889 	 172.759841 	 1000.000000
   12 	 0.029538 	 312.796667 	 1000.000000
   13 	 0.038243 	 506.653165 	 1000.000000
   14 	 0.038146 	 783.456971 	 5000.000000
   15 	 0.038143 	 948.722993 	 5000.000000
   16 	 0.019148 	 1293.898238 	 5000.000000
   17 	 0.038146 	 2681.103072 	 10000.000000
   18 	 0.038147 	 3535.304238 	 10000.000000
   19 	 0.038296 	 3704.477314 	 10000.000000
   20 	 0.038147 	 4631.023504 	 10000.000000
   21 	 0.038147 	 5802.931676 	 10000.000000
   22 	 0.038147 	 6163.518564 	 10000.000000
   23 	 0.037705 	 6338.049948 	 10000.000000
   24 	 0.037696 	 6924.875356 	 10000.000000
   25 	 0.030613 	 7590.414816 	 10000.000000
   26 	 0.038146 	 7365.857458 	 10000.000000
   27 	 0.038138 	 7901.807908 	 10000.000000
   28 	 0.038147 	 6362.021755 	 10000.000000
   29 	 0.037705 	 7307.540672 	 10000.000000
   30 	 0.142399 	 7656.284719 	 10000.000000
   31 	 0.038147 	 8427.420228 	 10000.000000
   32 	 0.038147 	 7260.750561 	 10000.000000
   33 	 0.038146 	 6995.282321 	 10000.000000
   34 	 0.038147 	 6884.897315 	 10000.000000
   35 	 0.038143 	 6824.198031 	 10000.000000
   36 	 0.038147 	 7542.132638 	 10000.000000
   37 	 0.038105 	 7402.978345 	 10000.000000
   38 	 0.038147 	 7672.576446 	 10000.000000
   39 	 0.038296 	 6790.340834 	 10000.000000
   40 	 0.038146 	 7946.969294 	 10000.000000
   41 	 0.038147 	 7877.959683 	 10000.000000
   42 	 0.038147 	 7601.367365 	 10000.000000
   43 	 0.038147 	 7574.066434 	 10000.000000
   44 	 0.038147 	 7706.513234 	 10000.000000
   45 	 0.038110 	 7399.564713 	 10000.000000
   46 	 0.038147 	 7811.700694 	 10000.000000
   47 	 0.149091 	 7473.051180 	 10000.000000
   48 	 0.038147 	 6926.174769 	 10000.000000
   49 	 0.038147 	 6444.332164 	 10000.000000
 