   0 	 0.014584 	 0.112871 	 3.828484
    1 	 0.015315 	 1.099903 	 15.923567
    2 	 0.036236 	 4.015414 	 15.923567
    3 	 0.037798 	 6.001602 	 21.367521
    4 	 0.037852 	 10.279227 	 30.487805
    5 	 0.038079 	 15.359838 	 250.000000
    6 	 0.031454 	 47.578357 	 1250.000000
    7 	 0.038441 	 300.320137 	 1250.000000
    8 	 0.038446 	 787.629945 	 1250.000000
    9 	 0.038446 	 922.694214 	 2500.000000
   10 	 0.038146 	 1014.793317 	 2500.000000
   11 	 0.038146 	 936.622440 	 2500.000000
   12 	 0.038146 	 1317.320115 	 10000.000000
   13 	 0.038146 	 1789.782940 	 10000.000000
   14 	 0.038147 	 3654.934800 	 10000.000000
   15 	 0.152586 	 6548.011980 	 10000.000000
   16 	 0.038296 	 6776.759279 	 10000.000000
   17 	 0.038146 	 7728.008784 	 10000.000000
   18 	 0.038147 	 7082.246614 	 10000.000000
   19 	 0.038147 	 6873.599348 	 10000.000000
   20 	 0.030470 	 7335.434472 	 10000.000000
   21 	 0.038143 	 8383.257012 	 10000.000000
   22 	 0.038135 	 6871.700818 	 10000.000000
   23 	 0.035903 	 7947.524435 	 10000.000000
   24 	 0.038147 	 7320.410617 	 10000.000000
   25 	 0.038147 	 7643.036903 	 10000.000000
   26 	 0.038296 	 7253.522681 	 10000.000000
   27 	 0.038147 	 7992.252161 	 10000.000000
   28 	 0.038147 	 8075.100382 	 10000.000000
   29 	 0.038144 	 7009.097925 	 10000.000000
   30 	 0.043584 	 7088.471409 	 10000.000000
   31 	 0.038135 	 7741.523176 	 10000.000000
   32 	 0.038147 	 7691.613340 	 10000.000000
   33 	 0.037559 	 7721.573276 	 10000.000000
   34 	 0.038146 	 7565.137789 	 10000.000000
   35 	 0.038296 	 7500.455985 	 10000.000000
   36 	 0.038147 	 7875.167237 	 10000.000000
   37 	 0.030470 	 7136.872742 	 10000.000000
   38 	 0.035870 	 7263.584091 	 10000.000000
   39 	 0.038144 	 6772.271118 	 10000.000000
   40 	 0.019111 	 7544.043268 	 10000.000000
   41 	 0.038296 	 7154.175017 	 10000.000000
   42 	 0.035870 	 7392.246006 	 10000.000000
   43 	 0.038296 	 8097.381664 	 10000.000000
   44 	 0.038147 	 8147.850979 	 10000.000000
   45 	 0.038296 	 7893.851167 	 10000.000000
   46 	 0.038147 	 7599.916302 	 10000.000000
   47 	 0.038147 	 7195.300848 	 10000.000000
   48 	 0.038147 	 7643.919828 	 10000.000000
   49 	 2.366864 	 8091.304418 	 10000.000000
 