   0 	 0.015547 	 0.081179 	 1.273885
    1 	 0.020791 	 0.277988 	 5.753740
    2 	 0.028169 	 1.188326 	 8.382230
    3 	 0.035134 	 2.966678 	 28.169014
    4 	 0.038460 	 6.084970 	 36.496350
    5 	 0.038525 	 12.231243 	 94.339623
    6 	 0.038543 	 22.111974 	 151.515152
    7 	 0.030681 	 28.609766 	 144.927536
    8 	 0.029788 	 42.480554 	 222.222222
    9 	 0.030741 	 56.109199 	 185.185185
   10 	 0.036668 	 85.644236 	 1000.000000
   11 	 0.038411 	 218.728722 	 3333.333333
   12 	 0.151400 	 760.855553 	 5000.000000
   13 	 0.030559 	 1921.720231 	 5000.000000
   14 	 0.038147 	 2646.396286 	 5000.000000
   15 	 0.038296 	 3060.291038 	 5000.000000
   16 	 0.038296 	 3316.716221 	 5000.000000
   17 	 0.037851 	 3590.834283 	 5000.000000
   18 	 0.038135 	 3704.104798 	 5000.000000
   19 	 0.038147 	 3446.361805 	 5000.000000
   20 	 0.038147 	 3806.076236 	 5000.000000
   21 	 0.038147 	 3438.367461 	 5000.000000
   22 	 0.037989 	 3796.859674 	 5000.000000
   23 	 0.038147 	 3345.418095 	 5000.000000
   24 	 0.038105 	 3992.135842 	 5000.000000
   25 	 0.038143 	 4198.275018 	 5000.000000
   26 	 0.038147 	 4056.125746 	 5000.000000
   27 	 0.038147 	 4064.054688 	 5000.000000
   28 	 0.038147 	 3860.847893 	 5000.000000
   29 	 0.038147 	 3949.715262 	 5000.000000
   30 	 0.038147 	 3453.762506 	 5000.000000
   31 	 0.036035 	 3711.940304 	 5000.000000
   32 	 0.038296 	 3784.608980 	 5000.000000
   33 	 0.038147 	 3902.792657 	 5000.000000
   34 	 0.038296 	 3854.074766 	 5000.000000
   35 	 0.030180 	 3766.132014 	 5000.000000
   36 	 0.037687 	 3582.534741 	 5000.000000
   37 	 0.035870 	 3331.741763 	 5000.000000
   38 	 0.038147 	 3651.857535 	 5000.000000
   39 	 0.151400 	 3685.796722 	 5000.000000
   40 	 0.038296 	 3200.346502 	 5000.000000
   41 	 0.038146 	 3284.102907 	 5000.000000
   42 	 0.038147 	 3780.010328 	 5000.000000
   43 	 0.038296 	 3726.487350 	 5000.000000
   44 	 0.036035 	 3781.389850 	 5000.000000
   45 	 0.038293 	 3920.493981 	 5000.000000
   46 	 0.037961 	 3973.544593 	 5000.000000
   47 	 0.038296 	 3930.731309 	 5000.000000
   48 	 0.038254 	 3911.417951 	 5000.000000
   49 	 0.135161 	 3558.295630 	 5000.000000
 