   0 	 0.014605 	 0.068599 	 0.767048
    1 	 0.018670 	 0.158932 	 0.861623
    2 	 0.025399 	 0.332417 	 1.147579
    3 	 0.042422 	 0.455743 	 3.245699
    4 	 0.037257 	 0.647562 	 3.437607
    5 	 0.037764 	 1.011117 	 4.055150
    6 	 0.038461 	 1.603789 	 5.649718
    7 	 0.033187 	 2.195035 	 6.472492
    8 	 0.038529 	 2.753616 	 6.565988
    9 	 0.039176 	 3.085826 	 24.449878
   10 	 0.039112 	 6.175636 	 65.359477
   11 	 0.039327 	 12.650121 	 136.986301
   12 	 0.032833 	 37.337468 	 136.986301
   13 	 0.038586 	 77.501930 	 400.000000
   14 	 0.038136 	 98.578858 	 400.000000
   15 	 0.019109 	 123.664543 	 769.230769
   16 	 0.038143 	 170.168389 	 1111.111111
   17 	 0.038136 	 351.204554 	 2500.000000
   18 	 0.038134 	 553.867810 	 2500.000000
   19 	 0.038445 	 791.037852 	 2500.000000
   20 	 0.038143 	 1146.006128 	 2500.000000
   21 	 0.038146 	 1570.037458 	 2500.000000
   22 	 0.038146 	 inf 	 inf
   23 	 0.038147 	 inf 	 inf
   24 	 0.038147 	 inf 	 inf
   25 	 0.038147 	 inf 	 inf
   26 	 0.038147 	 inf 	 inf
   27 	 0.038147 	 inf 	 inf
   28 	 0.037999 	 inf 	 inf
   29 	 0.038147 	 inf 	 inf
   30 	 0.019073 	 inf 	 inf
   31 	 0.019073 	 inf 	 inf
   32 	 0.037560 	 inf 	 inf
   33 	 0.038147 	 inf 	 inf
   34 	 0.038147 	 inf 	 inf
   35 	 0.038147 	 inf 	 inf
   36 	 0.038147 	 inf 	 inf
   37 	 0.038147 	 inf 	 inf
   38 	 0.038147 	 inf 	 inf
   39 	 0.038147 	 inf 	 inf
   40 	 0.038147 	 inf 	 inf
   41 	 0.038138 	 inf 	 inf
   42 	 0.038110 	 inf 	 inf
   43 	 0.122070 	 inf 	 inf
   44 	 0.038147 	 inf 	 inf
   45 	 0.019073 	 inf 	 inf
   46 	 0.038147 	 inf 	 inf
   47 	 0.019073 	 inf 	 inf
   48 	 0.038147 	 inf 	 inf
   49 	 0.038147 	 inf 	 inf
 