   0 	 0.014990 	 0.064107 	 0.730460
    1 	 0.023027 	 0.140333 	 0.906290
    2 	 0.019223 	 0.298639 	 1.223391
    3 	 0.031970 	 0.470601 	 1.665834
    4 	 0.025340 	 0.607996 	 2.794077
    5 	 0.033621 	 0.719819 	 3.065604
    6 	 0.037889 	 0.962552 	 6.195787
    7 	 0.038890 	 1.299933 	 19.607843
    8 	 0.032766 	 2.940459 	 45.045045
    9 	 0.027443 	 7.761545 	 49.751244
   10 	 0.019880 	 22.656067 	 95.238095
   11 	 0.038918 	 35.290550 	 98.039216
   12 	 0.036524 	 32.923718 	 98.039216
   13 	 0.038280 	 53.260034 	 714.285714
   14 	 0.039681 	 133.288953 	 1111.111111
   15 	 0.019186 	 271.801542 	 1111.111111
   16 	 0.037672 	 481.356849 	 1666.666667
   17 	 0.038295 	 567.513496 	 1666.666667
   18 	 0.038296 	 674.934730 	 3333.333333
   19 	 0.030517 	 869.297971 	 3333.333333
   20 	 0.025531 	 859.973673 	 3333.333333
   21 	 0.038446 	 944.280165 	 5000.000000
   22 	 0.038146 	 1323.532944 	 5000.000000
   23 	 0.038147 	 1290.548524 	 5000.000000
   24 	 0.038147 	 1534.769146 	 5000.000000
   25 	 0.038147 	 2214.172599 	 5000.000000
   26 	 0.038147 	 2427.835968 	 5000.000000
   27 	 0.019148 	 2973.208580 	 5000.000000
   28 	 0.038147 	 3166.827618 	 5000.000000
   29 	 0.038147 	 3466.896440 	 5000.000000
   30 	 0.038147 	 3566.066240 	 5000.000000
   31 	 0.038147 	 3682.119466 	 5000.000000
   32 	 0.038296 	 3455.475377 	 5000.000000
   33 	 0.038147 	 3659.895563 	 5000.000000
   34 	 0.038598 	 4004.137595 	 5000.000000
   35 	 0.037687 	 3730.415100 	 5000.000000
   36 	 0.038147 	 3667.759176 	 5000.000000
   37 	 0.038296 	 3791.675535 	 5000.000000
   38 	 0.118903 	 3600.076948 	 5000.000000
   39 	 0.037989 	 3819.878484 	 5000.000000
   40 	 0.038296 	 4105.914183 	 5000.000000
   41 	 0.038147 	 3724.894046 	 5000.000000
   42 	 0.038147 	 3569.599954 	 5000.000000
   43 	 0.019111 	 3440.670880 	 5000.000000
   44 	 0.037989 	 3604.619529 	 5000.000000
   45 	 0.035495 	 3746.603252 	 5000.000000
   46 	 0.038147 	 3408.106188 	 5000.000000
   47 	 0.038147 	 3761.532664 	 5000.000000
   48 	 0.151215 	 3501.907602 	 5000.000000
   49 	 0.036002 	 3851.100842 	 5000.000000
 