   0 	 0.017370 	 0.066211 	 1.051635
    1 	 0.023636 	 0.264584 	 3.436426
    2 	 0.033118 	 1.002888 	 9.345794
    3 	 0.038715 	 2.345558 	 24.154589
    4 	 0.039355 	 5.037156 	 24.330900
    5 	 0.040792 	 10.275319 	 77.519380
    6 	 0.039763 	 15.129923 	 79.365079
    7 	 0.039794 	 22.066225 	 116.279070
    8 	 0.038429 	 35.880556 	 370.370370
    9 	 0.038429 	 71.577612 	 1666.666667
   10 	 0.038446 	 432.988468 	 3333.333333
   11 	 0.151380 	 988.739986 	 3333.333333
   12 	 0.030565 	 1417.546045 	 3333.333333
   13 	 0.038296 	 1755.646127 	 3333.333333
   14 	 0.019223 	 1820.374631 	 5000.000000
   15 	 0.038296 	 2001.594695 	 5000.000000
   16 	 0.038147 	 2321.169906 	 5000.000000
   17 	 0.067464 	 2526.717034 	 5000.000000
   18 	 0.038296 	 2465.346190 	 5000.000000
   19 	 0.038147 	 2399.398527 	 5000.000000
   20 	 0.151398 	 2753.384222 	 5000.000000
   21 	 0.038296 	 2779.470705 	 5000.000000
   22 	 0.032147 	 2659.811512 	 5000.000000
   23 	 0.037687 	 2551.590541 	 5000.000000
   24 	 0.038296 	 2297.112216 	 5000.000000
   25 	 0.151398 	 2510.486394 	 5000.000000
   26 	 0.038296 	 2494.891816 	 5000.000000
   27 	 0.038147 	 2815.187014 	 5000.000000
   28 	 0.037542 	 2442.988708 	 5000.000000
   29 	 0.037687 	 2820.263623 	 5000.000000
   30 	 0.019100 	 3033.642155 	 5000.000000
   31 	 0.038147 	 3206.312790 	 5000.000000
   32 	 0.038296 	 3549.400708 	 5000.000000
   33 	 0.037989 	 3468.933588 	 5000.000000
   34 	 0.036035 	 3460.785470 	 5000.000000
   35 	 0.038147 	 3483.829727 	 5000.000000
   36 	 0.038146 	 3690.773919 	 5000.000000
   37 	 0.038147 	 3668.250188 	 5000.000000
   38 	 0.038147 	 3674.782833 	 5000.000000
   39 	 0.038147 	 4004.384577 	 5000.000000
   40 	 0.038135 	 3514.062931 	 5000.000000
   41 	 0.038296 	 3594.963483 	 5000.000000
   42 	 0.038147 	 3987.902588 	 5000.000000
   43 	 0.038296 	 3851.922119 	 5000.000000
   44 	 0.038147 	 3840.506961 	 5000.000000
   45 	 0.030613 	 3487.971984 	 5000.000000
   46 	 0.035870 	 3539.409674 	 5000.000000
   47 	 0.038147 	 3703.167262 	 5000.000000
   48 	 0.038290 	 3383.363439 	 5000.000000
   49 	 0.038147 	 3722.792724 	 5000.000000
 