   0 	 0.016067 	 0.059353 	 0.842744
    1 	 0.016669 	 0.148450 	 1.069061
    2 	 0.021551 	 0.451140 	 6.281407
    3 	 0.024744 	 2.752510 	 54.347826
    4 	 0.019369 	 11.784478 	 178.571429
    5 	 0.031941 	 39.410232 	 178.571429
    6 	 0.038206 	 71.003009 	 416.666667
    7 	 0.036636 	 106.760624 	 416.666667
    8 	 0.038430 	 176.136736 	 476.190476
    9 	 0.038293 	 217.766787 	 1111.111111
   10 	 0.030997 	 267.827893 	 1111.111111
   11 	 0.038439 	 320.050817 	 2000.000000
   12 	 0.038443 	 468.374047 	 5000.000000
   13 	 0.030516 	 936.760355 	 5000.000000
   14 	 0.030565 	 1835.980246 	 5000.000000
   15 	 0.038146 	 2999.537675 	 5000.000000
   16 	 0.038147 	 3786.931351 	 5000.000000
   17 	 0.038296 	 3203.220180 	 5000.000000
   18 	 0.038296 	 3673.603335 	 5000.000000
   19 	 0.038254 	 3715.798109 	 5000.000000
   20 	 0.038147 	 3847.798871 	 5000.000000
   21 	 0.038137 	 3788.099469 	 5000.000000
   22 	 0.038147 	 3462.552264 	 5000.000000
   23 	 0.151382 	 3701.898681 	 5000.000000
   24 	 0.038147 	 3456.797624 	 5000.000000
   25 	 0.019111 	 3839.493841 	 5000.000000
   26 	 0.038296 	 4031.113565 	 5000.000000
   27 	 0.037989 	 3534.170448 	 5000.000000
   28 	 0.038296 	 3719.743090 	 5000.000000
   29 	 0.030613 	 3657.120520 	 5000.000000
   30 	 0.019148 	 3559.836089 	 5000.000000
   31 	 0.038296 	 3610.026247 	 5000.000000
   32 	 0.038147 	 3494.872018 	 5000.000000
   33 	 0.038146 	 3636.077515 	 5000.000000
   34 	 0.038147 	 3851.520593 	 5000.000000
   35 	 0.038147 	 3898.447912 	 5000.000000
   36 	 0.038147 	 3599.904883 	 5000.000000
   37 	 0.038296 	 3803.141074 	 5000.000000
   38 	 0.036035 	 4010.591352 	 5000.000000
   39 	 0.038296 	 3958.950875 	 5000.000000
   40 	 0.030613 	 3746.221500 	 5000.000000
   41 	 0.035870 	 3501.454336 	 5000.000000
   42 	 0.038146 	 3376.997534 	 5000.000000
   43 	 0.038296 	 3799.013762 	 5000.000000
   44 	 0.030709 	 3444.149845 	 5000.000000
   45 	 0.038105 	 3537.743182 	 5000.000000
   46 	 0.029064 	 3462.163474 	 5000.000000
   47 	 0.038296 	 3832.516041 	 5000.000000
   48 	 0.030613 	 3838.459631 	 5000.000000
   49 	 0.038147 	 3349.750267 	 5000.000000
 