   0 	 0.015068 	 0.072900 	 0.788581
    1 	 0.019173 	 0.239317 	 1.948558
    2 	 0.024670 	 0.484283 	 3.333333
    3 	 0.019611 	 0.752427 	 4.355401
    4 	 0.030199 	 1.297702 	 6.901311
    5 	 0.037144 	 2.788273 	 14.947683
    6 	 0.038074 	 3.414073 	 14.947683
    7 	 0.038582 	 6.429808 	 35.714286
    8 	 0.038013 	 8.007258 	 73.529412
    9 	 0.039647 	 13.222083 	 73.529412
   10 	 0.038127 	 25.007600 	 85.470085
   11 	 0.038888 	 37.739970 	 175.438596
   12 	 0.036353 	 57.490064 	 588.235294
   13 	 0.038782 	 110.079787 	 769.230769
   14 	 0.037696 	 179.428925 	 1666.666667
   15 	 0.038296 	 320.002818 	 2000.000000
   16 	 0.036098 	 529.964463 	 3333.333333
   17 	 0.038296 	 1022.614492 	 5000.000000
   18 	 0.038143 	 1518.910527 	 5000.000000
   19 	 0.038146 	 1958.989309 	 5000.000000
   20 	 0.038296 	 2361.533873 	 5000.000000
   21 	 0.038296 	 2937.854817 	 5000.000000
   22 	 0.038296 	 3291.507494 	 5000.000000
   23 	 0.038254 	 3159.840698 	 5000.000000
   24 	 0.038147 	 3305.393880 	 5000.000000
   25 	 0.038147 	 3491.896859 	 5000.000000
   26 	 0.038147 	 3665.537922 	 5000.000000
   27 	 0.038296 	 3490.017584 	 5000.000000
   28 	 0.038293 	 3558.520969 	 5000.000000
   29 	 0.038147 	 3765.381803 	 5000.000000
   30 	 0.038295 	 3608.903192 	 5000.000000
   31 	 0.038147 	 3632.209662 	 5000.000000
   32 	 0.038146 	 3800.246061 	 5000.000000
   33 	 0.038147 	 3441.589491 	 5000.000000
   34 	 0.038296 	 3924.916064 	 5000.000000
   35 	 0.036002 	 3602.642107 	 5000.000000
   36 	 0.038147 	 3551.987159 	 5000.000000
   37 	 0.038147 	 3951.465348 	 5000.000000
   38 	 0.038296 	 3548.369533 	 5000.000000
   39 	 0.038147 	 3554.962128 	 5000.000000
   40 	 0.030180 	 3601.753880 	 5000.000000
   41 	 0.038296 	 3427.707394 	 5000.000000
   42 	 0.038147 	 3557.413444 	 5000.000000
   43 	 0.038147 	 3816.292655 	 5000.000000
   44 	 0.036002 	 3951.728880 	 5000.000000
   45 	 0.038146 	 3497.263725 	 5000.000000
   46 	 0.151382 	 3865.012630 	 5000.000000
   47 	 0.151364 	 4175.780099 	 5000.000000
   48 	 0.038147 	 3829.859143 	 5000.000000
   49 	 0.038296 	 3656.601072 	 5000.000000
 