   0 	 0.016495 	 0.062155 	 0.437158
    1 	 0.017130 	 0.098672 	 0.716281
    2 	 0.018938 	 0.252839 	 2.789400
    3 	 0.026367 	 0.857714 	 9.302326
    4 	 0.028596 	 1.993963 	 20.449898
    5 	 0.039449 	 6.220375 	 66.666667
    6 	 0.038824 	 13.074985 	 90.909091
    7 	 0.031932 	 20.448838 	 90.909091
    8 	 0.039339 	 31.645837 	 102.040816
    9 	 0.038422 	 38.897036 	 138.888889
   10 	 0.038883 	 46.547747 	 106.382979
   11 	 0.038408 	 48.873522 	 112.359551
   12 	 0.143371 	 70.672554 	 116.279070
   13 	 0.037026 	 67.834076 	 232.558140
   14 	 0.037046 	 63.676220 	 294.117647
   15 	 0.038145 	 74.687136 	 333.333333
   16 	 0.037428 	 88.144578 	 714.285714
   17 	 0.038420 	 191.370217 	 2000.000000
   18 	 0.030517 	 436.577615 	 2000.000000
   19 	 0.149009 	 1055.633850 	 5000.000000
   20 	 0.038143 	 1937.429658 	 5000.000000
   21 	 0.038100 	 2706.082915 	 10000.000000
   22 	 0.038296 	 4498.207806 	 10000.000000
   23 	 0.038296 	 4986.840729 	 10000.000000
   24 	 0.151400 	 5652.401866 	 10000.000000
   25 	 0.038296 	 6828.488603 	 10000.000000
   26 	 0.038105 	 7225.425622 	 10000.000000
   27 	 0.038147 	 6682.916677 	 10000.000000
   28 	 0.038296 	 7229.644771 	 10000.000000
   29 	 0.038147 	 7152.651134 	 10000.000000
   30 	 0.037705 	 7752.810866 	 10000.000000
   31 	 0.038147 	 7315.583166 	 10000.000000
   32 	 0.038110 	 7623.059211 	 10000.000000
   33 	 0.038147 	 8094.618958 	 10000.000000
   34 	 0.035903 	 7438.896848 	 10000.000000
   35 	 0.038147 	 7212.922202 	 10000.000000
   36 	 0.038147 	 6937.115742 	 10000.000000
   37 	 0.029766 	 6955.434725 	 10000.000000
   38 	 0.038144 	 7882.914421 	 10000.000000
   39 	 0.038147 	 7086.782888 	 10000.000000
   40 	 0.037705 	 7437.591498 	 10000.000000
   41 	 0.035870 	 7515.079768 	 10000.000000
   42 	 0.038147 	 7833.252741 	 10000.000000
   43 	 0.038296 	 7444.957065 	 10000.000000
   44 	 0.038110 	 8070.332413 	 10000.000000
   45 	 0.038147 	 7278.421888 	 10000.000000
   46 	 0.038135 	 7280.971661 	 10000.000000
   47 	 0.038138 	 7978.553751 	 10000.000000
   48 	 0.038147 	 7413.509704 	 10000.000000
   49 	 0.038147 	 6891.768148 	 10000.000000
 