   0 	 0.014529 	 0.058121 	 0.438404
    1 	 0.021830 	 0.120277 	 0.643625
    2 	 0.020469 	 0.231625 	 3.227889
    3 	 0.025968 	 0.711203 	 5.524862
    4 	 0.038773 	 2.007565 	 11.876485
    5 	 0.038490 	 4.257220 	 42.735043
    6 	 0.038978 	 10.388375 	 51.546392
    7 	 0.035611 	 25.635809 	 81.967213
    8 	 0.039183 	 31.064696 	 81.967213
    9 	 0.019799 	 40.380065 	 106.382979
   10 	 0.039183 	 44.990875 	 135.135135
   11 	 0.038725 	 51.158897 	 161.290323
   12 	 0.038581 	 69.034258 	 217.391304
   13 	 0.144406 	 79.098240 	 454.545455
   14 	 0.038737 	 108.257941 	 714.285714
   15 	 0.038280 	 186.146027 	 714.285714
   16 	 0.038295 	 278.733031 	 714.285714
   17 	 0.038587 	 405.811539 	 1666.666667
   18 	 0.038295 	 494.695116 	 1666.666667
   19 	 0.038295 	 660.110603 	 1666.666667
   20 	 0.038126 	 961.088300 	 3333.333333
   21 	 0.038446 	 1069.726167 	 3333.333333
   22 	 0.038597 	 1337.924151 	 3333.333333
   23 	 0.036002 	 1357.936254 	 3333.333333
   24 	 0.030490 	 1504.845279 	 3333.333333
   25 	 0.151391 	 2039.203122 	 3333.333333
   26 	 0.036002 	 2024.252534 	 3333.333333
   27 	 0.038296 	 2366.761333 	 3333.333333
   28 	 0.038296 	 2323.216863 	 3333.333333
   29 	 0.038296 	 2413.924306 	 3333.333333
   30 	 0.038296 	 2513.057166 	 3333.333333
   31 	 0.038295 	 2519.506008 	 3333.333333
   32 	 0.038296 	 2770.294161 	 3333.333333
   33 	 0.038296 	 2542.187019 	 3333.333333
   34 	 0.037687 	 2440.859076 	 3333.333333
   35 	 0.038296 	 2477.706352 	 3333.333333
   36 	 0.038296 	 2405.404151 	 3333.333333
   37 	 0.038296 	 2596.438996 	 3333.333333
   38 	 0.038875 	 2593.031619 	 3333.333333
   39 	 0.035968 	 2439.545653 	 3333.333333
   40 	 0.038296 	 2714.070939 	 3333.333333
   41 	 0.038137 	 2544.960150 	 3333.333333
   42 	 0.038296 	 2405.314425 	 3333.333333
   43 	 0.038296 	 2355.184170 	 3333.333333
   44 	 0.038296 	 2407.626056 	 3333.333333
   45 	 0.038296 	 2557.491057 	 3333.333333
   46 	 0.038295 	 2560.349365 	 3333.333333
   47 	 0.038296 	 2661.036641 	 3333.333333
   48 	 0.038296 	 2521.549964 	 3333.333333
   49 	 0.030565 	 2295.828360 	 3333.333333
 