   0 	 0.016120 	 0.073981 	 0.711946
    1 	 0.018920 	 0.194752 	 3.750938
    2 	 0.026582 	 1.142270 	 25.906736
    3 	 0.027686 	 6.165072 	 25.906736
    4 	 0.038689 	 13.928758 	 28.653295
    5 	 0.127848 	 20.324511 	 31.847134
    6 	 0.038542 	 18.232385 	 28.653295
    7 	 0.038541 	 23.034296 	 294.117647
    8 	 0.038594 	 43.777882 	 555.555556
    9 	 0.038139 	 166.023263 	 555.555556
   10 	 0.038594 	 328.043450 	 1000.000000
   11 	 0.030660 	 433.284664 	 1000.000000
   12 	 0.030755 	 505.853759 	 1000.000000
   13 	 0.038597 	 573.845076 	 5000.000000
   14 	 0.038445 	 851.588222 	 10000.000000
   15 	 0.038244 	 2561.604286 	 10000.000000
   16 	 0.038254 	 4170.564142 	 10000.000000
   17 	 0.120562 	 6044.972465 	 10000.000000
   18 	 0.038147 	 inf 	 inf
   19 	 0.038138 	 inf 	 inf
   20 	 0.038147 	 inf 	 inf
   21 	 0.037999 	 inf 	 inf
   22 	 0.037560 	 inf 	 inf
   23 	 0.031294 	 inf 	 inf
   24 	 0.038147 	 inf 	 inf
   25 	 0.037560 	 inf 	 inf
   26 	 0.038147 	 inf 	 inf
   27 	 0.038138 	 inf 	 inf
   28 	 0.038147 	 inf 	 inf
   29 	 0.035903 	 inf 	 inf
   30 	 0.038147 	 inf 	 inf
   31 	 0.035903 	 inf 	 inf
   32 	 0.037560 	 inf 	 inf
   33 	 0.038138 	 inf 	 inf
   34 	 0.035903 	 inf 	 inf
   35 	 0.019073 	 inf 	 inf
   36 	 0.038147 	 inf 	 inf
   37 	 0.037999 	 inf 	 inf
   38 	 0.019073 	 inf 	 inf
   39 	 0.038147 	 inf 	 inf
   40 	 0.038147 	 inf 	 inf
   41 	 0.038147 	 inf 	 inf
   42 	 0.038147 	 inf 	 inf
   43 	 0.038147 	 inf 	 inf
   44 	 0.038146 	 inf 	 inf
   45 	 0.035903 	 inf 	 inf
   46 	 0.038147 	 inf 	 inf
   47 	 0.037560 	 inf 	 inf
   48 	 0.037560 	 inf 	 inf
   49 	 0.038147 	 inf 	 inf
 