   0 	 0.017145 	 0.072876 	 0.880669
    1 	 0.023471 	 0.212338 	 1.080847
    2 	 0.026602 	 0.488388 	 2.279982
    3 	 0.051248 	 0.971709 	 8.156607
    4 	 0.031187 	 2.749565 	 48.543689
    5 	 0.035177 	 12.914951 	 217.391304
    6 	 0.019678 	 39.620749 	 217.391304
    7 	 0.037753 	 91.113581 	 384.615385
    8 	 0.019256 	 130.285233 	 714.285714
    9 	 0.038278 	 157.335481 	 1666.666667
   10 	 0.036878 	 279.599000 	 1666.666667
   11 	 0.035968 	 413.673305 	 2000.000000
   12 	 0.038295 	 637.702183 	 5000.000000
   13 	 0.038296 	 860.532129 	 5000.000000
   14 	 0.038146 	 1478.138675 	 5000.000000
   15 	 0.038295 	 2645.846486 	 5000.000000
   16 	 0.038147 	 3309.245507 	 5000.000000
   17 	 0.038137 	 3557.468082 	 5000.000000
   18 	 0.038147 	 3720.095310 	 5000.000000
   19 	 0.030565 	 3811.579838 	 5000.000000
   20 	 0.038147 	 3319.210700 	 5000.000000
   21 	 0.038147 	 3824.447746 	 5000.000000
   22 	 0.037687 	 3847.166871 	 5000.000000
   23 	 0.038147 	 3484.643370 	 5000.000000
   24 	 0.030565 	 3617.759414 	 5000.000000
   25 	 0.038296 	 3836.859848 	 5000.000000
   26 	 0.038147 	 3554.900938 	 5000.000000
   27 	 0.038296 	 3744.286963 	 5000.000000
   28 	 0.038147 	 3367.258579 	 5000.000000
   29 	 0.038147 	 3624.171146 	 5000.000000
   30 	 0.038147 	 3705.504459 	 5000.000000
   31 	 0.038147 	 3802.750477 	 5000.000000
   32 	 0.038147 	 3782.054459 	 5000.000000
   33 	 0.030565 	 3361.857133 	 5000.000000
   34 	 0.151400 	 3362.325063 	 5000.000000
   35 	 0.038296 	 3416.889401 	 5000.000000
   36 	 0.038147 	 3394.391194 	 5000.000000
   37 	 0.038296 	 3489.601755 	 5000.000000
   38 	 0.036035 	 3519.487355 	 5000.000000
   39 	 0.038147 	 4050.420832 	 5000.000000
   40 	 0.038147 	 3267.479191 	 5000.000000
   41 	 0.038147 	 3681.463843 	 5000.000000
   42 	 0.038147 	 3705.902067 	 5000.000000
   43 	 0.038147 	 3939.438877 	 5000.000000
   44 	 0.038135 	 3742.341311 	 5000.000000
   45 	 0.037989 	 3763.587247 	 5000.000000
   46 	 0.030470 	 3918.564595 	 5000.000000
   47 	 0.038296 	 3947.135007 	 5000.000000
   48 	 0.038147 	 3254.590200 	 5000.000000
   49 	 0.038147 	 3649.846715 	 5000.000000
 