   0 	 0.017634 	 0.068844 	 0.930579
    1 	 0.015657 	 0.143109 	 0.930579
    2 	 0.022455 	 0.487343 	 9.107468
    3 	 0.024327 	 2.503680 	 20.080321
    4 	 0.038587 	 5.972014 	 25.445293
    5 	 0.038276 	 11.044273 	 72.463768
    6 	 0.030945 	 16.474749 	 303.030303
    7 	 0.019801 	 34.718020 	 526.315789
    8 	 0.038292 	 163.437719 	 588.235294
    9 	 0.038290 	 332.073898 	 2000.000000
   10 	 0.038746 	 463.040370 	 5000.000000
   11 	 0.038141 	 799.803029 	 5000.000000
   12 	 0.149051 	 1806.869813 	 5000.000000
   13 	 0.038144 	 3013.749228 	 10000.000000
   14 	 0.038147 	 3680.214754 	 10000.000000
   15 	 0.038146 	 4355.665966 	 10000.000000
   16 	 0.038147 	 4930.062804 	 10000.000000
   17 	 0.038296 	 4995.311772 	 10000.000000
   18 	 0.038296 	 5928.757349 	 10000.000000
   19 	 0.038147 	 6186.622006 	 10000.000000
   20 	 0.038143 	 6155.305299 	 10000.000000
   21 	 0.038147 	 6802.002793 	 10000.000000
   22 	 0.038144 	 7163.654090 	 10000.000000
   23 	 0.038147 	 7385.404161 	 10000.000000
   24 	 0.038147 	 7370.679524 	 10000.000000
   25 	 0.038147 	 7339.796398 	 10000.000000
   26 	 0.038147 	 7828.258055 	 10000.000000
   27 	 0.038147 	 7540.965251 	 10000.000000
   28 	 0.038147 	 7528.372065 	 10000.000000
   29 	 0.038147 	 7791.623212 	 10000.000000
   30 	 0.038137 	 7370.007702 	 10000.000000
   31 	 0.038147 	 7336.057829 	 10000.000000
   32 	 0.038147 	 7739.171287 	 10000.000000
   33 	 0.038147 	 7600.649808 	 10000.000000
   34 	 0.038147 	 7717.795776 	 10000.000000
   35 	 0.121689 	 7748.904985 	 10000.000000
   36 	 0.038147 	 7441.519922 	 10000.000000
   37 	 0.038147 	 8181.871911 	 10000.000000
   38 	 0.038147 	 7677.137491 	 10000.000000
   39 	 0.038147 	 6927.965742 	 10000.000000
   40 	 0.038296 	 6920.060611 	 10000.000000
   41 	 0.038147 	 7295.672274 	 10000.000000
   42 	 0.038147 	 7164.072915 	 10000.000000
   43 	 0.038147 	 7277.736607 	 10000.000000
   44 	 0.035870 	 7698.233368 	 10000.000000
   45 	 0.038135 	 7094.069724 	 10000.000000
   46 	 0.152586 	 7198.223179 	 10000.000000
   47 	 0.038147 	 6835.782682 	 10000.000000
   48 	 0.038147 	 8160.777772 	 10000.000000
   49 	 0.019073 	 7387.982580 	 10000.000000
 