   0 	 0.015554 	 0.062072 	 0.887390
    1 	 0.020156 	 0.148176 	 0.887390
    2 	 0.036292 	 0.387557 	 3.077870
    3 	 0.041267 	 1.076323 	 25.706941
    4 	 0.039636 	 4.376068 	 25.706941
    5 	 0.039636 	 13.383304 	 27.027027
    6 	 0.037998 	 18.756545 	 99.009901
    7 	 0.038154 	 21.613001 	 99.009901
    8 	 0.038282 	 31.962480 	 121.951220
    9 	 0.032189 	 60.854265 	 555.555556
   10 	 0.038282 	 132.653226 	 2000.000000
   11 	 0.150227 	 695.117786 	 2500.000000
   12 	 0.038146 	 1305.791842 	 2500.000000
   13 	 0.038146 	 1474.234753 	 5000.000000
   14 	 0.038146 	 1669.610156 	 5000.000000
   15 	 0.038446 	 1804.173534 	 5000.000000
   16 	 0.038144 	 2118.301866 	 5000.000000
   17 	 0.038296 	 2908.320796 	 5000.000000
   18 	 0.038146 	 3456.670015 	 10000.000000
   19 	 0.038146 	 3616.608481 	 10000.000000
   20 	 0.037989 	 3370.109840 	 10000.000000
   21 	 0.037542 	 3686.429976 	 10000.000000
   22 	 0.038296 	 3819.725269 	 10000.000000
   23 	 0.038296 	 4623.555438 	 10000.000000
   24 	 0.038147 	 4667.170527 	 10000.000000
   25 	 0.030613 	 5558.834210 	 10000.000000
   26 	 0.038147 	 5950.056787 	 10000.000000
   27 	 0.038147 	 6210.947269 	 10000.000000
   28 	 0.038147 	 6135.896651 	 10000.000000
   29 	 0.038296 	 7562.958739 	 10000.000000
   30 	 0.038147 	 7839.321617 	 10000.000000
   31 	 0.038147 	 6680.177300 	 10000.000000
   32 	 0.038147 	 7664.362901 	 10000.000000
   33 	 0.038146 	 6976.040619 	 10000.000000
   34 	 0.038146 	 7263.481157 	 10000.000000
   35 	 0.035903 	 6423.616569 	 10000.000000
   36 	 0.038147 	 7545.929905 	 10000.000000
   37 	 0.038138 	 7671.857235 	 10000.000000
   38 	 0.151403 	 7852.145696 	 10000.000000
   39 	 0.038147 	 7283.389525 	 10000.000000
   40 	 0.038138 	 7914.485575 	 10000.000000
   41 	 0.038147 	 7318.448523 	 10000.000000
   42 	 0.038147 	 7435.050040 	 10000.000000
   43 	 0.038144 	 7553.701175 	 10000.000000
   44 	 0.037998 	 7196.772894 	 10000.000000
   45 	 0.038147 	 8047.915334 	 10000.000000
   46 	 0.038147 	 6729.514928 	 10000.000000
   47 	 0.038147 	 7433.236618 	 10000.000000
   48 	 0.038147 	 7632.090973 	 10000.000000
   49 	 0.027509 	 7077.656020 	 10000.000000
 