   0 	 0.016800 	 0.057263 	 0.333801
    1 	 0.016495 	 0.104538 	 0.755629
    2 	 0.018927 	 0.244973 	 3.898635
    3 	 0.037148 	 0.705263 	 8.888889
    4 	 0.038307 	 2.017614 	 14.306152
    5 	 0.038244 	 4.817182 	 38.314176
    6 	 0.038336 	 10.610480 	 85.470085
    7 	 0.038001 	 19.851394 	 98.039216
    8 	 0.038728 	 32.785986 	 185.185185
    9 	 0.039013 	 58.367422 	 476.190476
   10 	 0.038261 	 109.661555 	 555.555556
   11 	 0.038292 	 193.772744 	 555.555556
   12 	 0.030853 	 263.188243 	 2000.000000
   13 	 0.150175 	 354.654953 	 2000.000000
   14 	 0.038146 	 530.898512 	 2000.000000
   15 	 0.038293 	 978.305615 	 5000.000000
   16 	 0.038146 	 1459.128640 	 5000.000000
   17 	 0.038296 	 2126.115232 	 10000.000000
   18 	 0.038296 	 2364.936914 	 10000.000000
   19 	 0.030470 	 3298.056908 	 10000.000000
   20 	 0.038147 	 4462.260972 	 10000.000000
   21 	 0.038295 	 5397.212001 	 10000.000000
   22 	 0.038147 	 6003.072288 	 10000.000000
   23 	 0.035903 	 5971.688348 	 10000.000000
   24 	 0.038147 	 6578.055553 	 10000.000000
   25 	 0.038147 	 7524.936359 	 10000.000000
   26 	 0.083735 	 7705.603055 	 10000.000000
   27 	 0.038135 	 7824.139854 	 10000.000000
   28 	 0.038147 	 6697.676645 	 10000.000000
   29 	 0.038296 	 8090.105404 	 10000.000000
   30 	 0.038147 	 7406.973665 	 10000.000000
   31 	 0.038147 	 7309.253836 	 10000.000000
   32 	 0.030446 	 6886.395446 	 10000.000000
   33 	 0.035870 	 7396.961354 	 10000.000000
   34 	 0.030565 	 7190.215545 	 10000.000000
   35 	 0.038147 	 7109.599813 	 10000.000000
   36 	 0.038147 	 7260.636493 	 10000.000000
   37 	 0.152586 	 7944.356377 	 10000.000000
   38 	 0.038147 	 7563.855242 	 10000.000000
   39 	 0.038147 	 7231.811950 	 10000.000000
   40 	 0.035870 	 7497.766152 	 10000.000000
   41 	 0.038296 	 7014.699945 	 10000.000000
   42 	 0.038147 	 7245.697309 	 10000.000000
   43 	 0.038296 	 6949.716798 	 10000.000000
   44 	 0.113384 	 7960.672507 	 10000.000000
   45 	 0.038147 	 7818.474901 	 10000.000000
   46 	 0.038146 	 7851.352721 	 10000.000000
   47 	 0.038147 	 8394.811757 	 10000.000000
   48 	 0.038147 	 7670.600504 	 10000.000000
   49 	 0.038146 	 6657.499759 	 10000.000000
 