   0 	 0.013505 	 0.055511 	 0.415541
    1 	 0.016195 	 0.108603 	 0.727537
    2 	 0.021764 	 0.236901 	 1.927154
    3 	 0.021955 	 0.511817 	 8.920607
    4 	 0.021764 	 1.257884 	 10.438413
    5 	 0.031687 	 2.454242 	 39.370079
    6 	 0.035599 	 18.370883 	 1000.000000
    7 	 0.028980 	 256.807708 	 1000.000000
    8 	 0.038146 	 589.240869 	 1000.000000
    9 	 0.038146 	 858.951914 	 5000.000000
   10 	 0.038295 	 1327.499951 	 5000.000000
   11 	 0.037650 	 2119.757952 	 5000.000000
   12 	 0.038296 	 2577.638283 	 5000.000000
   13 	 0.038147 	 3517.147120 	 5000.000000
   14 	 0.038147 	 3311.683778 	 5000.000000
   15 	 0.038147 	 3537.093210 	 5000.000000
   16 	 0.038147 	 3587.417601 	 5000.000000
   17 	 0.038137 	 3754.096941 	 5000.000000
   18 	 0.038147 	 3542.212235 	 5000.000000
   19 	 0.019111 	 3385.613933 	 5000.000000
   20 	 0.038296 	 3754.834275 	 5000.000000
   21 	 0.030228 	 3447.473777 	 5000.000000
   22 	 0.038147 	 3779.563515 	 5000.000000
   23 	 0.038296 	 4198.067690 	 5000.000000
   24 	 0.038147 	 3824.348212 	 5000.000000
   25 	 0.038296 	 3815.859955 	 5000.000000
   26 	 0.038147 	 3467.557775 	 5000.000000
   27 	 0.038147 	 3466.062692 	 5000.000000
   28 	 0.038147 	 3819.682887 	 5000.000000
   29 	 0.037705 	 3303.558909 	 5000.000000
   30 	 0.038296 	 3622.364188 	 5000.000000
   31 	 0.151398 	 3543.798102 	 5000.000000
   32 	 0.038137 	 3511.604851 	 5000.000000
   33 	 0.038296 	 3826.055567 	 5000.000000
   34 	 0.038259 	 3571.917148 	 5000.000000
   35 	 0.037989 	 3855.128976 	 5000.000000
   36 	 0.135278 	 3587.690510 	 5000.000000
   37 	 0.038147 	 3823.896529 	 5000.000000
   38 	 0.038147 	 3870.611799 	 5000.000000
   39 	 0.038147 	 3762.884232 	 5000.000000
   40 	 0.151400 	 3608.055061 	 5000.000000
   41 	 0.038147 	 3567.543546 	 5000.000000
   42 	 0.038147 	 3731.407903 	 5000.000000
   43 	 0.036035 	 3948.390449 	 5000.000000
   44 	 0.037851 	 3664.263264 	 5000.000000
   45 	 0.038147 	 3653.311122 	 5000.000000
   46 	 0.038147 	 3623.613232 	 5000.000000
   47 	 0.038147 	 3435.822003 	 5000.000000
   48 	 0.038101 	 3922.440066 	 5000.000000
   49 	 0.038147 	 3467.124153 	 5000.000000
 