   0 	 0.016855 	 0.080810 	 0.972195
    1 	 0.021752 	 0.221178 	 1.252819
    2 	 0.023432 	 0.532268 	 1.739130
    3 	 0.029305 	 0.738594 	 2.712968
    4 	 0.050797 	 1.236888 	 4.686036
    5 	 0.030340 	 2.115982 	 54.945055
    6 	 0.043073 	 11.888941 	 120.481928
    7 	 0.038586 	 39.322519 	 121.951220
    8 	 0.039464 	 77.543391 	 123.456790
    9 	 0.037387 	 82.344561 	 123.456790
   10 	 0.052325 	 82.665380 	 123.456790
   11 	 0.039524 	 135.985518 	 3333.333333
   12 	 0.038267 	 461.864683 	 3333.333333
   13 	 0.038295 	 1591.789865 	 3333.333333
   14 	 0.038296 	 2204.072083 	 5000.000000
   15 	 0.038296 	 2662.710273 	 10000.000000
   16 	 0.148326 	 2934.588234 	 10000.000000
   17 	 0.038147 	 3063.403806 	 10000.000000
   18 	 0.038296 	 3272.138321 	 10000.000000
   19 	 0.038147 	 3595.282679 	 10000.000000
   20 	 0.038296 	 4202.183703 	 10000.000000
   21 	 0.038147 	 4601.968496 	 10000.000000
   22 	 0.038147 	 4671.387717 	 10000.000000
   23 	 0.038147 	 6132.685320 	 10000.000000
   24 	 0.038147 	 6436.748528 	 10000.000000
   25 	 0.038147 	 6407.750385 	 10000.000000
   26 	 0.038137 	 7366.021435 	 10000.000000
   27 	 0.038147 	 7248.667716 	 10000.000000
   28 	 0.067816 	 7458.342369 	 10000.000000
   29 	 0.035870 	 7560.995548 	 10000.000000
   30 	 0.036035 	 8473.893638 	 10000.000000
   31 	 0.038147 	 7345.583245 	 10000.000000
   32 	 0.038147 	 7549.967376 	 10000.000000
   33 	 0.038147 	 7516.195970 	 10000.000000
   34 	 0.038147 	 7374.050729 	 10000.000000
   35 	 0.149091 	 7846.462534 	 10000.000000
   36 	 0.038147 	 7619.112606 	 10000.000000
   37 	 0.038147 	 7761.019737 	 10000.000000
   38 	 0.038147 	 7199.945846 	 10000.000000
   39 	 0.038147 	 8177.710710 	 10000.000000
   40 	 0.038147 	 7142.914775 	 10000.000000
   41 	 0.038296 	 7812.660218 	 10000.000000
   42 	 0.019111 	 7268.990852 	 10000.000000
   43 	 0.035870 	 7570.026316 	 10000.000000
   44 	 0.038147 	 6663.048372 	 10000.000000
   45 	 0.038147 	 7617.895615 	 10000.000000
   46 	 0.037989 	 6756.282420 	 10000.000000
   47 	 0.037705 	 7365.538420 	 10000.000000
   48 	 0.038296 	 6745.176387 	 10000.000000
   49 	 0.036035 	 7615.948240 	 10000.000000
 