   0 	 0.014732 	 0.063300 	 0.485814
    1 	 0.020012 	 0.119639 	 0.589449
    2 	 0.021167 	 0.239671 	 1.547748
    3 	 0.028414 	 0.533115 	 5.652911
    4 	 0.035852 	 1.645789 	 19.841270
    5 	 0.031026 	 3.970212 	 71.428571
    6 	 0.038234 	 10.867226 	 72.992701
    7 	 0.038276 	 25.389653 	 136.986301
    8 	 0.038427 	 36.619220 	 227.272727
    9 	 0.030706 	 63.740284 	 833.333333
   10 	 0.030799 	 109.383049 	 833.333333
   11 	 0.036230 	 216.008983 	 1111.111111
   12 	 0.030989 	 485.416360 	 1250.000000
   13 	 0.038444 	 583.106475 	 1250.000000
   14 	 0.036638 	 711.837498 	 1250.000000
   15 	 0.150213 	 800.615664 	 2000.000000
   16 	 0.038295 	 818.677929 	 2000.000000
   17 	 0.038296 	 935.603498 	 2000.000000
   18 	 0.038146 	 1070.860719 	 5000.000000
   19 	 0.038296 	 1590.883382 	 5000.000000
   20 	 0.030661 	 1862.651630 	 5000.000000
   21 	 0.038146 	 2398.598672 	 5000.000000
   22 	 0.015967 	 2876.754763 	 5000.000000
   23 	 0.038296 	 3396.009728 	 5000.000000
   24 	 0.038147 	 3490.681773 	 5000.000000
   25 	 0.038296 	 3809.362567 	 5000.000000
   26 	 0.038147 	 3667.643572 	 5000.000000
   27 	 0.035870 	 4047.908874 	 5000.000000
   28 	 0.038147 	 3794.023392 	 5000.000000
   29 	 0.030470 	 3738.948187 	 5000.000000
   30 	 0.037530 	 3497.891558 	 5000.000000
   31 	 0.038146 	 3804.508274 	 5000.000000
   32 	 0.038147 	 3786.519279 	 5000.000000
   33 	 0.038296 	 3664.384517 	 5000.000000
   34 	 0.038147 	 3809.438405 	 5000.000000
   35 	 0.038147 	 3845.116923 	 5000.000000
   36 	 0.038135 	 3697.073277 	 5000.000000
   37 	 0.030470 	 3962.902041 	 5000.000000
   38 	 0.038296 	 3335.728016 	 5000.000000
   39 	 0.030613 	 3190.471081 	 5000.000000
   40 	 0.038447 	 3881.227433 	 5000.000000
   41 	 0.038296 	 3786.571401 	 5000.000000
   42 	 0.038105 	 3878.999364 	 5000.000000
   43 	 0.038147 	 3846.708277 	 5000.000000
   44 	 0.038296 	 3972.230389 	 5000.000000
   45 	 0.038147 	 3876.104519 	 5000.000000
   46 	 0.036035 	 3687.592077 	 5000.000000
   47 	 0.038147 	 3500.468213 	 5000.000000
   48 	 0.038296 	 3838.847773 	 5000.000000
   49 	 0.038296 	 3999.730012 	 5000.000000
 