   0 	 0.016361 	 0.078611 	 1.253761
    1 	 0.018930 	 0.302571 	 1.934610
    2 	 0.029887 	 0.829979 	 4.152824
    3 	 0.041683 	 1.395089 	 8.264463
    4 	 0.029912 	 1.904026 	 8.264463
    5 	 0.020461 	 2.775324 	 26.737968
    6 	 0.032618 	 4.579104 	 27.472527
    7 	 0.031688 	 7.902416 	 33.783784
    8 	 0.041137 	 13.814942 	 250.000000
    9 	 0.038398 	 59.613609 	 1250.000000
   10 	 0.038593 	 302.763829 	 1250.000000
   11 	 0.038446 	 570.691573 	 2000.000000
   12 	 0.038446 	 819.019556 	 2500.000000
   13 	 0.038446 	 991.359497 	 10000.000000
   14 	 0.037668 	 1406.498190 	 10000.000000
   15 	 0.038446 	 2038.578096 	 10000.000000
   16 	 0.037850 	 4122.224647 	 10000.000000
   17 	 0.038296 	 6205.096844 	 10000.000000
   18 	 0.038144 	 7034.420119 	 10000.000000
   19 	 0.039367 	 7417.491363 	 10000.000000
   20 	 0.021605 	 7670.512457 	 10000.000000
   21 	 0.038147 	 7414.700454 	 10000.000000
   22 	 0.037560 	 7472.203128 	 10000.000000
   23 	 0.038147 	 7458.138779 	 10000.000000
   24 	 0.038147 	 7304.125140 	 10000.000000
   25 	 0.035870 	 7622.719120 	 10000.000000
   26 	 0.038296 	 7468.649874 	 10000.000000
   27 	 0.038147 	 7078.693314 	 10000.000000
   28 	 0.038296 	 7625.039985 	 10000.000000
   29 	 0.038447 	 7361.993462 	 10000.000000
   30 	 0.038147 	 6672.118400 	 10000.000000
   31 	 0.038147 	 7308.323627 	 10000.000000
   32 	 0.038296 	 6401.197379 	 10000.000000
   33 	 0.038296 	 7908.798628 	 10000.000000
   34 	 0.038135 	 6846.008475 	 10000.000000
   35 	 0.038296 	 6873.092887 	 10000.000000
   36 	 0.037705 	 7177.989789 	 10000.000000
   37 	 0.038147 	 7479.895369 	 10000.000000
   38 	 0.038147 	 7411.959934 	 10000.000000
   39 	 0.038105 	 7545.554862 	 10000.000000
   40 	 0.038147 	 7501.505471 	 10000.000000
   41 	 0.035900 	 8454.272534 	 10000.000000
   42 	 0.038147 	 7517.060676 	 10000.000000
   43 	 0.038147 	 7010.600933 	 10000.000000
   44 	 0.037542 	 7647.141404 	 10000.000000
   45 	 0.037998 	 7503.148044 	 10000.000000
   46 	 0.038147 	 6926.262044 	 10000.000000
   47 	 0.037989 	 7121.351159 	 10000.000000
   48 	 0.038147 	 7488.322132 	 10000.000000
   49 	 0.032097 	 7241.567185 	 10000.000000
 