   0 	 0.018299 	 0.062512 	 0.633754
    1 	 0.017324 	 0.182757 	 3.402518
    2 	 0.019483 	 0.818751 	 4.260758
    3 	 0.039719 	 1.733369 	 5.740528
    4 	 0.038753 	 2.661217 	 5.595971
    5 	 0.043171 	 2.981773 	 7.468260
    6 	 0.035920 	 3.342353 	 7.942812
    7 	 0.039329 	 3.473218 	 8.968610
    8 	 0.039329 	 4.213266 	 51.282051
    9 	 0.020644 	 5.433330 	 51.282051
   10 	 0.039973 	 12.466242 	 133.333333
   11 	 0.038273 	 34.020695 	 196.078431
   12 	 0.038268 	 67.282625 	 370.370370
   13 	 0.035860 	 126.498931 	 3333.333333
   14 	 0.038279 	 733.477739 	 3333.333333
   15 	 0.036002 	 2439.186067 	 3333.333333
   16 	 0.038296 	 2566.850007 	 3333.333333
   17 	 0.038296 	 2493.258575 	 3333.333333
   18 	 0.030565 	 2349.885825 	 3333.333333
   19 	 0.038126 	 2261.085800 	 3333.333333
   20 	 0.038296 	 2288.828220 	 3333.333333
   21 	 0.038284 	 2360.721538 	 3333.333333
   22 	 0.038136 	 2391.970117 	 3333.333333
   23 	 0.038296 	 2448.499578 	 3333.333333
   24 	 0.038296 	 2399.277141 	 3333.333333
   25 	 0.038296 	 2423.524841 	 3333.333333
   26 	 0.038284 	 2464.379276 	 3333.333333
   27 	 0.038296 	 2271.713124 	 3333.333333
   28 	 0.038296 	 2516.189120 	 3333.333333
   29 	 0.030175 	 2783.842979 	 3333.333333
   30 	 0.038296 	 2461.593365 	 3333.333333
   31 	 0.038296 	 2509.491418 	 3333.333333
   32 	 0.038296 	 2449.059516 	 3333.333333
   33 	 0.038296 	 2493.411002 	 3333.333333
   34 	 0.038296 	 2625.815536 	 3333.333333
   35 	 0.038296 	 2460.106874 	 3333.333333
   36 	 0.030565 	 2399.086569 	 3333.333333
   37 	 0.038296 	 2430.702933 	 3333.333333
   38 	 0.038296 	 2431.045918 	 3333.333333
   39 	 0.038254 	 2424.405555 	 3333.333333
   40 	 0.038296 	 2553.316539 	 3333.333333
   41 	 0.038296 	 2452.468015 	 3333.333333
   42 	 0.030555 	 2452.679317 	 3333.333333
   43 	 0.036002 	 2220.011177 	 3333.333333
   44 	 0.038254 	 2575.007178 	 3333.333333
   45 	 0.019148 	 2284.906758 	 3333.333333
   46 	 0.150741 	 2651.881663 	 3333.333333
   47 	 0.038296 	 2552.800707 	 3333.333333
   48 	 0.038296 	 2422.503088 	 3333.333333
   49 	 0.038205 	 2384.024497 	 3333.333333
 