   0 	 0.016881 	 0.076828 	 0.873286
    1 	 0.016771 	 0.396051 	 10.471204
    2 	 0.025273 	 2.987540 	 17.301038
    3 	 0.039840 	 6.742023 	 23.041475
    4 	 0.039411 	 9.234532 	 25.316456
    5 	 0.039390 	 11.599201 	 45.662100
    6 	 0.031501 	 13.674268 	 133.333333
    7 	 0.039513 	 21.450485 	 151.515152
    8 	 0.038260 	 37.500146 	 200.000000
    9 	 0.040140 	 72.165631 	 200.000000
   10 	 0.038287 	 108.150381 	 909.090909
   11 	 0.037779 	 243.798052 	 5000.000000
   12 	 0.144571 	 1139.092067 	 5000.000000
   13 	 0.038296 	 2791.787840 	 5000.000000
   14 	 0.038296 	 3574.968853 	 5000.000000
   15 	 0.019111 	 3810.574336 	 5000.000000
   16 	 0.030613 	 3592.710279 	 5000.000000
   17 	 0.143345 	 3660.607793 	 5000.000000
   18 	 0.151254 	 3796.053038 	 5000.000000
   19 	 0.038143 	 3859.898593 	 5000.000000
   20 	 0.035870 	 3665.273306 	 5000.000000
   21 	 0.038296 	 3606.112014 	 5000.000000
   22 	 0.038105 	 3455.765546 	 5000.000000
   23 	 0.151400 	 4099.037737 	 5000.000000
   24 	 0.038147 	 3592.580606 	 5000.000000
   25 	 0.038147 	 3931.932660 	 5000.000000
   26 	 0.038296 	 3912.383688 	 5000.000000
   27 	 0.038296 	 3492.805026 	 5000.000000
   28 	 0.037542 	 3549.409189 	 5000.000000
   29 	 0.038254 	 3465.571778 	 5000.000000
   30 	 0.038147 	 3749.686387 	 5000.000000
   31 	 0.038135 	 4066.640660 	 5000.000000
   32 	 0.038147 	 3548.996432 	 5000.000000
   33 	 0.038137 	 3623.095148 	 5000.000000
   34 	 0.038296 	 3784.124877 	 5000.000000
   35 	 0.038147 	 3807.730062 	 5000.000000
   36 	 0.038147 	 3584.612070 	 5000.000000
   37 	 0.030565 	 3850.415068 	 5000.000000
   38 	 0.038147 	 3591.419816 	 5000.000000
   39 	 0.019111 	 3462.867448 	 5000.000000
   40 	 0.038147 	 3697.273520 	 5000.000000
   41 	 0.038296 	 3518.290858 	 5000.000000
   42 	 0.038296 	 3567.637273 	 5000.000000
   43 	 0.610277 	 3594.692589 	 5000.000000
   44 	 0.037705 	 3416.590782 	 5000.000000
   45 	 0.038147 	 3673.201436 	 5000.000000
   46 	 0.038147 	 3795.879132 	 5000.000000
   47 	 0.038296 	 3483.316197 	 5000.000000
   48 	 0.038147 	 3340.289294 	 5000.000000
   49 	 0.038147 	 3438.104047 	 5000.000000
 