   0 	 0.016112 	 0.070340 	 1.090513
    1 	 0.019906 	 0.212403 	 1.385425
    2 	 0.024297 	 0.578046 	 2.375297
    3 	 0.046475 	 1.218733 	 11.560694
    4 	 0.038655 	 1.771722 	 16.750419
    5 	 0.037041 	 2.758596 	 42.735043
    6 	 0.023549 	 9.401672 	 77.519380
    7 	 0.039350 	 26.299903 	 116.279070
    8 	 0.038707 	 37.003243 	 200.000000
    9 	 0.038745 	 60.717436 	 200.000000
   10 	 0.128256 	 73.570558 	 238.095238
   11 	 0.038733 	 89.006538 	 555.555556
   12 	 0.035805 	 113.299564 	 555.555556
   13 	 0.038290 	 165.245632 	 555.555556
   14 	 0.038287 	 218.730347 	 1666.666667
   15 	 0.038293 	 329.320058 	 1666.666667
   16 	 0.038290 	 547.725832 	 2000.000000
   17 	 0.038294 	 920.554084 	 2000.000000
   18 	 0.038294 	 1157.084975 	 2000.000000
   19 	 0.038296 	 1253.728680 	 5000.000000
   20 	 0.038296 	 1491.963162 	 5000.000000
   21 	 0.038296 	 1617.671671 	 5000.000000
   22 	 0.036035 	 1943.361141 	 5000.000000
   23 	 0.038296 	 2108.287098 	 5000.000000
   24 	 0.142389 	 2467.403000 	 5000.000000
   25 	 0.038296 	 2867.391387 	 5000.000000
   26 	 0.019111 	 3248.291028 	 5000.000000
   27 	 0.151254 	 3589.162953 	 5000.000000
   28 	 0.150743 	 3789.521673 	 5000.000000
   29 	 0.038296 	 3643.328961 	 5000.000000
   30 	 0.038296 	 3826.159736 	 5000.000000
   31 	 0.038147 	 3846.527793 	 5000.000000
   32 	 0.038295 	 3769.871724 	 5000.000000
   33 	 0.038296 	 3789.585694 	 5000.000000
   34 	 0.038296 	 3492.192050 	 5000.000000
   35 	 0.038254 	 4019.254209 	 5000.000000
   36 	 0.038147 	 3238.423467 	 5000.000000
   37 	 0.038296 	 3772.790810 	 5000.000000
   38 	 0.030541 	 3589.388566 	 5000.000000
   39 	 0.038147 	 3817.454104 	 5000.000000
   40 	 0.036002 	 3635.472465 	 5000.000000
   41 	 0.038147 	 3642.606309 	 5000.000000
   42 	 0.030470 	 3848.952333 	 5000.000000
   43 	 0.038147 	 3839.626058 	 5000.000000
   44 	 0.038294 	 3854.667698 	 5000.000000
   45 	 0.037542 	 3790.087435 	 5000.000000
   46 	 0.038147 	 3502.941261 	 5000.000000
   47 	 0.151382 	 3812.706168 	 5000.000000
   48 	 0.038147 	 3422.192827 	 5000.000000
   49 	 0.038296 	 3798.399861 	 5000.000000
 