   0 	 0.013485 	 0.076085 	 0.608976
    1 	 0.015831 	 0.280502 	 4.330879
    2 	 0.017958 	 0.995717 	 4.644682
    3 	 0.019251 	 3.051566 	 36.630037
    4 	 0.039322 	 9.392008 	 38.314176
    5 	 0.019327 	 27.623423 	 588.235294
    6 	 0.037630 	 86.649942 	 588.235294
    7 	 0.038143 	 286.530846 	 625.000000
    8 	 0.038144 	 421.702529 	 1000.000000
    9 	 0.038294 	 498.358961 	 2000.000000
   10 	 0.143478 	 466.131224 	 2000.000000
   11 	 0.038144 	 666.482461 	 2000.000000
   12 	 0.038750 	 1013.923891 	 10000.000000
   13 	 0.038296 	 1647.546819 	 10000.000000
   14 	 0.038146 	 2804.994099 	 10000.000000
   15 	 0.036168 	 4141.955426 	 10000.000000
   16 	 0.037542 	 5391.988990 	 10000.000000
   17 	 0.038147 	 6042.758937 	 10000.000000
   18 	 0.038135 	 6846.448645 	 10000.000000
   19 	 0.038147 	 7039.466429 	 10000.000000
   20 	 0.038147 	 7263.256584 	 10000.000000
   21 	 0.038135 	 7591.954101 	 10000.000000
   22 	 0.038147 	 7477.127682 	 10000.000000
   23 	 0.038147 	 6914.169386 	 10000.000000
   24 	 0.037132 	 6811.761754 	 10000.000000
   25 	 0.038296 	 7195.488575 	 10000.000000
   26 	 0.038147 	 8269.978580 	 10000.000000
   27 	 0.038296 	 7843.273988 	 10000.000000
   28 	 0.038147 	 7469.199312 	 10000.000000
   29 	 0.038447 	 7244.993023 	 10000.000000
   30 	 0.019073 	 7140.038958 	 10000.000000
   31 	 0.038147 	 7135.440489 	 10000.000000
   32 	 0.038146 	 7630.755172 	 10000.000000
   33 	 0.038296 	 6820.530986 	 10000.000000
   34 	 0.038147 	 7321.985603 	 10000.000000
   35 	 0.037542 	 7338.935587 	 10000.000000
   36 	 0.038147 	 8220.755475 	 10000.000000
   37 	 0.038296 	 7579.369183 	 10000.000000
   38 	 0.030470 	 7837.469344 	 10000.000000
   39 	 0.038147 	 7417.635196 	 10000.000000
   40 	 0.014909 	 7397.551298 	 10000.000000
   41 	 0.038296 	 7525.144858 	 10000.000000
   42 	 0.038147 	 8156.114637 	 10000.000000
   43 	 0.030613 	 7868.209600 	 10000.000000
   44 	 0.038146 	 7122.151711 	 10000.000000
   45 	 0.038147 	 7335.440822 	 10000.000000
   46 	 0.038147 	 7321.590331 	 10000.000000
   47 	 0.100676 	 7575.293806 	 10000.000000
   48 	 0.038147 	 7461.220967 	 10000.000000
   49 	 0.038296 	 7790.054233 	 10000.000000
 