   0 	 0.016537 	 0.069553 	 0.507382
    1 	 0.019344 	 0.165991 	 1.503081
    2 	 0.025518 	 0.329043 	 1.515611
    3 	 0.023920 	 0.659609 	 3.745318
    4 	 0.037959 	 1.083396 	 6.385696
    5 	 0.037836 	 2.037638 	 14.245014
    6 	 0.038642 	 3.240080 	 17.921147
    7 	 0.038944 	 5.298939 	 17.921147
    8 	 0.042252 	 8.945592 	 50.505051
    9 	 0.031531 	 12.794127 	 60.240964
   10 	 0.037211 	 18.228965 	 106.382979
   11 	 0.039070 	 30.898097 	 123.456790
   12 	 0.038285 	 46.285722 	 142.857143
   13 	 0.030658 	 69.413092 	 196.078431
   14 	 0.039046 	 78.858299 	 222.222222
   15 	 0.039199 	 99.202892 	 285.714286
   16 	 0.038894 	 123.049530 	 714.285714
   17 	 0.038442 	 149.835921 	 714.285714
   18 	 0.038440 	 259.327775 	 1111.111111
   19 	 0.039055 	 419.335724 	 1666.666667
   20 	 0.038295 	 536.939132 	 1666.666667
   21 	 0.038446 	 684.635077 	 3333.333333
   22 	 0.038446 	 972.101669 	 3333.333333
   23 	 0.030612 	 1197.223225 	 3333.333333
   24 	 0.038254 	 1601.705006 	 3333.333333
   25 	 0.038296 	 2151.155157 	 3333.333333
   26 	 0.038294 	 2084.624989 	 5000.000000
   27 	 0.038296 	 2259.640410 	 5000.000000
   28 	 0.038137 	 2290.992049 	 5000.000000
   29 	 0.030565 	 2589.240472 	 5000.000000
   30 	 0.151398 	 2622.941565 	 5000.000000
   31 	 0.038296 	 2563.584076 	 5000.000000
   32 	 0.038147 	 2605.268471 	 5000.000000
   33 	 0.019148 	 2720.973858 	 5000.000000
   34 	 0.035870 	 2616.330512 	 5000.000000
   35 	 0.151343 	 3066.918746 	 5000.000000
   36 	 0.019148 	 3437.665939 	 5000.000000
   37 	 0.037705 	 3088.014747 	 5000.000000
   38 	 0.038147 	 3033.080044 	 5000.000000
   39 	 0.038147 	 3308.647341 	 5000.000000
   40 	 0.030565 	 3407.126930 	 5000.000000
   41 	 0.038146 	 3470.037963 	 5000.000000
   42 	 0.151400 	 4059.700191 	 5000.000000
   43 	 0.038296 	 3793.659909 	 5000.000000
   44 	 0.038296 	 3731.858699 	 5000.000000
   45 	 0.012882 	 3879.652209 	 5000.000000
   46 	 0.038147 	 3704.120745 	 5000.000000
   47 	 0.038146 	 3483.307206 	 5000.000000
   48 	 0.038147 	 3834.332153 	 5000.000000
   49 	 0.038146 	 3518.545066 	 5000.000000
 