   0 	 0.017596 	 0.072755 	 1.550147
    1 	 0.019296 	 0.348776 	 1.578781
    2 	 0.032804 	 0.948832 	 9.165903
    3 	 0.038554 	 2.586949 	 36.363636
    4 	 0.038824 	 9.601193 	 39.840637
    5 	 0.031124 	 18.081125 	 58.823529
    6 	 0.039494 	 26.666647 	 196.078431
    7 	 0.137493 	 40.422703 	 196.078431
    8 	 0.114981 	 59.412670 	 238.095238
    9 	 0.038896 	 85.752155 	 555.555556
   10 	 0.030226 	 135.165559 	 555.555556
   11 	 0.038287 	 279.040796 	 3333.333333
   12 	 0.038293 	 767.201693 	 3333.333333
   13 	 0.037978 	 2062.905507 	 5000.000000
   14 	 0.038296 	 2665.897143 	 5000.000000
   15 	 0.038147 	 2714.446491 	 5000.000000
   16 	 0.038296 	 3021.574566 	 5000.000000
   17 	 0.151398 	 3080.207529 	 5000.000000
   18 	 0.038296 	 2846.645805 	 5000.000000
   19 	 0.038296 	 3134.519863 	 5000.000000
   20 	 0.038296 	 3237.530774 	 5000.000000
   21 	 0.038296 	 3483.343850 	 5000.000000
   22 	 0.030565 	 3287.400285 	 5000.000000
   23 	 0.038146 	 3220.480078 	 5000.000000
   24 	 0.038296 	 4044.299971 	 5000.000000
   25 	 0.038147 	 3461.312166 	 5000.000000
   26 	 0.038147 	 3280.352670 	 5000.000000
   27 	 0.037705 	 3382.105471 	 5000.000000
   28 	 0.038147 	 3523.540870 	 5000.000000
   29 	 0.050047 	 3493.419702 	 5000.000000
   30 	 0.149071 	 3461.512610 	 5000.000000
   31 	 0.030369 	 3859.621732 	 5000.000000
   32 	 0.038296 	 3645.959461 	 5000.000000
   33 	 0.038296 	 3825.048274 	 5000.000000
   34 	 0.038296 	 3516.618954 	 5000.000000
   35 	 0.036002 	 3819.715238 	 5000.000000
   36 	 0.038296 	 3920.057614 	 5000.000000
   37 	 0.038146 	 3429.133279 	 5000.000000
   38 	 0.038147 	 3867.856242 	 5000.000000
   39 	 0.038147 	 3664.851938 	 5000.000000
   40 	 0.038296 	 3877.591897 	 5000.000000
   41 	 0.038296 	 3605.253029 	 5000.000000
   42 	 0.038296 	 3963.781063 	 5000.000000
   43 	 0.152583 	 3518.803952 	 5000.000000
   44 	 0.038147 	 3320.993990 	 5000.000000
   45 	 0.019148 	 3811.229728 	 5000.000000
   46 	 0.038105 	 3314.626835 	 5000.000000
   47 	 0.038296 	 3627.986246 	 5000.000000
   48 	 0.038147 	 3621.764911 	 5000.000000
   49 	 0.030517 	 3892.912404 	 5000.000000
 