   0 	 0.017921 	 0.065182 	 0.501958
    1 	 0.020168 	 0.142366 	 1.592103
    2 	 0.026178 	 0.704808 	 37.735849
    3 	 0.031086 	 12.911665 	 42.016807
    4 	 0.038408 	 29.797760 	 60.240964
    5 	 0.039022 	 32.093229 	 62.111801
    6 	 0.039022 	 34.171980 	 112.359551
    7 	 0.040425 	 34.809257 	 117.647059
    8 	 0.038408 	 45.873831 	 128.205128
    9 	 0.038408 	 53.480261 	 144.927536
   10 	 0.038408 	 69.165363 	 161.290323
   11 	 0.038288 	 83.085042 	 175.438596
   12 	 0.037030 	 101.482659 	 204.081633
   13 	 0.038892 	 103.803004 	 263.157895
   14 	 0.124766 	 131.988304 	 588.235294
   15 	 0.038594 	 188.034282 	 1111.111111
   16 	 0.038439 	 308.271345 	 1111.111111
   17 	 0.035934 	 456.680851 	 1111.111111
   18 	 0.038748 	 612.017647 	 1666.666667
   19 	 0.097041 	 694.309629 	 2000.000000
   20 	 0.020507 	 866.040840 	 2000.000000
   21 	 0.038296 	 879.406126 	 2000.000000
   22 	 0.038146 	 1041.305557 	 2000.000000
   23 	 0.035869 	 1154.947917 	 5000.000000
   24 	 0.037832 	 1488.864223 	 5000.000000
   25 	 0.038146 	 1641.613977 	 5000.000000
   26 	 0.038147 	 1966.976593 	 5000.000000
   27 	 0.038296 	 2248.255581 	 5000.000000
   28 	 0.038296 	 3100.839359 	 5000.000000
   29 	 0.038296 	 3123.085129 	 5000.000000
   30 	 0.038147 	 3540.948909 	 5000.000000
   31 	 0.067465 	 3816.075596 	 5000.000000
   32 	 0.038147 	 3573.963517 	 5000.000000
   33 	 0.038147 	 3583.177502 	 5000.000000
   34 	 0.019111 	 3889.158218 	 5000.000000
   35 	 0.038296 	 3312.882486 	 5000.000000
   36 	 0.036002 	 3877.235787 	 5000.000000
   37 	 0.038147 	 3633.624252 	 5000.000000
   38 	 0.038296 	 3595.404762 	 5000.000000
   39 	 0.038147 	 3250.476371 	 5000.000000
   40 	 0.151400 	 3703.879226 	 5000.000000
   41 	 0.038135 	 3667.131372 	 5000.000000
   42 	 0.038147 	 3867.516608 	 5000.000000
   43 	 0.030565 	 3545.715780 	 5000.000000
   44 	 0.038147 	 3937.993006 	 5000.000000
   45 	 0.038147 	 3789.062490 	 5000.000000
   46 	 0.038296 	 4037.004996 	 5000.000000
   47 	 0.038147 	 3776.063583 	 5000.000000
   48 	 0.038147 	 4055.878417 	 5000.000000
   49 	 0.019111 	 3703.849499 	 5000.000000
 