   0 	 0.017127 	 0.058662 	 0.241255
    1 	 0.020104 	 0.091077 	 0.457938
    2 	 0.020942 	 0.151973 	 0.792079
    3 	 0.026078 	 0.208876 	 1.790190
    4 	 0.026856 	 0.665837 	 26.525199
    5 	 0.022744 	 7.251618 	 46.082949
    6 	 0.039322 	 21.237029 	 82.644628
    7 	 0.039302 	 28.971311 	 95.238095
    8 	 0.040308 	 36.756258 	 153.846154
    9 	 0.039663 	 47.058966 	 243.902439
   10 	 0.030411 	 63.757956 	 263.157895
   11 	 0.039053 	 116.300826 	 1111.111111
   12 	 0.038276 	 241.476108 	 1666.666667
   13 	 0.038446 	 484.846714 	 1666.666667
   14 	 0.038446 	 753.942243 	 1666.666667
   15 	 0.038296 	 793.106972 	 1666.666667
   16 	 0.038446 	 876.479584 	 1666.666667
   17 	 0.038296 	 988.805056 	 1666.666667
   18 	 0.068526 	 1048.822214 	 3333.333333
   19 	 0.038296 	 1223.802546 	 5000.000000
   20 	 0.038286 	 1254.821945 	 3333.333333
   21 	 0.038296 	 1704.278891 	 5000.000000
   22 	 0.037832 	 2058.776591 	 5000.000000
   23 	 0.038292 	 2242.970034 	 5000.000000
   24 	 0.019261 	 2402.188651 	 5000.000000
   25 	 0.038296 	 2473.474489 	 5000.000000
   26 	 0.038137 	 2567.151635 	 5000.000000
   27 	 0.038296 	 2421.746932 	 5000.000000
   28 	 0.038296 	 2306.311413 	 5000.000000
   29 	 0.038296 	 2753.225629 	 5000.000000
   30 	 0.038146 	 2599.775707 	 5000.000000
   31 	 0.151398 	 2862.875526 	 5000.000000
   32 	 0.038147 	 2832.037861 	 5000.000000
   33 	 0.038296 	 2965.994676 	 5000.000000
   34 	 0.038147 	 2866.185559 	 5000.000000
   35 	 0.038296 	 2926.109892 	 5000.000000
   36 	 0.038147 	 3364.997228 	 5000.000000
   37 	 0.038147 	 3603.568057 	 5000.000000
   38 	 0.038296 	 3408.776019 	 5000.000000
   39 	 0.151398 	 3873.121426 	 5000.000000
   40 	 0.038296 	 3693.490120 	 5000.000000
   41 	 0.038147 	 3863.970546 	 5000.000000
   42 	 0.038147 	 3594.552475 	 5000.000000
   43 	 0.038146 	 3558.430252 	 5000.000000
   44 	 0.038281 	 3510.620947 	 5000.000000
   45 	 0.036035 	 3883.423353 	 5000.000000
   46 	 0.038296 	 4075.186712 	 5000.000000
   47 	 0.038296 	 3929.083680 	 5000.000000
   48 	 0.151382 	 3942.687355 	 5000.000000
   49 	 0.038147 	 3558.646507 	 5000.000000
 