   0 	 0.018229 	 0.102084 	 2.020202
    1 	 0.026759 	 0.408728 	 3.575259
    2 	 0.021344 	 1.173907 	 4.106776
    3 	 0.040781 	 1.793356 	 6.389776
    4 	 0.039806 	 2.373626 	 6.553080
    5 	 0.040606 	 2.450840 	 11.709602
    6 	 0.040215 	 2.907988 	 11.709602
    7 	 0.040029 	 4.590459 	 14.513788
    8 	 0.038201 	 6.288483 	 54.945055
    9 	 0.040050 	 13.118128 	 263.157895
   10 	 0.035494 	 43.636992 	 303.030303
   11 	 0.038572 	 133.587812 	 303.030303
   12 	 0.149009 	 202.169039 	 333.333333
   13 	 0.030610 	 199.136508 	 333.333333
   14 	 0.038234 	 213.616006 	 333.333333
   15 	 0.038442 	 215.029905 	 714.285714
   16 	 0.038442 	 247.281222 	 714.285714
   17 	 0.038439 	 254.026276 	 714.285714
   18 	 0.036067 	 384.140376 	 1666.666667
   19 	 0.036002 	 534.330940 	 3333.333333
   20 	 0.038295 	 774.674717 	 3333.333333
   21 	 0.030517 	 1029.723873 	 3333.333333
   22 	 0.037510 	 1290.611371 	 3333.333333
   23 	 0.038137 	 1577.979040 	 3333.333333
   24 	 0.038296 	 1867.397933 	 3333.333333
   25 	 0.030517 	 1710.368312 	 3333.333333
   26 	 0.151398 	 2380.569606 	 3333.333333
   27 	 0.038296 	 2476.765758 	 3333.333333
   28 	 0.149069 	 2462.425332 	 3333.333333
   29 	 0.038296 	 2526.064628 	 3333.333333
   30 	 0.038296 	 2599.998909 	 3333.333333
   31 	 0.038296 	 2467.037583 	 3333.333333
   32 	 0.038296 	 2456.621775 	 3333.333333
   33 	 0.038296 	 2264.538061 	 3333.333333
   34 	 0.151343 	 2456.477705 	 3333.333333
   35 	 0.038296 	 2532.252141 	 3333.333333
   36 	 0.038296 	 2420.613381 	 3333.333333
   37 	 0.038254 	 2398.440619 	 3333.333333
   38 	 0.038137 	 2581.398286 	 3333.333333
   39 	 0.030538 	 2538.552165 	 3333.333333
   40 	 0.038137 	 2594.777911 	 3333.333333
   41 	 0.038296 	 2773.500632 	 3333.333333
   42 	 0.038296 	 2449.604614 	 3333.333333
   43 	 0.038284 	 2620.129673 	 3333.333333
   44 	 0.038296 	 2579.637739 	 3333.333333
   45 	 0.038284 	 2693.783497 	 3333.333333
   46 	 0.038254 	 2314.074181 	 3333.333333
   47 	 0.038296 	 2549.063074 	 3333.333333
   48 	 0.043584 	 2634.468177 	 3333.333333
   49 	 0.030565 	 2279.851711 	 3333.333333
 