   0 	 0.797600 	 26.117977 	 61.121100
    1 	 7.150500 	 34.160836 	 58.398900
    2 	 11.352600 	 38.058218 	 61.317900
    3 	 12.552500 	 42.139224 	 67.867000
    4 	 15.389000 	 43.925456 	 66.368500
    5 	 15.389000 	 45.758365 	 66.368500
    6 	 25.929000 	 47.560896 	 66.368500
    7 	 25.929000 	 47.360476 	 67.164600
    8 	 20.874500 	 47.754200 	 67.164600
    9 	 28.556900 	 49.427129 	 71.585900
   10 	 28.562600 	 49.748414 	 71.585900
   11 	 28.562600 	 50.701824 	 72.965100
   12 	 18.474600 	 50.578950 	 72.965100
   13 	 26.734600 	 53.820933 	 72.965100
   14 	 35.779400 	 55.420941 	 72.965100
   15 	 28.577900 	 54.180753 	 72.965100
   16 	 28.577900 	 56.687540 	 71.679000
   17 	 21.500300 	 56.540105 	 71.905400
   18 	 35.494200 	 56.412363 	 71.151500
   19 	 30.813800 	 57.733019 	 70.505400
   20 	 38.358900 	 59.239746 	 71.513400
   21 	 28.967400 	 58.626991 	 71.513400
   22 	 14.001900 	 58.460574 	 71.513400
   23 	 31.102700 	 61.237373 	 73.524300
   24 	 31.102700 	 62.177657 	 74.119500
   25 	 30.526100 	 63.402820 	 73.933900
   26 	 38.706200 	 63.764435 	 73.933900
   27 	 30.271500 	 63.491292 	 74.924300
   28 	 30.271500 	 64.061440 	 74.924300
   29 	 40.403000 	 64.938782 	 73.529900
   30 	 40.403000 	 65.267507 	 73.529900
   31 	 39.625400 	 65.868382 	 73.529900
   32 	 39.262100 	 66.851876 	 73.529900
   33 	 39.262100 	 67.332266 	 73.529900
   34 	 53.167800 	 68.043105 	 72.663000
   35 	 45.622200 	 67.862843 	 72.663000
   36 	 53.915000 	 68.433309 	 72.663000
   37 	 53.915000 	 68.469125 	 72.663000
   38 	 53.915000 	 68.174274 	 72.663000
   39 	 58.863800 	 68.113545 	 71.513400
   40 	 58.863800 	 68.320974 	 71.513400
   41 	 57.375800 	 68.127704 	 71.513400
   42 	 58.863800 	 68.510432 	 71.513400
   43 	 56.651000 	 68.279888 	 71.076600
   44 	 56.651000 	 68.377320 	 71.076600
   45 	 58.863800 	 69.033240 	 71.076600
   46 	 58.863800 	 69.531584 	 71.881400
   47 	 58.863800 	 69.456000 	 71.881400
   48 	 58.863800 	 69.369864 	 71.881400
   49 	 58.863800 	 69.488680 	 71.881400
 