   0 	 2.995800 	 26.429985 	 59.525000
    1 	 2.148200 	 31.923783 	 59.525000
    2 	 4.741400 	 35.457852 	 57.788900
    3 	 6.390500 	 38.005143 	 57.788900
    4 	 13.783400 	 42.974891 	 73.361100
    5 	 17.915700 	 43.638429 	 73.361100
    6 	 25.202100 	 46.611162 	 73.361100
    7 	 28.332300 	 49.113685 	 73.750700
    8 	 27.775500 	 51.167651 	 73.750700
    9 	 27.775500 	 53.003510 	 73.750700
   10 	 29.010600 	 55.276323 	 76.529100
   11 	 32.742600 	 56.969129 	 76.529100
   12 	 21.223500 	 57.118071 	 76.529100
   13 	 23.232200 	 57.527907 	 76.529100
   14 	 32.742600 	 59.205004 	 76.529100
   15 	 33.262600 	 58.605077 	 76.529100
   16 	 29.105100 	 60.557249 	 74.152100
   17 	 41.512100 	 61.444764 	 74.430600
   18 	 40.235300 	 61.455476 	 74.152100
   19 	 40.602600 	 61.856596 	 74.152100
   20 	 40.602600 	 63.057673 	 74.152100
   21 	 34.017000 	 64.294154 	 74.152100
   22 	 37.275300 	 67.303332 	 74.152100
   23 	 8.727400 	 68.298066 	 74.152100
   24 	 34.393100 	 68.923255 	 74.152100
   25 	 15.424100 	 69.699699 	 74.152100
   26 	 15.424100 	 70.129627 	 75.315500
   27 	 49.113900 	 71.050296 	 75.315500
   28 	 49.113900 	 71.855972 	 75.414600
   29 	 50.723500 	 71.370154 	 75.414600
   30 	 56.752200 	 72.009137 	 75.315500
   31 	 58.044300 	 72.182390 	 75.315500
   32 	 47.638700 	 71.714283 	 75.315500
   33 	 47.638700 	 71.574890 	 75.315500
   34 	 47.638700 	 71.426901 	 75.315500
   35 	 50.723500 	 71.632320 	 75.315500
   36 	 48.706700 	 71.559321 	 75.315500
   37 	 50.637100 	 72.490162 	 75.315500
   38 	 58.113000 	 72.415593 	 75.315500
   39 	 58.113000 	 72.514067 	 75.315500
   40 	 49.903500 	 71.892082 	 75.315500
   41 	 50.439500 	 72.138557 	 75.315500
   42 	 49.203500 	 70.991794 	 75.315500
   43 	 49.203500 	 71.427787 	 75.315500
   44 	 50.723500 	 72.211211 	 75.315500
   45 	 48.916300 	 72.257554 	 75.315500
   46 	 50.513100 	 72.578850 	 75.315500
   47 	 50.513100 	 72.664041 	 75.315500
   48 	 50.513100 	 71.981105 	 75.315500
   49 	 50.513100 	 72.384593 	 75.315500
 