   0 	 0.261200 	 26.673797 	 68.570500
    1 	 2.175400 	 32.875345 	 68.570500
    2 	 6.025100 	 35.559622 	 68.570500
    3 	 6.824300 	 39.265831 	 68.570500
    4 	 16.450500 	 43.226654 	 70.395200
    5 	 22.150100 	 46.418329 	 70.395200
    6 	 19.646900 	 50.190998 	 70.395200
    7 	 23.274900 	 50.913349 	 70.395200
    8 	 28.561000 	 52.191236 	 70.395200
    9 	 19.405700 	 54.460426 	 70.395200
   10 	 29.959400 	 57.175393 	 70.784100
   11 	 36.389100 	 59.204203 	 70.784100
   12 	 37.537400 	 60.004370 	 70.395200
   13 	 42.430500 	 61.156098 	 70.395200
   14 	 38.854800 	 61.692012 	 70.395200
   15 	 40.370100 	 61.819377 	 70.793600
   16 	 42.430500 	 63.068190 	 70.395200
   17 	 41.354900 	 63.329136 	 71.836100
   18 	 42.430500 	 63.149941 	 71.836100
   19 	 43.667600 	 63.155773 	 71.836100
   20 	 46.426100 	 64.269537 	 71.836100
   21 	 46.426100 	 64.012898 	 71.836100
   22 	 39.961700 	 64.054328 	 71.836100
   23 	 39.961700 	 64.039338 	 71.836100
   24 	 42.014500 	 64.958657 	 71.836100
   25 	 53.340500 	 65.526108 	 70.793600
   26 	 44.681600 	 65.340752 	 70.472000
   27 	 44.628800 	 66.063963 	 71.195200
   28 	 41.532500 	 65.233088 	 71.931200
   29 	 40.066900 	 65.735684 	 72.822100
   30 	 41.826100 	 66.141286 	 72.822100
   31 	 41.826100 	 65.340338 	 72.822100
   32 	 41.826100 	 65.942044 	 72.822100
   33 	 47.931700 	 66.516536 	 72.636900
   34 	 47.931700 	 66.904120 	 72.636900
   35 	 61.054100 	 67.260609 	 72.117200
   36 	 61.054100 	 67.041246 	 72.117200
   37 	 61.054100 	 66.877970 	 72.308900
   38 	 61.054100 	 67.055657 	 71.854400
   39 	 61.054100 	 67.101870 	 71.854400
   40 	 61.054100 	 67.492794 	 71.854400
   41 	 61.054100 	 68.113030 	 71.854400
   42 	 47.526100 	 67.999611 	 71.854400
   43 	 47.526100 	 67.830369 	 73.230900
   44 	 47.526100 	 67.699017 	 71.854400
   45 	 47.526100 	 67.451732 	 71.854400
   46 	 40.392400 	 67.582931 	 71.618100
   47 	 40.392400 	 67.625541 	 71.618100
   48 	 40.392400 	 67.558324 	 71.618100
   49 	 40.392400 	 68.017488 	 72.522000
 