   0 	 1.369000 	 26.877208 	 66.709200
    1 	 8.331800 	 34.799580 	 66.709200
    2 	 15.522600 	 40.056306 	 66.709200
    3 	 21.663400 	 44.495013 	 65.956000
    4 	 25.254500 	 47.942984 	 67.217900
    5 	 25.254500 	 51.778927 	 70.397600
    6 	 17.927000 	 50.944592 	 72.965100
    7 	 29.591000 	 51.700250 	 72.965100
    8 	 29.591000 	 51.493095 	 71.452500
    9 	 24.063800 	 51.647622 	 71.452500
   10 	 29.680900 	 52.850199 	 71.452500
   11 	 34.159800 	 55.042257 	 71.452500
   12 	 36.598200 	 55.576028 	 71.854100
   13 	 36.598200 	 55.989039 	 74.210400
   14 	 26.935800 	 56.238916 	 75.108900
   15 	 36.586400 	 57.373056 	 75.719700
   16 	 26.623400 	 57.028111 	 72.258900
   17 	 26.623400 	 59.434423 	 72.258900
   18 	 35.150900 	 60.677663 	 74.911700
   19 	 35.150900 	 60.228526 	 71.731300
   20 	 35.150900 	 61.423487 	 71.731300
   21 	 35.150900 	 63.315142 	 71.731300
   22 	 35.150900 	 64.264125 	 73.529700
   23 	 33.405600 	 64.864371 	 73.529700
   24 	 47.645600 	 66.480999 	 73.529700
   25 	 47.645600 	 67.671529 	 76.811000
   26 	 47.645600 	 67.751068 	 76.811000
   27 	 32.391600 	 66.974489 	 76.912500
   28 	 49.952100 	 67.532849 	 76.811000
   29 	 49.952100 	 68.568160 	 76.811000
   30 	 60.430900 	 69.189705 	 76.811000
   31 	 58.019300 	 69.197126 	 76.811000
   32 	 54.857700 	 69.163913 	 77.320500
   33 	 57.568600 	 68.558578 	 76.007800
   34 	 54.196000 	 68.698892 	 73.529700
   35 	 58.019300 	 68.770313 	 74.732900
   36 	 57.940000 	 68.667242 	 75.613400
   37 	 52.390500 	 69.262318 	 75.613400
   38 	 52.390500 	 68.770938 	 75.060000
   39 	 58.019300 	 69.276239 	 74.732900
   40 	 52.466400 	 69.331074 	 74.833400
   41 	 52.466400 	 69.456548 	 75.237400
   42 	 52.466400 	 69.560215 	 74.833400
   43 	 52.466400 	 69.699356 	 74.833400
   44 	 52.466400 	 69.964365 	 75.060000
   45 	 57.840900 	 70.202720 	 74.833400
   46 	 53.612000 	 70.096541 	 75.136100
   47 	 53.555300 	 70.132673 	 75.542500
   48 	 57.840900 	 70.385324 	 74.732900
   49 	 57.840900 	 70.019192 	 75.136100
 