   0 	 2.646500 	 25.292818 	 65.969000
    1 	 3.765300 	 33.590057 	 65.969000
    2 	 8.343300 	 37.686924 	 71.680600
    3 	 17.088200 	 42.006164 	 70.405100
    4 	 2.641900 	 43.662393 	 70.405100
    5 	 13.157000 	 47.511829 	 70.405100
    6 	 9.037000 	 53.094993 	 71.113300
    7 	 9.037000 	 58.157510 	 71.113300
    8 	 9.037000 	 59.262198 	 73.532900
    9 	 9.037000 	 60.188684 	 71.113300
   10 	 13.317900 	 60.638346 	 71.113300
   11 	 33.540600 	 62.795007 	 74.429000
   12 	 33.540600 	 63.392768 	 74.429000
   13 	 42.838500 	 64.401956 	 74.720900
   14 	 35.769000 	 64.362164 	 74.720900
   15 	 37.366600 	 64.040351 	 74.720900
   16 	 37.366600 	 65.670570 	 74.720900
   17 	 44.581800 	 65.211681 	 74.720900
   18 	 44.581800 	 65.886466 	 74.720900
   19 	 43.096400 	 66.299247 	 75.304100
   20 	 27.733900 	 65.434202 	 74.720900
   21 	 27.733900 	 64.206237 	 74.921700
   22 	 40.162700 	 65.873342 	 74.921700
   23 	 41.529000 	 65.535466 	 74.720900
   24 	 43.502500 	 67.052513 	 74.720900
   25 	 44.753900 	 67.461724 	 74.720900
   26 	 7.297800 	 66.054222 	 74.720900
   27 	 44.753900 	 66.759001 	 74.720900
   28 	 31.512900 	 66.721846 	 74.720900
   29 	 31.616900 	 65.566054 	 74.720900
   30 	 28.244900 	 65.048473 	 74.720900
   31 	 46.091400 	 66.807265 	 74.720900
   32 	 46.091400 	 66.976661 	 74.720900
   33 	 44.577700 	 66.593642 	 74.720900
   34 	 45.073700 	 66.784853 	 74.720900
   35 	 48.940100 	 67.058436 	 74.720900
   36 	 45.461000 	 66.995484 	 74.720900
   37 	 44.444900 	 67.670406 	 74.921700
   38 	 35.668100 	 68.956897 	 74.921700
   39 	 45.448100 	 68.953484 	 74.921700
   40 	 45.044100 	 69.448764 	 74.921700
   41 	 45.773700 	 69.906819 	 74.921700
   42 	 45.773700 	 70.634530 	 74.921700
   43 	 44.731300 	 69.572276 	 74.921700
   44 	 45.773700 	 70.040740 	 74.921700
   45 	 45.773700 	 69.128924 	 75.313700
   46 	 36.805700 	 69.072692 	 75.313700
   47 	 36.805700 	 69.164108 	 75.313700
   48 	 38.844900 	 69.564132 	 75.313700
   49 	 36.462500 	 68.680244 	 75.313700
 