   0 	 2.058400 	 24.378857 	 67.879700
    1 	 0.071600 	 30.965148 	 67.879700
    2 	 10.324500 	 37.094644 	 67.879700
    3 	 16.515300 	 42.869796 	 67.879700
    4 	 15.745800 	 48.248772 	 67.879700
    5 	 18.510600 	 51.266693 	 69.460100
    6 	 24.291000 	 51.268094 	 67.879700
    7 	 27.118100 	 55.377216 	 67.879700
    8 	 36.071000 	 57.523518 	 67.879700
    9 	 39.402100 	 59.476364 	 67.879700
   10 	 39.589700 	 61.343673 	 69.708600
   11 	 40.735400 	 61.134557 	 71.251000
   12 	 43.711700 	 60.492874 	 71.251000
   13 	 44.302100 	 60.654636 	 73.844000
   14 	 44.302100 	 61.284614 	 73.844000
   15 	 38.233300 	 61.054689 	 74.116100
   16 	 39.695200 	 62.816597 	 74.116100
   17 	 41.413800 	 63.780228 	 74.116100
   18 	 44.302100 	 66.029415 	 74.116100
   19 	 44.302100 	 65.406711 	 74.314700
   20 	 44.302100 	 66.707353 	 74.116100
   21 	 48.178000 	 66.799971 	 74.116100
   22 	 48.290000 	 67.082418 	 74.116100
   23 	 49.960000 	 68.385010 	 75.629000
   24 	 49.960000 	 68.974350 	 75.629000
   25 	 50.136400 	 69.343217 	 75.629000
   26 	 50.136400 	 69.356393 	 74.900100
   27 	 55.757600 	 70.032457 	 74.900100
   28 	 47.246400 	 69.509483 	 74.900100
   29 	 61.236900 	 69.684399 	 72.930500
   30 	 61.236900 	 69.366468 	 73.091400
   31 	 63.918900 	 69.714372 	 73.316100
   32 	 63.918900 	 69.807966 	 74.725100
   33 	 47.153300 	 69.908644 	 74.725100
   34 	 47.153300 	 69.530852 	 74.725100
   35 	 47.153300 	 70.246339 	 74.725100
   36 	 63.918900 	 70.763443 	 76.918100
   37 	 64.555600 	 71.255486 	 74.725100
   38 	 50.278600 	 70.904665 	 74.725100
   39 	 50.278600 	 71.132988 	 74.827400
   40 	 50.278600 	 71.118168 	 75.513900
   41 	 49.502600 	 71.057036 	 76.318500
   42 	 48.772100 	 70.967459 	 76.318500
   43 	 48.767400 	 70.771051 	 76.318500
   44 	 48.772100 	 70.549402 	 76.721100
   45 	 48.767400 	 71.103574 	 76.721100
   46 	 48.767400 	 71.480057 	 77.522700
   47 	 48.737000 	 71.257690 	 77.522700
   48 	 45.853700 	 71.832529 	 77.522700
   49 	 45.853700 	 71.138849 	 77.522700
 