   0 	 1.268100 	 27.536104 	 66.367700
    1 	 3.960800 	 35.731039 	 66.367700
    2 	 7.297200 	 39.066371 	 66.367700
    3 	 18.302900 	 43.658289 	 66.367700
    4 	 20.903400 	 48.384513 	 66.367700
    5 	 27.303000 	 53.144619 	 66.367700
    6 	 0.914100 	 55.203032 	 70.240600
    7 	 15.914700 	 58.940921 	 76.210400
    8 	 25.212600 	 59.966290 	 76.210400
    9 	 17.817300 	 62.597697 	 76.312100
   10 	 27.640800 	 63.373185 	 76.210400
   11 	 43.151800 	 64.030976 	 76.423800
   12 	 40.310100 	 64.832894 	 76.610400
   13 	 42.086100 	 65.777385 	 76.610400
   14 	 33.018200 	 66.470374 	 76.916100
   15 	 42.690900 	 67.680375 	 76.916100
   16 	 50.546900 	 69.073873 	 76.916100
   17 	 50.546900 	 70.239640 	 76.820600
   18 	 50.546900 	 71.204272 	 76.820600
   19 	 59.016800 	 71.706556 	 76.820600
   20 	 60.057300 	 72.499783 	 76.820600
   21 	 57.416600 	 72.393630 	 76.820600
   22 	 57.629300 	 72.649589 	 76.820600
   23 	 57.629300 	 73.137049 	 76.820600
   24 	 57.416600 	 73.445075 	 76.820600
   25 	 57.416600 	 72.911702 	 76.820600
   26 	 44.717700 	 72.585525 	 76.914900
   27 	 44.717700 	 71.128907 	 76.914900
   28 	 44.717700 	 70.478686 	 76.914900
   29 	 44.717700 	 71.759305 	 76.914900
   30 	 43.906500 	 71.840891 	 76.514900
   31 	 43.906500 	 71.998073 	 76.820600
   32 	 51.320600 	 72.382120 	 77.020200
   33 	 51.320600 	 72.864710 	 77.020200
   34 	 51.320600 	 72.093216 	 77.020200
   35 	 51.320600 	 72.437599 	 76.820600
   36 	 57.052500 	 73.521195 	 77.017400
   37 	 57.629300 	 73.480388 	 77.017400
   38 	 55.541600 	 74.248910 	 77.017400
   39 	 57.629300 	 74.687963 	 77.017400
   40 	 57.629300 	 74.781680 	 77.017400
   41 	 63.832600 	 74.936845 	 77.017400
   42 	 65.685400 	 74.886085 	 77.017400
   43 	 65.685400 	 74.745453 	 77.017400
   44 	 67.266900 	 75.010276 	 77.017400
   45 	 67.266900 	 75.050435 	 77.017400
   46 	 49.557300 	 74.800288 	 77.220600
   47 	 42.902100 	 74.567979 	 77.220600
   48 	 49.557300 	 75.136404 	 77.220600
   49 	 50.926100 	 74.602104 	 77.220600
 