   0 	 0.835600 	 24.396777 	 56.226700
    1 	 3.053300 	 31.375687 	 56.226700
    2 	 11.656200 	 36.954490 	 56.348100
    3 	 11.656200 	 42.265197 	 69.205400
    4 	 18.447200 	 43.251382 	 69.205400
    5 	 19.022100 	 45.510905 	 69.205400
    6 	 19.022100 	 47.758678 	 69.205400
    7 	 26.041300 	 51.096110 	 69.205400
    8 	 29.920400 	 51.505007 	 69.205400
    9 	 29.517300 	 52.543227 	 69.205400
   10 	 29.517300 	 52.295589 	 69.205400
   11 	 23.135400 	 51.904660 	 69.205400
   12 	 30.461400 	 54.484668 	 69.302100
   13 	 22.178200 	 55.474896 	 69.302100
   14 	 22.178200 	 58.489896 	 69.302100
   15 	 35.758200 	 59.670140 	 70.010200
   16 	 41.020300 	 61.514593 	 70.037900
   17 	 41.020300 	 62.085996 	 70.037900
   18 	 31.881800 	 62.318593 	 70.037900
   19 	 31.881800 	 64.068994 	 70.696600
   20 	 42.233100 	 63.932481 	 70.696600
   21 	 42.233100 	 64.250201 	 70.696600
   22 	 42.233100 	 66.179880 	 73.229000
   23 	 49.622600 	 67.312486 	 73.229000
   24 	 49.622600 	 67.607527 	 73.229000
   25 	 52.373900 	 68.009014 	 73.229000
   26 	 52.373900 	 67.868378 	 73.429400
   27 	 45.154700 	 67.089649 	 73.429400
   28 	 45.154700 	 67.016453 	 73.429400
   29 	 52.373900 	 67.730383 	 73.429400
   30 	 49.320600 	 68.262378 	 73.429400
   31 	 49.320600 	 68.248841 	 73.429400
   32 	 49.320600 	 67.831677 	 73.429400
   33 	 49.320600 	 67.708604 	 73.429400
   34 	 49.320600 	 67.983201 	 73.429400
   35 	 48.239000 	 68.006261 	 73.429400
   36 	 48.520600 	 67.948564 	 73.429400
   37 	 47.916300 	 68.525445 	 73.429400
   38 	 48.520600 	 68.981592 	 73.817400
   39 	 54.757900 	 68.984107 	 73.817400
   40 	 61.861400 	 69.567500 	 73.817400
   41 	 61.861400 	 69.760217 	 73.817400
   42 	 49.289400 	 69.885610 	 73.817400
   43 	 63.752600 	 70.159335 	 73.817400
   44 	 66.216600 	 70.217522 	 73.817400
   45 	 48.239000 	 69.983387 	 73.817400
   46 	 48.239000 	 69.552347 	 73.817400
   47 	 48.239000 	 69.524630 	 73.817400
   48 	 48.239000 	 69.013307 	 73.817400
   49 	 48.239000 	 69.489415 	 73.817400
 