   0 	 0.950900 	 26.088068 	 57.571300
    1 	 0.950900 	 30.788723 	 57.571300
    2 	 15.256900 	 35.338593 	 57.571300
    3 	 18.876100 	 38.547411 	 62.027000
    4 	 20.716500 	 41.881615 	 67.193100
    5 	 13.972500 	 43.551999 	 71.068100
    6 	 22.342200 	 46.357168 	 71.068100
    7 	 24.153800 	 48.854694 	 72.562500
    8 	 24.153800 	 50.395360 	 71.368600
    9 	 35.336600 	 52.654162 	 71.368600
   10 	 24.516900 	 53.420572 	 71.368600
   11 	 29.541200 	 55.019990 	 71.368600
   12 	 29.541200 	 55.806048 	 71.368600
   13 	 25.558700 	 57.993721 	 73.923300
   14 	 25.558700 	 59.463296 	 73.923300
   15 	 30.066700 	 58.933270 	 73.923300
   16 	 30.946100 	 60.214458 	 75.108900
   17 	 33.822100 	 60.192288 	 75.108900
   18 	 25.529700 	 60.394442 	 75.108900
   19 	 33.963800 	 60.465589 	 75.108900
   20 	 33.145400 	 59.917848 	 75.108900
   21 	 23.736600 	 59.129160 	 75.108900
   22 	 33.968600 	 61.291288 	 75.108900
   23 	 26.305300 	 62.268968 	 75.108900
   24 	 40.805700 	 63.855755 	 75.108900
   25 	 9.567200 	 63.262707 	 72.131300
   26 	 44.896900 	 65.039834 	 72.131300
   27 	 44.896900 	 64.101115 	 72.534100
   28 	 41.750100 	 64.841312 	 71.460500
   29 	 34.019300 	 65.675109 	 71.498600
   30 	 34.096100 	 66.800903 	 72.280300
   31 	 34.096100 	 67.799840 	 72.280300
   32 	 49.503400 	 69.448629 	 74.617000
   33 	 55.577800 	 69.762888 	 74.617000
   34 	 53.480600 	 70.187367 	 74.617000
   35 	 62.281700 	 70.460531 	 74.617000
   36 	 62.281700 	 70.472109 	 72.296600
   37 	 52.654100 	 70.023954 	 72.280300
   38 	 60.261000 	 70.523168 	 72.280300
   39 	 60.261000 	 70.376454 	 72.280300
   40 	 60.261000 	 70.395441 	 72.280300
   41 	 45.445900 	 69.452553 	 72.280300
   42 	 51.330600 	 69.856467 	 72.280300
   43 	 52.494200 	 70.040049 	 72.372200
   44 	 53.410600 	 70.147366 	 72.372200
   45 	 53.410600 	 70.374247 	 72.372200
   46 	 60.155800 	 70.579908 	 72.372200
   47 	 59.563800 	 70.504203 	 72.372200
   48 	 60.458600 	 70.664266 	 72.372200
   49 	 60.458600 	 70.627958 	 72.372200
 