   0 	 0.917000 	 26.634791 	 62.065100
    1 	 2.749400 	 36.680317 	 68.589000
    2 	 10.477700 	 43.053099 	 67.415400
    3 	 22.188200 	 49.343385 	 69.021900
    4 	 22.188200 	 51.679471 	 68.171500
    5 	 28.750900 	 54.943774 	 68.171500
    6 	 28.750900 	 57.211964 	 71.748900
    7 	 32.022800 	 57.357409 	 71.748900
    8 	 32.022800 	 56.090729 	 68.950700
    9 	 27.311800 	 56.644716 	 68.950700
   10 	 37.167800 	 58.246501 	 68.950700
   11 	 37.167800 	 60.630182 	 69.540600
   12 	 36.927500 	 61.423835 	 69.540600
   13 	 36.927500 	 61.311919 	 69.345100
   14 	 40.180600 	 61.082126 	 68.950700
   15 	 40.306100 	 61.474590 	 69.743000
   16 	 40.306100 	 60.945514 	 69.743000
   17 	 40.306100 	 61.374048 	 69.743000
   18 	 40.306100 	 61.061474 	 73.510700
   19 	 40.120500 	 60.799054 	 73.510700
   20 	 39.857700 	 62.561449 	 73.739500
   21 	 39.857700 	 64.316353 	 73.739500
   22 	 55.329700 	 64.545579 	 73.739500
   23 	 55.329700 	 64.790927 	 73.739500
   24 	 55.410200 	 65.004710 	 74.004600
   25 	 55.410200 	 65.400840 	 74.004600
   26 	 41.432100 	 65.439608 	 75.310700
   27 	 40.454100 	 65.808643 	 75.211800
   28 	 47.072300 	 66.481685 	 74.004600
   29 	 47.072300 	 66.601765 	 73.838600
   30 	 48.244100 	 66.684860 	 73.739500
   31 	 48.528600 	 67.745063 	 73.739500
   32 	 55.410200 	 68.178463 	 73.739500
   33 	 55.410200 	 68.483056 	 73.739500
   34 	 62.065100 	 68.531762 	 73.739500
   35 	 52.642200 	 68.508456 	 74.321900
   36 	 52.649000 	 69.508944 	 74.321900
   37 	 52.649000 	 69.446741 	 74.302700
   38 	 57.791500 	 69.387024 	 74.913100
   39 	 57.791500 	 69.790461 	 74.913100
   40 	 48.033900 	 68.209510 	 74.913100
   41 	 47.757400 	 68.302566 	 74.302700
   42 	 42.365400 	 68.847907 	 74.302700
   43 	 57.382200 	 68.866297 	 74.302700
   44 	 47.935000 	 68.803117 	 74.302700
   45 	 47.733400 	 68.370922 	 74.302700
   46 	 49.605100 	 68.268083 	 74.302700
   47 	 49.605100 	 68.379827 	 74.302700
   48 	 49.605100 	 69.007319 	 74.302700
   49 	 49.605100 	 68.735158 	 74.302700
 