   0 	 1.577900 	 26.268009 	 54.647400
    1 	 6.065300 	 33.579585 	 54.647400
    2 	 9.786600 	 36.757181 	 61.054500
    3 	 9.786600 	 40.798497 	 63.773700
    4 	 9.786600 	 44.322494 	 68.750700
    5 	 9.936100 	 47.016916 	 67.185900
    6 	 24.022900 	 48.416204 	 68.244600
    7 	 23.421600 	 51.224169 	 68.387400
    8 	 24.938500 	 51.705903 	 69.604100
    9 	 25.055200 	 54.222363 	 71.637900
   10 	 33.702100 	 55.868811 	 71.637900
   11 	 20.555800 	 56.871151 	 71.637900
   12 	 29.055300 	 57.245728 	 70.867500
   13 	 35.165000 	 59.234968 	 70.867500
   14 	 30.919200 	 60.275888 	 73.720100
   15 	 43.430900 	 61.792365 	 73.720100
   16 	 43.430900 	 61.173362 	 70.867500
   17 	 46.329700 	 62.468991 	 74.012200
   18 	 44.090100 	 61.001371 	 74.012200
   19 	 44.090100 	 61.253145 	 74.012200
   20 	 46.329700 	 63.151188 	 74.012200
   21 	 44.663300 	 62.085674 	 74.012200
   22 	 44.663300 	 63.100445 	 71.945100
   23 	 46.329700 	 65.205718 	 71.945100
   24 	 46.614200 	 65.107412 	 71.945100
   25 	 53.758900 	 66.691666 	 71.945100
   26 	 48.436100 	 66.594177 	 71.945100
   27 	 48.436100 	 67.077084 	 71.945100
   28 	 42.445700 	 66.644221 	 71.945100
   29 	 42.445700 	 67.008304 	 71.869600
   30 	 47.369000 	 67.737772 	 71.869600
   31 	 51.733100 	 67.633108 	 74.615400
   32 	 50.866200 	 67.865604 	 74.615400
   33 	 63.180900 	 68.419166 	 74.615400
   34 	 63.180900 	 68.389208 	 72.162100
   35 	 62.935800 	 68.588232 	 72.162100
   36 	 63.180900 	 69.233955 	 72.949700
   37 	 46.730400 	 68.583396 	 72.162100
   38 	 54.323300 	 68.431426 	 71.869600
   39 	 47.610400 	 68.387703 	 71.869600
   40 	 47.610400 	 68.462700 	 71.869600
   41 	 56.436500 	 68.850815 	 71.966900
   42 	 56.436500 	 68.519805 	 71.869600
   43 	 56.436500 	 68.147884 	 71.869600
   44 	 56.436500 	 68.587566 	 71.869600
   45 	 64.445600 	 68.899493 	 71.869600
   46 	 43.656500 	 68.925066 	 71.869600
   47 	 61.697400 	 69.038188 	 71.966900
   48 	 61.697400 	 69.117490 	 71.869600
   49 	 64.445600 	 69.035136 	 71.869600
 