   0 	 1.404600 	 25.701303 	 62.033000
    1 	 5.597100 	 35.315120 	 72.522900
    2 	 11.777900 	 42.206774 	 72.522900
    3 	 15.313100 	 45.794117 	 70.232600
    4 	 20.258100 	 48.054692 	 70.232600
    5 	 20.258100 	 50.939068 	 70.740600
    6 	 22.491000 	 51.570379 	 73.020600
    7 	 10.985400 	 53.265161 	 73.118100
    8 	 21.473400 	 54.678385 	 73.118100
    9 	 27.131400 	 58.162939 	 73.905300
   10 	 27.131400 	 58.262620 	 73.905300
   11 	 31.870100 	 59.573119 	 73.708100
   12 	 36.149700 	 61.372621 	 74.224600
   13 	 51.061400 	 62.646963 	 74.224600
   14 	 51.061400 	 63.368582 	 74.224600
   15 	 41.896900 	 63.231268 	 74.224600
   16 	 42.024600 	 63.002777 	 74.224600
   17 	 42.024600 	 62.477893 	 74.224600
   18 	 33.882200 	 63.392945 	 74.224600
   19 	 49.718200 	 65.173878 	 74.224600
   20 	 46.542800 	 66.054544 	 74.622600
   21 	 51.383400 	 65.571823 	 74.622600
   22 	 47.101300 	 65.151113 	 74.705300
   23 	 55.655300 	 65.527777 	 74.705300
   24 	 48.746900 	 65.575224 	 73.806200
   25 	 54.266100 	 66.754869 	 73.806200
   26 	 46.285900 	 66.162300 	 73.806200
   27 	 53.844600 	 67.178491 	 74.333700
   28 	 53.844600 	 67.238463 	 74.333700
   29 	 57.705900 	 67.267125 	 74.423400
   30 	 57.705900 	 67.806352 	 75.412600
   31 	 57.705900 	 67.889410 	 75.412600
   32 	 47.008600 	 67.943529 	 75.412600
   33 	 47.792500 	 68.211515 	 75.412600
   34 	 49.525100 	 69.402460 	 75.412600
   35 	 49.525100 	 69.934169 	 75.412600
   36 	 49.525100 	 70.084049 	 75.412600
   37 	 49.525100 	 70.289610 	 75.412600
   38 	 54.014900 	 70.666792 	 74.520900
   39 	 54.014900 	 71.832604 	 74.724500
   40 	 61.066100 	 71.857708 	 74.724500
   41 	 61.066100 	 71.669714 	 74.724500
   42 	 61.066100 	 71.638562 	 74.724500
   43 	 61.066100 	 72.019488 	 74.724500
   44 	 62.621300 	 72.241808 	 74.724500
   45 	 66.781300 	 72.604123 	 74.724500
   46 	 66.781300 	 72.577923 	 74.724500
   47 	 66.781300 	 72.629215 	 74.724500
   48 	 66.781300 	 72.774168 	 74.724500
   49 	 69.182600 	 72.768223 	 75.431800
 