   0 	 1.303700 	 28.366242 	 68.470200
    1 	 1.565800 	 31.829859 	 68.209700
    2 	 6.818100 	 37.890502 	 68.220200
    3 	 6.818100 	 40.068380 	 68.863400
    4 	 6.818100 	 45.885107 	 68.220200
    5 	 20.910900 	 48.311760 	 68.220200
    6 	 20.208000 	 49.281047 	 68.220200
    7 	 20.208000 	 49.407307 	 68.220200
    8 	 26.194700 	 53.386069 	 67.563300
    9 	 29.520100 	 54.393327 	 66.992400
   10 	 29.520100 	 54.906598 	 69.808400
   11 	 18.969700 	 56.738676 	 69.808400
   12 	 18.969700 	 57.024192 	 67.857000
   13 	 25.765000 	 58.659414 	 66.992400
   14 	 18.885800 	 58.908793 	 67.779600
   15 	 36.694100 	 59.362365 	 67.802000
   16 	 36.694100 	 60.334936 	 67.802000
   17 	 40.990100 	 61.252575 	 67.802000
   18 	 38.272400 	 61.427998 	 67.802000
   19 	 38.236500 	 62.529002 	 67.779600
   20 	 41.250000 	 63.450587 	 67.878400
   21 	 38.992100 	 63.669354 	 68.174400
   22 	 38.992100 	 63.523928 	 68.174400
   23 	 41.250000 	 64.245957 	 68.174400
   24 	 41.250000 	 64.155188 	 68.174400
   25 	 41.250000 	 62.750327 	 68.174400
   26 	 48.454100 	 63.839816 	 68.174400
   27 	 49.014500 	 64.075646 	 68.464400
   28 	 49.014500 	 64.581022 	 70.574400
   29 	 48.098900 	 64.738832 	 70.574400
   30 	 48.098900 	 64.512067 	 70.574400
   31 	 48.098900 	 64.864759 	 70.574400
   32 	 48.098900 	 64.712002 	 70.574400
   33 	 48.098900 	 64.884374 	 70.574400
   34 	 48.098900 	 64.364629 	 70.574400
   35 	 48.098900 	 63.880062 	 69.363200
   36 	 50.465600 	 64.105056 	 69.363200
   37 	 55.767300 	 64.518530 	 69.363200
   38 	 41.824900 	 64.764879 	 69.363200
   39 	 42.589200 	 64.644792 	 69.363200
   40 	 41.107600 	 63.519875 	 69.363200
   41 	 31.736900 	 63.239390 	 69.363200
   42 	 41.107600 	 64.219234 	 69.363200
   43 	 41.607200 	 64.253598 	 69.363200
   44 	 41.607200 	 63.591566 	 69.363200
   45 	 41.479200 	 63.720374 	 69.363200
   46 	 40.840400 	 63.291989 	 69.363200
   47 	 41.197600 	 62.763103 	 69.363200
   48 	 41.197600 	 63.581285 	 69.363200
   49 	 41.197600 	 64.802094 	 69.363200
 