   0 	 1.028600 	 25.714627 	 59.328200
    1 	 3.842200 	 30.126319 	 59.328200
    2 	 12.730000 	 35.224776 	 63.729100
    3 	 12.665300 	 38.066972 	 58.925600
    4 	 14.020500 	 42.368238 	 58.925600
    5 	 22.621100 	 43.276942 	 64.854200
    6 	 26.477300 	 44.749175 	 58.925600
    7 	 22.675300 	 46.384475 	 69.686100
    8 	 18.342800 	 47.751925 	 70.535400
    9 	 22.792900 	 50.255851 	 69.686100
   10 	 22.158600 	 50.425867 	 76.205600
   11 	 20.280000 	 52.028102 	 69.686100
   12 	 12.869000 	 51.674538 	 69.686100
   13 	 17.459400 	 53.338129 	 69.686100
   14 	 30.661200 	 55.731328 	 69.686100
   15 	 30.661200 	 54.602839 	 69.686100
   16 	 30.661200 	 56.259822 	 69.888100
   17 	 28.620100 	 55.268011 	 70.189600
   18 	 28.620100 	 55.635134 	 70.189600
   19 	 32.792900 	 56.373982 	 69.686100
   20 	 43.380400 	 56.230121 	 66.510500
   21 	 28.206200 	 55.663925 	 66.510500
   22 	 28.206200 	 55.747372 	 67.475700
   23 	 41.822100 	 56.582897 	 67.997600
   24 	 43.050800 	 56.627815 	 72.634400
   25 	 38.591300 	 56.508792 	 72.634400
   26 	 40.908100 	 57.261817 	 72.634400
   27 	 44.372400 	 58.656526 	 72.634400
   28 	 43.155300 	 58.758462 	 72.634400
   29 	 43.155300 	 58.712476 	 72.634400
   30 	 43.155300 	 60.190491 	 73.444000
   31 	 44.132400 	 61.263277 	 73.418400
   32 	 36.986600 	 61.227383 	 73.418400
   33 	 31.208900 	 61.691862 	 73.418400
   34 	 42.457700 	 62.437768 	 73.418400
   35 	 42.457700 	 63.350388 	 73.834400
   36 	 40.980000 	 62.303222 	 73.024800
   37 	 40.980000 	 62.950375 	 73.024800
   38 	 40.980000 	 62.751867 	 73.024800
   39 	 39.549600 	 64.181668 	 73.024800
   40 	 48.570100 	 64.641744 	 73.024800
   41 	 37.229600 	 63.398422 	 73.678000
   42 	 37.229600 	 63.023379 	 73.678000
   43 	 37.229600 	 64.816569 	 73.834400
   44 	 48.602400 	 65.850104 	 73.834400
   45 	 40.938400 	 65.898524 	 74.228000
   46 	 40.938400 	 67.182633 	 74.612000
   47 	 40.938400 	 68.051594 	 74.228000
   48 	 55.469700 	 68.439671 	 74.228000
   49 	 55.469700 	 68.156808 	 74.624800
 