   0 	 1.074600 	 23.994277 	 56.707300
    1 	 6.850500 	 30.959886 	 64.558800
    2 	 4.010000 	 34.861032 	 67.448800
    3 	 11.412900 	 40.474904 	 69.264800
    4 	 11.412900 	 45.526556 	 69.264800
    5 	 18.084600 	 47.140354 	 69.264800
    6 	 1.696600 	 48.663406 	 69.264800
    7 	 25.208100 	 49.724578 	 69.264800
    8 	 25.208100 	 51.859450 	 69.264800
    9 	 25.784900 	 53.569562 	 69.264800
   10 	 32.450100 	 55.969086 	 73.590900
   11 	 33.951300 	 57.992021 	 73.590900
   12 	 33.951300 	 58.992437 	 73.693200
   13 	 34.480100 	 60.314331 	 73.590900
   14 	 34.480100 	 61.478061 	 73.590900
   15 	 34.821400 	 62.738940 	 73.590900
   16 	 40.641800 	 63.351592 	 74.352500
   17 	 40.641800 	 63.734449 	 73.590900
   18 	 40.641800 	 63.330948 	 73.590900
   19 	 52.622000 	 63.902785 	 73.590900
   20 	 52.622000 	 64.414753 	 73.590900
   21 	 41.607600 	 64.059550 	 73.590900
   22 	 40.517100 	 63.133340 	 74.081200
   23 	 41.607600 	 63.190878 	 74.081200
   24 	 41.607600 	 63.229102 	 70.756000
   25 	 41.607600 	 63.732280 	 70.380000
   26 	 48.749000 	 64.742294 	 70.004000
   27 	 45.842100 	 64.511713 	 70.004000
   28 	 46.250400 	 65.071465 	 70.004000
   29 	 54.648500 	 65.439562 	 70.026400
   30 	 54.648500 	 66.049204 	 70.004000
   31 	 54.648500 	 66.296168 	 70.004000
   32 	 49.721300 	 66.545517 	 70.004000
   33 	 55.208600 	 66.627620 	 70.004000
   34 	 55.839700 	 67.218430 	 70.004000
   35 	 47.146400 	 66.846101 	 70.473700
   36 	 45.533600 	 66.566061 	 70.004000
   37 	 49.899800 	 66.689790 	 70.004000
   38 	 45.533600 	 66.426890 	 70.004000
   39 	 49.899800 	 66.861726 	 70.004000
   40 	 51.523300 	 66.134105 	 70.004000
   41 	 51.523300 	 66.298823 	 70.004000
   42 	 51.523300 	 67.036867 	 70.004000
   43 	 51.523300 	 67.362104 	 70.004000
   44 	 51.652000 	 67.628825 	 70.004000
   45 	 51.652000 	 67.987452 	 70.004000
   46 	 51.652000 	 67.685187 	 70.004000
   47 	 62.420000 	 67.338938 	 70.004000
   48 	 62.420000 	 67.902961 	 70.004000
   49 	 47.171300 	 67.744608 	 70.004000
 