   0 	 1.642100 	 25.069496 	 74.156900
    1 	 6.476200 	 36.203795 	 74.156900
    2 	 13.580600 	 40.719830 	 63.034500
    3 	 12.964500 	 43.067357 	 63.034500
    4 	 22.918600 	 46.897961 	 65.865800
    5 	 19.390100 	 47.604285 	 71.866500
    6 	 5.170900 	 48.252653 	 71.866500
    7 	 31.371500 	 51.134906 	 71.866500
    8 	 12.760400 	 53.303532 	 71.866500
    9 	 12.760400 	 55.608639 	 71.866500
   10 	 34.338900 	 57.366355 	 74.409000
   11 	 21.163800 	 56.818798 	 71.866500
   12 	 28.138500 	 57.811795 	 71.866500
   13 	 25.973000 	 58.825948 	 71.866500
   14 	 5.527400 	 57.678369 	 71.866500
   15 	 31.422900 	 60.031415 	 71.866500
   16 	 27.002500 	 60.571837 	 75.114900
   17 	 33.731400 	 60.432467 	 71.866500
   18 	 35.884100 	 61.771912 	 75.710100
   19 	 32.354100 	 63.796652 	 75.710100
   20 	 36.463400 	 63.780634 	 75.914900
   21 	 36.463400 	 64.233706 	 75.710100
   22 	 36.182800 	 63.796570 	 72.665100
   23 	 36.463400 	 63.624612 	 71.866500
   24 	 36.463400 	 64.681545 	 71.866500
   25 	 47.136900 	 66.190837 	 76.414800
   26 	 24.848000 	 65.691481 	 76.414800
   27 	 24.916100 	 66.818700 	 76.414800
   28 	 44.878500 	 68.901739 	 76.414800
   29 	 44.878500 	 69.245757 	 76.414800
   30 	 45.206100 	 69.939176 	 76.414800
   31 	 45.206100 	 69.193987 	 76.414800
   32 	 45.181100 	 69.064138 	 76.414800
   33 	 45.181100 	 68.874562 	 76.414800
   34 	 40.926500 	 68.471461 	 76.414800
   35 	 44.885000 	 68.161932 	 76.414800
   36 	 48.068200 	 69.490481 	 76.210400
   37 	 48.288900 	 70.230797 	 76.210400
   38 	 45.134600 	 69.382866 	 76.210400
   39 	 45.089000 	 69.114843 	 72.267300
   40 	 45.089000 	 69.933477 	 71.966400
   41 	 63.719400 	 70.568246 	 72.267300
   42 	 45.089000 	 70.173033 	 72.267300
   43 	 45.089000 	 69.976543 	 72.267300
   44 	 45.089000 	 70.122617 	 72.267300
   45 	 45.089000 	 70.365223 	 72.267300
   46 	 45.089000 	 70.408645 	 72.267300
   47 	 45.089000 	 71.036453 	 72.267300
   48 	 66.376100 	 71.502582 	 72.267300
   49 	 66.376100 	 71.398466 	 72.267300
 