   0 	 1.970900 	 26.023095 	 60.471400
    1 	 5.045800 	 33.257779 	 60.825800
    2 	 2.470900 	 37.832482 	 60.825800
    3 	 12.110100 	 42.061034 	 60.825800
    4 	 22.603800 	 44.603889 	 63.226600
    5 	 5.880900 	 47.091904 	 64.948100
    6 	 28.145800 	 47.903692 	 64.948100
    7 	 5.724600 	 50.314447 	 73.556900
    8 	 21.900100 	 50.428958 	 74.246200
    9 	 21.900100 	 51.911744 	 74.246200
   10 	 21.900100 	 53.041615 	 74.246200
   11 	 25.820100 	 54.403093 	 74.246200
   12 	 34.104600 	 55.997848 	 74.246200
   13 	 24.041100 	 55.157074 	 74.246200
   14 	 36.185400 	 57.020634 	 74.718500
   15 	 40.095400 	 58.564582 	 74.718500
   16 	 41.036600 	 58.457862 	 74.718500
   17 	 46.064100 	 59.221665 	 74.718500
   18 	 24.544500 	 61.217596 	 75.609800
   19 	 24.544500 	 63.528129 	 75.609800
   20 	 44.008100 	 64.062166 	 75.609800
   21 	 49.640100 	 64.716797 	 75.609800
   22 	 39.377300 	 65.319260 	 75.609800
   23 	 39.377300 	 64.974348 	 75.609800
   24 	 45.306200 	 66.269686 	 75.609800
   25 	 45.306200 	 66.678530 	 75.609800
   26 	 40.214500 	 65.924430 	 75.609800
   27 	 45.346200 	 66.686328 	 75.609800
   28 	 41.638100 	 67.773651 	 75.609800
   29 	 49.135300 	 69.335311 	 75.609800
   30 	 49.135300 	 68.632268 	 76.312100
   31 	 49.135300 	 68.611614 	 76.312100
   32 	 44.179300 	 68.538287 	 76.312100
   33 	 49.135300 	 69.824008 	 75.609800
   34 	 49.135300 	 71.297621 	 75.609800
   35 	 57.392500 	 71.061269 	 75.916100
   36 	 60.075000 	 71.741652 	 75.916100
   37 	 41.351400 	 71.194062 	 76.316100
   38 	 41.129300 	 71.399381 	 75.916100
   39 	 60.075000 	 72.147044 	 75.906500
   40 	 47.843300 	 72.306390 	 75.906500
   41 	 48.839300 	 72.633573 	 75.906500
   42 	 48.811300 	 72.031920 	 75.906500
   43 	 48.811300 	 71.987792 	 75.906500
   44 	 48.811300 	 71.800294 	 75.710100
   45 	 48.811300 	 72.371869 	 75.710100
   46 	 58.902200 	 72.748823 	 75.710100
   47 	 49.307800 	 72.601398 	 75.710100
   48 	 48.713400 	 71.866105 	 75.712500
   49 	 48.713400 	 72.199979 	 75.710100
 