   0 	 0.785000 	 24.524271 	 64.322100
    1 	 3.149300 	 30.828857 	 64.322100
    2 	 6.455000 	 37.292011 	 64.322100
    3 	 11.934100 	 43.433066 	 64.322100
    4 	 13.100100 	 49.178291 	 64.322100
    5 	 13.100100 	 51.318549 	 64.322100
    6 	 15.457700 	 52.766091 	 61.898900
    7 	 29.239600 	 53.352718 	 67.364500
    8 	 26.001300 	 53.044380 	 65.429600
    9 	 22.611300 	 52.699334 	 70.100900
   10 	 29.239600 	 53.859855 	 70.100900
   11 	 29.239600 	 55.048625 	 70.854900
   12 	 29.239600 	 56.755113 	 70.854900
   13 	 37.781100 	 56.387115 	 73.613800
   14 	 24.380600 	 57.576074 	 73.613800
   15 	 30.382200 	 58.143875 	 72.001600
   16 	 39.298700 	 59.973342 	 72.001600
   17 	 42.121100 	 61.370580 	 73.516100
   18 	 38.879400 	 61.595940 	 74.516900
   19 	 38.879400 	 62.461649 	 74.516900
   20 	 38.879400 	 63.717221 	 74.516900
   21 	 34.797800 	 63.521612 	 73.418600
   22 	 38.879400 	 63.531702 	 73.770500
   23 	 38.879400 	 63.638589 	 76.108300
   24 	 41.699600 	 63.936510 	 76.108300
   25 	 34.933300 	 64.512239 	 76.108300
   26 	 41.699600 	 64.777301 	 74.016400
   27 	 46.014200 	 67.284226 	 75.706900
   28 	 46.841000 	 67.567427 	 74.016400
   29 	 46.841000 	 66.706834 	 76.004200
   30 	 42.898100 	 66.650794 	 75.709100
   31 	 43.272500 	 67.244679 	 75.709100
   32 	 43.272500 	 67.298974 	 75.709100
   33 	 48.554600 	 66.209316 	 75.709100
   34 	 48.742600 	 66.956772 	 75.709100
   35 	 48.742600 	 66.803841 	 75.709100
   36 	 48.742600 	 66.368648 	 75.709100
   37 	 38.016200 	 65.603528 	 75.201400
   38 	 38.016200 	 65.921763 	 75.201400
   39 	 38.016200 	 67.882846 	 75.201400
   40 	 38.016200 	 67.698523 	 72.276100
   41 	 52.220900 	 68.660670 	 72.092900
   42 	 46.344100 	 67.864040 	 72.092900
   43 	 53.046500 	 68.536674 	 72.296500
   44 	 53.046500 	 68.567611 	 72.092900
   45 	 52.955200 	 69.154423 	 72.092900
   46 	 53.229700 	 68.302479 	 72.092900
   47 	 46.288100 	 67.188735 	 72.092900
   48 	 46.288100 	 67.375066 	 72.092900
   49 	 46.288100 	 67.115693 	 72.092900
 