   0 	 0.487400 	 25.657062 	 74.802200
    1 	 5.611400 	 33.079017 	 74.802200
    2 	 5.611400 	 37.689603 	 74.802200
    3 	 7.491300 	 40.308939 	 74.802200
    4 	 7.491300 	 45.653084 	 74.802200
    5 	 14.685000 	 53.001012 	 75.605400
    6 	 21.316600 	 55.647050 	 75.605400
    7 	 21.316600 	 57.893563 	 75.605400
    8 	 8.086700 	 61.067235 	 76.313100
    9 	 35.668800 	 65.684032 	 75.605400
   10 	 30.076900 	 66.488854 	 75.605400
   11 	 40.772600 	 66.784561 	 75.605400
   12 	 40.772600 	 68.074222 	 76.012600
   13 	 39.279400 	 69.456980 	 76.416600
   14 	 37.879400 	 70.743547 	 76.012600
   15 	 37.879400 	 70.754020 	 76.012600
   16 	 32.419500 	 69.621295 	 76.012600
   17 	 37.879400 	 71.270691 	 76.111300
   18 	 50.021400 	 71.582465 	 76.111300
   19 	 47.895800 	 71.820150 	 76.213400
   20 	 50.109400 	 72.131912 	 76.213400
   21 	 50.109400 	 71.692232 	 76.213400
   22 	 50.109400 	 72.104640 	 76.213400
   23 	 52.039800 	 73.338949 	 76.111300
   24 	 52.039800 	 73.303343 	 76.004600
   25 	 50.021400 	 73.023854 	 76.004600
   26 	 50.021400 	 73.290982 	 75.804600
   27 	 43.687800 	 72.603369 	 75.804600
   28 	 50.021400 	 73.005644 	 75.804600
   29 	 48.552900 	 71.821771 	 76.820600
   30 	 25.410500 	 70.927259 	 76.820600
   31 	 50.034200 	 72.164027 	 76.820600
   32 	 50.034200 	 71.763697 	 75.812600
   33 	 50.034200 	 72.193938 	 75.804600
   34 	 51.301400 	 72.430782 	 76.609400
   35 	 56.866200 	 73.187369 	 75.804600
   36 	 37.973400 	 72.511798 	 75.804600
   37 	 56.431000 	 73.121774 	 75.804600
   38 	 56.431000 	 72.944548 	 75.804600
   39 	 56.431000 	 72.657792 	 75.804600
   40 	 56.431000 	 73.360805 	 75.804600
   41 	 56.431000 	 73.342589 	 76.205400
   42 	 56.431000 	 73.561286 	 75.804600
   43 	 56.431000 	 74.061969 	 75.804600
   44 	 56.431000 	 74.032627 	 76.111300
   45 	 56.431000 	 74.256349 	 75.804600
   46 	 57.076400 	 74.136891 	 75.804600
   47 	 57.337400 	 73.882488 	 75.804600
   48 	 57.337400 	 73.732821 	 76.111300
   49 	 57.337400 	 73.921345 	 76.812600
 