   0 	 0.495000 	 23.965765 	 54.857100
    1 	 4.000000 	 30.242370 	 54.857100
    2 	 6.424200 	 35.735330 	 59.607400
    3 	 11.398900 	 39.165518 	 69.744300
    4 	 14.198600 	 41.733345 	 71.055400
    5 	 11.017900 	 46.095650 	 70.472200
    6 	 27.037000 	 48.301452 	 70.472200
    7 	 27.037000 	 49.119341 	 70.083400
    8 	 27.037000 	 49.915298 	 70.083400
    9 	 27.037000 	 51.137163 	 70.083400
   10 	 35.243400 	 52.211291 	 70.083400
   11 	 31.478600 	 53.552382 	 70.083400
   12 	 30.707300 	 54.071622 	 70.083400
   13 	 30.707300 	 54.849017 	 70.083400
   14 	 23.503000 	 54.757291 	 71.654600
   15 	 30.811400 	 55.827971 	 71.654600
   16 	 30.811400 	 56.202754 	 71.654600
   17 	 43.394500 	 57.691621 	 71.654600
   18 	 43.394500 	 58.331221 	 71.654600
   19 	 43.747400 	 57.967615 	 71.654600
   20 	 45.656100 	 57.308598 	 71.654600
   21 	 47.769300 	 58.454821 	 72.828200
   22 	 40.963400 	 59.138931 	 72.828200
   23 	 40.963400 	 60.018705 	 71.654600
   24 	 40.963400 	 61.535373 	 71.654600
   25 	 40.963400 	 61.832063 	 72.532100
   26 	 34.898600 	 60.905587 	 72.055400
   27 	 34.898600 	 62.506991 	 74.030600
   28 	 40.752200 	 64.135994 	 72.239000
   29 	 39.459400 	 64.290809 	 72.239000
   30 	 38.930900 	 64.663711 	 72.239000
   31 	 38.930900 	 65.521978 	 72.239000
   32 	 42.085100 	 67.084314 	 72.443400
   33 	 40.665800 	 66.984246 	 72.443400
   34 	 45.399700 	 67.801949 	 72.443400
   35 	 41.858900 	 67.406951 	 72.443400
   36 	 25.984200 	 67.218298 	 72.443400
   37 	 39.459400 	 66.958932 	 73.526100
   38 	 39.459400 	 66.962636 	 74.027400
   39 	 30.649100 	 67.483199 	 73.626600
   40 	 34.002700 	 68.281164 	 73.626600
   41 	 48.313100 	 68.966341 	 73.329100
   42 	 55.954400 	 69.361628 	 73.710500
   43 	 55.954400 	 69.581974 	 73.710500
   44 	 55.954400 	 69.287003 	 73.710500
   45 	 55.954400 	 69.175970 	 73.710500
   46 	 47.990100 	 69.363640 	 72.055400
   47 	 55.954400 	 69.470380 	 72.055400
   48 	 55.954400 	 69.182598 	 73.526100
   49 	 56.054100 	 69.952536 	 73.526100
 