   0 	 1.135500 	 25.030584 	 58.325400
    1 	 3.004800 	 32.275302 	 64.718200
    2 	 10.582400 	 37.640154 	 64.718200
    3 	 10.954700 	 42.529605 	 64.718200
    4 	 10.230600 	 43.745948 	 64.718200
    5 	 25.796300 	 45.921954 	 64.718200
    6 	 17.701400 	 47.339344 	 65.700400
    7 	 17.701400 	 47.827422 	 70.226900
    8 	 25.467500 	 49.385568 	 64.653800
    9 	 25.467500 	 51.852433 	 63.878900
   10 	 27.879500 	 53.499167 	 69.287400
   11 	 27.879500 	 55.137522 	 68.516900
   12 	 27.879500 	 57.706369 	 68.516900
   13 	 40.173900 	 59.033745 	 68.516900
   14 	 37.910900 	 58.063014 	 67.998600
   15 	 38.710500 	 58.424679 	 68.378900
   16 	 38.710500 	 58.777494 	 68.150600
   17 	 38.710500 	 59.322998 	 68.707400
   18 	 38.710500 	 59.749677 	 67.998600
   19 	 38.710500 	 59.800869 	 67.998600
   20 	 38.710500 	 59.732554 	 65.949000
   21 	 38.630600 	 58.835607 	 66.159400
   22 	 38.710500 	 59.981153 	 66.979700
   23 	 38.710500 	 59.978356 	 66.159400
   24 	 47.312100 	 60.214391 	 67.099500
   25 	 47.825300 	 60.574493 	 67.099500
   26 	 47.825300 	 60.559995 	 67.099500
   27 	 39.365000 	 60.345211 	 67.099500
   28 	 39.365000 	 60.440433 	 67.099500
   29 	 37.914900 	 60.933713 	 68.779400
   30 	 38.025300 	 61.202048 	 67.099500
   31 	 38.025300 	 60.132117 	 66.198900
   32 	 39.725300 	 60.900910 	 66.198900
   33 	 38.250900 	 61.438182 	 66.994700
   34 	 38.250900 	 61.609800 	 66.994700
   35 	 38.250900 	 61.926463 	 66.994700
   36 	 51.259400 	 62.814872 	 66.994700
   37 	 51.259400 	 63.053551 	 66.994700
   38 	 51.259400 	 63.230867 	 67.078200
   39 	 58.340200 	 63.461889 	 67.078200
   40 	 58.340200 	 63.509535 	 67.078200
   41 	 60.086900 	 63.741042 	 67.078200
   42 	 61.432300 	 64.146780 	 67.078200
   43 	 61.341800 	 64.307448 	 67.078200
   44 	 61.432300 	 65.030319 	 67.078200
   45 	 61.536200 	 65.170883 	 67.078200
   46 	 61.536200 	 65.256061 	 67.078200
   47 	 61.536200 	 65.380241 	 67.078200
   48 	 61.536200 	 65.224349 	 67.078200
   49 	 61.536200 	 65.260902 	 67.078200
 