   0 	 0.645100 	 24.827680 	 56.830600
    1 	 5.459000 	 32.279704 	 56.830600
    2 	 6.147000 	 36.349270 	 58.428500
    3 	 14.532100 	 38.378138 	 58.428500
    4 	 12.483000 	 42.033116 	 58.674600
    5 	 3.813900 	 44.877039 	 71.201900
    6 	 17.394100 	 46.987429 	 71.201900
    7 	 8.984600 	 46.994775 	 68.279300
    8 	 11.489000 	 47.571269 	 68.279300
    9 	 33.696200 	 49.944762 	 68.901000
   10 	 13.468200 	 50.489665 	 68.279300
   11 	 23.406500 	 50.060596 	 66.172200
   12 	 29.280200 	 51.633124 	 66.319300
   13 	 19.666500 	 51.701008 	 66.319300
   14 	 29.280200 	 53.258245 	 66.319300
   15 	 33.041000 	 53.607767 	 66.319300
   16 	 25.993400 	 52.712265 	 67.176900
   17 	 34.439000 	 53.811176 	 68.569700
   18 	 26.247000 	 52.755762 	 65.097000
   19 	 31.077700 	 54.237457 	 64.795700
   20 	 39.500100 	 54.514142 	 69.695000
   21 	 22.677600 	 53.382160 	 62.266500
   22 	 44.857300 	 53.455238 	 65.158100
   23 	 38.348100 	 53.944825 	 64.016400
   24 	 32.573000 	 53.512217 	 68.909400
   25 	 28.627600 	 53.345238 	 65.753400
   26 	 28.984000 	 54.947444 	 64.745400
   27 	 24.909400 	 55.786663 	 67.228100
   28 	 34.690500 	 55.799993 	 67.407300
   29 	 28.618200 	 55.463433 	 67.407300
   30 	 32.342900 	 57.212436 	 67.228100
   31 	 31.123400 	 57.377115 	 67.228100
   32 	 37.929400 	 57.963091 	 67.228100
   33 	 28.074800 	 59.171649 	 67.228100
   34 	 40.321700 	 61.119450 	 69.618500
   35 	 51.692500 	 61.643542 	 67.228100
   36 	 44.976900 	 61.611271 	 67.228100
   37 	 39.739000 	 61.226125 	 67.228100
   38 	 33.287600 	 61.228612 	 67.228100
   39 	 40.948400 	 61.470263 	 68.808900
   40 	 37.193700 	 60.880584 	 68.808900
   41 	 40.574000 	 61.164898 	 68.808900
   42 	 34.690500 	 61.766622 	 68.808900
   43 	 40.574000 	 62.407512 	 68.808900
   44 	 39.224100 	 62.114731 	 68.808900
   45 	 39.224100 	 63.133419 	 68.909400
   46 	 55.560900 	 63.628077 	 69.419300
   47 	 46.863300 	 63.826335 	 69.419300
   48 	 47.300900 	 64.347617 	 69.419300
   49 	 47.300900 	 64.536013 	 69.419300
 