   0 	 1.145100 	 24.870929 	 59.238500
    1 	 4.468800 	 33.449139 	 58.570600
    2 	 13.911800 	 38.740634 	 58.570600
    3 	 12.393800 	 39.972518 	 64.234100
    4 	 20.645700 	 44.514000 	 71.288600
    5 	 24.904600 	 47.509199 	 71.288600
    6 	 19.837700 	 50.784945 	 71.288600
    7 	 19.837700 	 53.415143 	 71.288600
    8 	 19.837700 	 54.833648 	 71.288600
    9 	 27.440900 	 56.036319 	 71.288600
   10 	 31.320600 	 57.254839 	 71.288600
   11 	 39.839000 	 59.409432 	 71.288600
   12 	 33.615000 	 60.739003 	 72.106200
   13 	 25.928600 	 62.777782 	 72.577300
   14 	 25.928600 	 64.962690 	 72.106200
   15 	 43.673900 	 65.223158 	 72.106200
   16 	 46.131800 	 67.436325 	 72.895000
   17 	 46.131800 	 67.327730 	 72.895000
   18 	 48.033400 	 68.885917 	 72.895000
   19 	 48.033400 	 68.046738 	 73.602500
   20 	 48.975300 	 68.845241 	 73.602500
   21 	 49.584100 	 68.944731 	 73.602500
   22 	 55.515000 	 69.613659 	 73.818200
   23 	 55.890200 	 69.563340 	 73.818200
   24 	 44.023400 	 69.049057 	 73.602500
   25 	 44.023400 	 69.159525 	 73.602500
   26 	 44.023400 	 69.722623 	 73.602500
   27 	 55.890200 	 70.330928 	 73.602500
   28 	 49.736900 	 69.934436 	 73.602500
   29 	 54.485700 	 69.748541 	 73.602500
   30 	 54.485700 	 69.554592 	 72.090200
   31 	 54.485700 	 69.160647 	 72.800900
   32 	 54.485700 	 69.163309 	 72.800900
   33 	 54.485700 	 69.367098 	 71.989300
   34 	 54.485700 	 69.475634 	 71.989300
   35 	 54.485700 	 70.090011 	 71.989300
   36 	 54.485700 	 70.419643 	 71.989300
   37 	 54.485700 	 70.554419 	 71.989300
   38 	 54.485700 	 70.930572 	 71.989300
   39 	 54.485700 	 70.870343 	 71.989300
   40 	 68.651700 	 71.015048 	 71.989300
   41 	 68.651700 	 71.173436 	 71.989300
   42 	 68.651700 	 71.088657 	 71.989300
   43 	 63.716100 	 71.010607 	 71.989300
   44 	 68.651700 	 71.112249 	 71.989300
   45 	 68.651700 	 71.130660 	 71.996100
   46 	 68.651700 	 71.076386 	 71.996100
   47 	 68.651700 	 70.985829 	 71.989300
   48 	 68.651700 	 70.832063 	 71.989300
   49 	 68.555600 	 70.913616 	 71.989300
 