   0 	 1.992200 	 26.168931 	 55.801100
    1 	 4.570900 	 32.419659 	 55.801100
    2 	 12.294900 	 38.935264 	 63.908500
    3 	 10.168600 	 39.670919 	 58.974200
    4 	 19.577000 	 43.182038 	 58.974200
    5 	 22.352900 	 45.163008 	 58.974200
    6 	 23.762000 	 46.309918 	 58.974200
    7 	 25.947600 	 48.661539 	 69.550600
    8 	 25.947600 	 48.054090 	 70.627500
    9 	 25.947600 	 49.424019 	 70.627500
   10 	 25.472500 	 48.986279 	 69.903300
   11 	 25.472500 	 50.023511 	 69.903300
   12 	 22.262600 	 50.714931 	 69.903300
   13 	 22.262600 	 51.736335 	 72.814900
   14 	 30.819600 	 51.645560 	 68.997200
   15 	 30.782200 	 53.672914 	 67.544500
   16 	 35.314900 	 53.999769 	 67.608600
   17 	 36.643400 	 55.030515 	 70.606700
   18 	 36.643400 	 56.521144 	 70.705000
   19 	 38.369600 	 56.939414 	 70.606700
   20 	 38.369600 	 57.380573 	 70.606700
   21 	 37.582100 	 57.356052 	 70.700600
   22 	 32.430900 	 58.678399 	 70.606700
   23 	 18.407400 	 59.845753 	 70.606700
   24 	 18.407400 	 59.996380 	 73.512900
   25 	 25.106600 	 61.008685 	 73.512900
   26 	 25.106600 	 61.853826 	 73.512900
   27 	 25.106600 	 63.486628 	 73.512900
   28 	 25.106600 	 63.808191 	 73.512900
   29 	 35.877900 	 65.451622 	 73.512900
   30 	 40.002600 	 66.995600 	 73.512900
   31 	 47.466100 	 67.879544 	 73.512900
   32 	 47.251600 	 68.045414 	 73.512900
   33 	 53.039300 	 68.269867 	 73.512900
   34 	 58.682900 	 68.690403 	 73.512900
   35 	 55.821400 	 68.680268 	 73.512900
   36 	 55.821400 	 68.666656 	 73.512900
   37 	 55.821400 	 68.959128 	 73.512900
   38 	 58.682900 	 69.389632 	 73.512900
   39 	 58.793900 	 69.619126 	 73.512900
   40 	 58.793900 	 69.416419 	 72.732100
   41 	 58.793900 	 69.512082 	 72.732100
   42 	 58.793900 	 69.373462 	 71.264200
   43 	 59.035500 	 69.516288 	 70.705000
   44 	 58.962600 	 69.376162 	 70.705000
   45 	 58.962600 	 69.327710 	 70.705000
   46 	 58.671300 	 69.178504 	 70.705000
   47 	 58.671300 	 69.568187 	 70.705000
   48 	 58.671300 	 69.719961 	 70.972300
   49 	 58.671300 	 69.841737 	 71.069800
 