   0 	 1.186600 	 28.385565 	 62.239800
    1 	 8.346400 	 35.697533 	 62.239800
    2 	 8.346400 	 38.730172 	 62.239800
    3 	 13.494500 	 41.222834 	 62.239800
    4 	 17.204300 	 42.057740 	 62.239800
    5 	 22.863300 	 44.439247 	 63.269800
    6 	 22.003500 	 46.929294 	 65.401400
    7 	 22.003500 	 47.071675 	 65.401400
    8 	 14.337400 	 47.350831 	 69.351400
    9 	 23.720600 	 50.748752 	 69.629000
   10 	 22.953600 	 50.437221 	 71.155000
   11 	 28.434500 	 51.353940 	 71.544600
   12 	 30.368600 	 52.388790 	 71.544600
   13 	 24.269400 	 52.167911 	 71.544600
   14 	 24.269400 	 53.643382 	 71.544600
   15 	 24.269400 	 54.940098 	 71.937400
   16 	 37.555000 	 57.528338 	 71.937400
   17 	 37.555000 	 58.567879 	 72.648600
   18 	 28.179500 	 59.786507 	 75.810200
   19 	 41.942200 	 61.418326 	 75.810200
   20 	 38.210100 	 61.578912 	 75.810200
   21 	 38.319000 	 61.906455 	 75.302700
   22 	 41.952600 	 62.334037 	 72.211500
   23 	 40.929700 	 63.428405 	 72.211500
   24 	 43.553700 	 64.205129 	 72.148300
   25 	 42.472300 	 64.069767 	 72.148300
   26 	 42.472300 	 64.176873 	 72.148300
   27 	 41.665800 	 64.837592 	 72.211500
   28 	 39.209800 	 64.677388 	 72.211500
   29 	 39.283500 	 63.893464 	 75.302700
   30 	 32.307800 	 64.277826 	 75.302700
   31 	 39.973100 	 64.278785 	 75.302700
   32 	 30.372600 	 65.696359 	 75.302700
   33 	 43.654700 	 66.710511 	 75.302700
   34 	 50.766700 	 67.197957 	 73.738700
   35 	 52.425900 	 66.879933 	 73.738700
   36 	 52.425900 	 67.321686 	 74.546700
   37 	 52.425900 	 67.085049 	 74.546700
   38 	 40.336600 	 66.009291 	 73.738700
   39 	 41.302700 	 65.644359 	 74.314700
   40 	 41.302700 	 64.733282 	 74.314700
   41 	 41.302700 	 64.886903 	 74.439000
   42 	 45.305100 	 66.334860 	 74.439000
   43 	 29.806700 	 66.571553 	 75.905100
   44 	 31.978700 	 66.564513 	 74.439000
   45 	 31.978700 	 68.223801 	 74.439000
   46 	 52.870600 	 68.927585 	 74.439000
   47 	 51.015800 	 68.846937 	 74.412600
   48 	 53.412200 	 68.739639 	 74.412600
   49 	 55.778600 	 69.221795 	 74.412600
 