   0 	 1.126900 	 27.485927 	 64.290600
    1 	 9.779700 	 32.573878 	 64.290600
    2 	 9.888500 	 34.429630 	 62.702000
    3 	 9.888500 	 38.042998 	 64.296300
    4 	 8.465900 	 40.052300 	 64.296300
    5 	 3.289800 	 44.979430 	 64.296300
    6 	 23.163500 	 46.899235 	 67.813400
    7 	 18.031400 	 47.238660 	 64.296300
    8 	 23.163500 	 47.821739 	 72.548900
    9 	 23.339300 	 48.264524 	 72.548900
   10 	 14.382100 	 48.788944 	 72.548900
   11 	 14.382100 	 51.349829 	 72.548900
   12 	 20.137400 	 53.374577 	 72.548900
   13 	 20.137400 	 54.008201 	 72.548900
   14 	 20.137400 	 55.277241 	 72.548900
   15 	 34.170500 	 56.138892 	 72.483000
   16 	 35.919500 	 56.649646 	 68.740300
   17 	 33.463800 	 57.398895 	 68.740300
   18 	 33.463800 	 59.425494 	 68.740300
   19 	 33.739000 	 60.039782 	 72.727500
   20 	 43.035000 	 60.459474 	 72.656900
   21 	 36.616900 	 61.074106 	 72.656900
   22 	 30.522200 	 62.636880 	 73.002500
   23 	 29.390000 	 62.104191 	 73.227000
   24 	 31.549400 	 63.922641 	 75.644600
   25 	 41.885400 	 65.206957 	 73.227000
   26 	 41.885400 	 64.597982 	 73.428600
   27 	 41.885400 	 65.481252 	 74.065400
   28 	 38.247600 	 65.674063 	 72.656900
   29 	 36.587000 	 65.484117 	 75.518900
   30 	 46.792900 	 66.062737 	 73.415800
   31 	 46.792900 	 65.543138 	 74.038200
   32 	 22.880900 	 66.064875 	 74.038200
   33 	 45.064900 	 66.154481 	 74.038200
   34 	 45.068600 	 67.126647 	 74.122100
   35 	 43.587000 	 67.519208 	 74.122100
   36 	 43.587000 	 68.230848 	 75.517100
   37 	 43.587000 	 68.481760 	 75.517100
   38 	 45.068600 	 68.932523 	 75.542700
   39 	 48.939500 	 69.091733 	 75.517100
   40 	 50.786500 	 68.959597 	 75.542700
   41 	 50.786500 	 68.513375 	 75.542700
   42 	 50.786500 	 68.963779 	 75.717900
   43 	 51.939700 	 69.416141 	 77.321100
   44 	 51.939700 	 69.422449 	 77.321100
   45 	 51.082100 	 69.754267 	 77.321100
   46 	 58.834100 	 69.963425 	 77.321100
   47 	 63.018600 	 70.486329 	 77.321100
   48 	 62.959800 	 70.271751 	 77.220600
   49 	 62.959800 	 70.690050 	 77.220600
 