   0 	 2.287500 	 26.738105 	 60.625400
    1 	 8.008600 	 34.197040 	 58.082900
    2 	 11.706900 	 38.001164 	 70.086600
    3 	 15.867300 	 42.280295 	 70.086600
    4 	 28.264400 	 47.256873 	 70.086600
    5 	 28.264400 	 49.148570 	 72.934700
    6 	 28.167000 	 52.028538 	 72.934700
    7 	 14.398200 	 55.121880 	 72.934700
    8 	 31.851300 	 56.719627 	 72.934700
    9 	 33.811700 	 58.201677 	 72.934700
   10 	 34.913100 	 58.973218 	 72.934700
   11 	 34.913100 	 60.873104 	 72.934700
   12 	 34.837100 	 61.175220 	 72.934700
   13 	 34.913100 	 61.498126 	 72.934700
   14 	 34.913100 	 62.325192 	 72.934700
   15 	 34.913100 	 63.067121 	 72.934700
   16 	 47.717900 	 64.177154 	 71.057800
   17 	 39.665900 	 64.359570 	 72.231000
   18 	 55.217400 	 64.771425 	 72.741900
   19 	 48.275500 	 64.418933 	 72.741900
   20 	 54.220300 	 65.428416 	 73.027800
   21 	 48.494400 	 65.745533 	 72.741900
   22 	 54.220300 	 66.122686 	 72.741900
   23 	 48.196300 	 66.357125 	 72.741900
   24 	 35.609100 	 65.433856 	 72.741900
   25 	 44.191500 	 65.715702 	 72.741900
   26 	 32.975000 	 66.131421 	 72.521900
   27 	 32.975000 	 64.611294 	 74.125100
   28 	 32.975000 	 64.670524 	 72.619800
   29 	 44.197100 	 63.996409 	 73.128300
   30 	 38.147400 	 63.200899 	 72.521900
   31 	 42.725900 	 63.336197 	 72.521900
   32 	 41.405900 	 63.805812 	 74.125100
   33 	 44.902700 	 65.128863 	 74.125100
   34 	 48.166700 	 65.824582 	 74.505100
   35 	 48.587800 	 66.528141 	 74.505100
   36 	 52.207500 	 67.116685 	 75.013400
   37 	 47.859800 	 67.005726 	 75.013400
   38 	 47.880300 	 67.652192 	 75.013400
   39 	 47.880300 	 67.761818 	 75.013400
   40 	 47.880300 	 68.972442 	 75.013400
   41 	 47.848300 	 68.747226 	 75.013400
   42 	 47.880300 	 69.445481 	 75.013400
   43 	 45.673900 	 70.781145 	 75.309900
   44 	 53.461100 	 71.221719 	 75.309900
   45 	 48.849400 	 71.339909 	 75.309900
   46 	 48.849400 	 71.517428 	 75.113100
   47 	 54.341900 	 71.638130 	 75.113100
   48 	 63.095000 	 71.834394 	 75.816600
   49 	 65.245400 	 72.476888 	 75.113100
 