   0 	 4.145000 	 25.194188 	 58.386600
    1 	 5.291700 	 31.422820 	 58.386600
    2 	 1.441800 	 36.203566 	 65.053700
    3 	 1.441800 	 38.431217 	 65.053700
    4 	 3.930200 	 41.026756 	 67.511300
    5 	 15.013100 	 43.160408 	 70.625900
    6 	 22.300500 	 47.122522 	 70.625900
    7 	 20.215500 	 48.332396 	 70.625900
    8 	 20.588300 	 49.440092 	 70.625900
    9 	 20.588300 	 51.264600 	 67.613000
   10 	 20.588300 	 53.472005 	 67.613000
   11 	 31.208200 	 55.746005 	 67.832900
   12 	 31.208200 	 56.792066 	 73.142600
   13 	 30.434600 	 57.668091 	 76.112900
   14 	 36.179000 	 58.512564 	 77.725700
   15 	 36.179000 	 57.723022 	 73.744900
   16 	 36.179000 	 58.917186 	 73.744900
   17 	 36.157400 	 61.100041 	 73.040900
   18 	 30.926600 	 59.594885 	 73.040900
   19 	 35.415000 	 59.706505 	 73.040900
   20 	 43.309800 	 61.461508 	 74.910500
   21 	 44.677800 	 61.780692 	 74.910500
   22 	 26.532900 	 62.289459 	 74.910500
   23 	 43.495800 	 63.351896 	 74.910500
   24 	 44.677800 	 64.227480 	 74.910500
   25 	 51.300900 	 64.699964 	 74.910500
   26 	 51.300900 	 64.124277 	 74.910500
   27 	 51.300900 	 64.595426 	 74.910500
   28 	 51.300900 	 64.028484 	 74.910500
   29 	 51.300900 	 63.631649 	 74.516100
   30 	 50.948900 	 62.723735 	 74.516100
   31 	 50.948900 	 63.125630 	 76.112900
   32 	 50.948900 	 63.723504 	 76.112900
   33 	 52.461800 	 64.222106 	 76.112900
   34 	 52.461800 	 65.397712 	 76.112900
   35 	 52.461800 	 66.739939 	 76.112900
   36 	 39.261700 	 67.399587 	 76.112900
   37 	 39.261700 	 68.638273 	 76.214600
   38 	 39.261700 	 69.276844 	 76.214600
   39 	 39.261700 	 68.740918 	 76.214600
   40 	 50.465000 	 69.642515 	 76.214600
   41 	 50.465000 	 69.397686 	 76.214600
   42 	 52.522500 	 69.417127 	 76.214600
   43 	 51.754500 	 70.440715 	 76.214600
   44 	 50.977000 	 70.552137 	 76.520100
   45 	 50.769800 	 70.563012 	 76.520100
   46 	 47.512100 	 70.749218 	 76.520100
   47 	 47.512100 	 71.996549 	 76.621800
   48 	 51.280900 	 73.071730 	 76.621800
   49 	 58.270500 	 73.291664 	 76.621800
 