   0 	 2.281000 	 26.358752 	 68.829400
    1 	 0.863000 	 33.659757 	 68.829400
    2 	 12.107700 	 37.096267 	 68.829400
    3 	 12.107700 	 41.693522 	 68.829400
    4 	 14.540100 	 43.696906 	 68.829400
    5 	 18.580100 	 48.104944 	 68.829400
    6 	 18.580100 	 51.382296 	 68.829400
    7 	 24.517400 	 54.566386 	 70.362200
    8 	 25.437000 	 57.490071 	 70.362200
    9 	 22.904200 	 59.529739 	 70.362200
   10 	 37.901100 	 60.863729 	 71.691400
   11 	 37.901100 	 62.435534 	 71.691400
   12 	 45.052600 	 63.995667 	 71.785700
   13 	 45.052600 	 62.874239 	 71.946200
   14 	 43.263700 	 64.303740 	 71.946200
   15 	 43.263700 	 64.323402 	 73.495000
   16 	 43.263700 	 65.488169 	 73.495000
   17 	 50.346900 	 66.194647 	 73.495000
   18 	 43.817100 	 66.165195 	 73.495000
   19 	 43.817100 	 66.517289 	 73.495000
   20 	 43.817100 	 66.329386 	 73.495000
   21 	 46.936600 	 66.504065 	 73.495000
   22 	 51.545100 	 67.080162 	 73.495000
   23 	 48.759000 	 67.029280 	 73.495000
   24 	 62.847000 	 67.137219 	 73.495000
   25 	 62.847000 	 67.160471 	 73.495000
   26 	 62.061400 	 67.206850 	 73.495000
   27 	 62.061400 	 67.536372 	 71.487800
   28 	 47.735000 	 67.536702 	 71.487800
   29 	 51.728600 	 67.914261 	 68.923700
   30 	 62.847000 	 68.050639 	 68.923700
   31 	 57.591000 	 68.033373 	 68.923700
   32 	 57.591000 	 68.100161 	 68.923700
   33 	 63.645400 	 68.189528 	 68.923700
   34 	 63.645400 	 68.253235 	 69.640600
   35 	 47.735000 	 68.020898 	 69.640600
   36 	 47.735000 	 68.127625 	 71.982900
   37 	 65.522200 	 68.443896 	 71.982900
   38 	 65.522200 	 68.570444 	 71.982900
   39 	 46.936600 	 67.977618 	 71.982900
   40 	 46.936600 	 68.209565 	 71.982900
   41 	 56.050200 	 68.455665 	 71.982900
   42 	 58.640600 	 68.607215 	 71.982900
   43 	 58.640600 	 68.810140 	 71.982900
   44 	 58.640600 	 68.781238 	 71.982900
   45 	 58.640600 	 68.839549 	 71.982900
   46 	 58.640600 	 69.142532 	 71.982900
   47 	 58.640600 	 69.312764 	 71.982900
   48 	 58.640600 	 69.330949 	 71.982900
   49 	 58.640600 	 69.305733 	 71.982900
 