   0 	 2.406500 	 29.107785 	 74.046200
    1 	 12.269700 	 36.494012 	 74.046200
    2 	 12.269700 	 43.269563 	 74.239000
    3 	 12.269700 	 46.231724 	 74.239000
    4 	 6.729400 	 48.725820 	 74.239000
    5 	 24.311300 	 51.092822 	 74.239000
    6 	 11.819700 	 52.922404 	 74.239000
    7 	 11.819700 	 56.053438 	 74.239000
    8 	 22.712600 	 57.994213 	 74.539300
    9 	 22.712600 	 57.917404 	 74.639800
   10 	 26.387300 	 57.433185 	 74.639800
   11 	 26.387300 	 61.138712 	 76.011800
   12 	 26.201900 	 62.313035 	 76.011800
   13 	 33.995400 	 63.425561 	 76.011800
   14 	 40.809000 	 66.750765 	 76.011800
   15 	 41.493800 	 68.313451 	 76.011800
   16 	 43.071400 	 68.353875 	 76.615000
   17 	 41.688200 	 68.959530 	 76.615000
   18 	 41.688200 	 69.164818 	 76.615000
   19 	 21.909800 	 67.819969 	 76.615000
   20 	 41.688200 	 68.917490 	 75.145300
   21 	 48.501900 	 69.811731 	 75.713100
   22 	 48.501900 	 70.487005 	 75.145300
   23 	 42.877100 	 70.871696 	 76.136300
   24 	 48.501900 	 71.640012 	 76.136300
   25 	 49.861400 	 71.369837 	 76.136300
   26 	 49.861400 	 70.904033 	 76.136300
   27 	 49.861400 	 70.798987 	 76.136300
   28 	 50.841300 	 71.626168 	 76.136300
   29 	 39.685400 	 71.856282 	 76.136300
   30 	 44.573300 	 71.525818 	 76.136300
   31 	 44.573300 	 70.874570 	 76.136300
   32 	 42.756900 	 71.680574 	 76.136300
   33 	 42.756900 	 71.662175 	 76.136300
   34 	 42.756900 	 72.094810 	 76.136300
   35 	 57.349400 	 71.831150 	 76.136300
   36 	 57.349400 	 72.083939 	 75.451000
   37 	 49.355800 	 71.783235 	 75.451000
   38 	 48.229400 	 71.820101 	 75.451000
   39 	 47.142500 	 72.119434 	 75.451000
   40 	 47.142500 	 71.993772 	 75.451000
   41 	 47.827400 	 71.967006 	 75.451000
   42 	 47.845400 	 72.265574 	 75.451000
   43 	 45.538900 	 72.043984 	 75.451000
   44 	 46.447400 	 72.144268 	 75.636200
   45 	 47.845400 	 72.359745 	 75.636200
   46 	 47.845400 	 71.329433 	 75.636200
   47 	 47.634200 	 71.847513 	 75.451000
   48 	 47.845400 	 71.773230 	 75.451000
   49 	 47.845400 	 72.714824 	 75.451000
 