   0 	 -25.000000 	 -16.300000 	 -10.000000
    1 	 -20.000000 	 -10.350000 	 -10.000000
    2 	 -20.000000 	 -10.250000 	 -10.000000
    3 	 -20.000000 	 -10.350000 	 -10.000000
    4 	 -10.000000 	 -10.000000 	 -10.000000
    5 	 -15.000000 	 -10.150000 	 -10.000000
    6 	 -20.000000 	 -10.200000 	 -10.000000
    7 	 -15.000000 	 -10.100000 	 -10.000000
    8 	 -20.000000 	 -10.250000 	 -10.000000
    9 	 -15.000000 	 -10.100000 	 -10.000000
   10 	 -20.000000 	 -10.250000 	 -10.000000
   11 	 -20.000000 	 -10.300000 	 -10.000000
   12 	 -20.000000 	 -10.250000 	 -10.000000
   13 	 -15.000000 	 -10.100000 	 -10.000000
   14 	 -15.000000 	 -10.150000 	 -10.000000
   15 	 -20.000000 	 -10.200000 	 -10.000000
   16 	 -20.000000 	 -10.200000 	 -10.000000
   17 	 -10.000000 	 -10.000000 	 -10.000000
   18 	 -20.000000 	 -10.250000 	 -10.000000
   19 	 -20.000000 	 -10.400000 	 -10.000000
   20 	 -20.000000 	 -10.300000 	 -10.000000
   21 	 -20.000000 	 -10.200000 	 -10.000000
   22 	 -20.000000 	 -10.200000 	 -10.000000
   23 	 -20.000000 	 -10.300000 	 -10.000000
   24 	 -15.000000 	 -10.050000 	 -10.000000
   25 	 -15.000000 	 -10.050000 	 -10.000000
   26 	 -15.000000 	 -10.200000 	 -10.000000
   27 	 -20.000000 	 -10.250000 	 -10.000000
   28 	 -20.000000 	 -10.350000 	 -10.000000
   29 	 -15.000000 	 -10.100000 	 -10.000000
   30 	 -20.000000 	 -10.300000 	 -10.000000
   31 	 -15.000000 	 -10.100000 	 -10.000000
   32 	 -20.000000 	 -10.250000 	 -10.000000
   33 	 -15.000000 	 -10.100000 	 -10.000000
   34 	 -20.000000 	 -10.300000 	 -10.000000
   35 	 -20.000000 	 -10.250000 	 -10.000000
   36 	 -15.000000 	 -10.050000 	 -10.000000
   37 	 -15.000000 	 -10.100000 	 -10.000000
   38 	 -20.000000 	 -10.250000 	 -10.000000
   39 	 -15.000000 	 -10.050000 	 -10.000000
   40 	 -20.000000 	 -10.200000 	 -10.000000
   41 	 -15.000000 	 -10.100000 	 -10.000000
   42 	 -20.000000 	 -10.300000 	 -10.000000
   43 	 -15.000000 	 -10.400000 	 -10.000000
   44 	 -20.000000 	 -10.450000 	 -10.000000
   45 	 -15.000000 	 -10.100000 	 -10.000000
   46 	 -20.000000 	 -10.150000 	 -10.000000
   47 	 -20.000000 	 -10.150000 	 -10.000000
   48 	 -20.000000 	 -14.850000 	 -10.000000
   49 	 -20.000000 	 -10.300000 	 -10.000000
 