   0 	 0.000322 	 0.015895 	 0.456980
    1 	 0.000979 	 0.164590 	 0.917586
    2 	 0.000946 	 0.410673 	 1.033554
    3 	 0.002304 	 0.691630 	 10.593733
    4 	 0.002684 	 3.750047 	 172.597294
    5 	 0.456980 	 71.862077 	 183.982617
    6 	 7.473382 	 176.012474 	 1832.060174
    7 	 0.009496 	 333.018849 	 1832.060174
    8 	 0.400057 	 947.399676 	 1832.060174
    9 	 0.002389 	 1594.922058 	 1832.060174
   10 	 172.597294 	 1763.138068 	 1832.060174
   11 	 0.590270 	 1797.150846 	 1832.060174
   12 	 0.037828 	 1757.718369 	 1832.060174
   13 	 0.081110 	 1790.852518 	 1832.060174
   14 	 0.590270 	 1809.950976 	 1832.060174
   15 	 0.002071 	 1790.354655 	 1832.060174
   16 	 0.236311 	 1732.049295 	 2375.107355
   17 	 0.037828 	 1779.198835 	 2375.107355
   18 	 0.037828 	 1795.939266 	 1832.060174
   19 	 0.081110 	 1819.170855 	 2375.107355
   20 	 0.002071 	 1781.145148 	 5339.139470
   21 	 0.155189 	 1871.010900 	 5339.139470
   22 	 0.009497 	 1970.159694 	 5339.139470
   23 	 917.571270 	 2313.290114 	 5339.139470
   24 	 3.682600 	 3006.183359 	 5339.139470
   25 	 0.002071 	 3641.281715 	 5339.139470
   26 	 0.393159 	 4573.407320 	 5339.139470
   27 	 0.002808 	 5112.337121 	 5339.139470
   28 	 152.747124 	 5105.933615 	 5339.139470
   29 	 0.009518 	 4975.531478 	 5339.139470
   30 	 0.236331 	 5066.007205 	 5339.139470
   31 	 0.002808 	 5045.966907 	 5339.139470
   32 	 7.694560 	 5241.082767 	 5339.139470
   33 	 7.694560 	 5194.887101 	 5339.139470
   34 	 7.694560 	 5276.429101 	 5339.139470
   35 	 0.037994 	 5113.069559 	 5717.680383
   36 	 0.002387 	 5126.593193 	 5339.139470
   37 	 0.393159 	 5184.775121 	 5339.139470
   38 	 7.694560 	 5219.569400 	 5339.139470
   39 	 0.002387 	 5026.192075 	 5339.139470
   40 	 0.236331 	 5219.494818 	 5339.139470
   41 	 1.771424 	 5173.452143 	 5339.139470
   42 	 0.002065 	 5072.838058 	 5339.139470
   43 	 0.155189 	 5232.802912 	 5339.139470
   44 	 5339.139470 	 5339.139470 	 5339.139470
   45 	 0.037994 	 5141.356318 	 5339.139470
   46 	 0.600607 	 5152.389042 	 5339.139470
   47 	 0.080359 	 5174.154425 	 5339.139470
   48 	 3.682600 	 5169.526852 	 5339.139470
   49 	 14.218421 	 5025.185822 	 5339.139470
 