   0 	 0.000305 	 0.056486 	 2.876501
    1 	 0.003297 	 1.428023 	 15.248531
    2 	 0.001446 	 4.000310 	 15.248531
    3 	 0.008911 	 7.732560 	 19.912350
    4 	 0.311400 	 12.619138 	 19.912350
    5 	 0.581065 	 14.337762 	 19.912350
    6 	 1.554105 	 14.988367 	 19.912350
    7 	 1.617497 	 14.800214 	 19.912350
    8 	 6.581675 	 15.179618 	 19.912350
    9 	 0.034048 	 15.014533 	 19.912350
   10 	 0.126300 	 14.994575 	 19.912350
   11 	 0.424136 	 14.623564 	 15.248531
   12 	 0.009543 	 14.567995 	 15.248531
   13 	 0.581065 	 14.952294 	 19.912350
   14 	 0.002385 	 14.849805 	 16.247458
   15 	 0.002385 	 14.798806 	 16.247458
   16 	 0.005741 	 14.310003 	 15.248531
   17 	 0.034048 	 14.897468 	 15.248531
   18 	 3.814056 	 15.008514 	 15.248531
   19 	 6.107598 	 15.116926 	 15.248531
   20 	 0.023150 	 14.923909 	 15.248531
   21 	 0.581065 	 15.160055 	 27.094331
   22 	 0.126300 	 15.004534 	 27.094331
   23 	 0.002385 	 15.279972 	 27.094331
   24 	 0.005741 	 15.849623 	 27.094331
   25 	 0.034082 	 17.544892 	 27.094331
   26 	 3.677321 	 19.593297 	 27.094331
   27 	 0.023165 	 20.944663 	 71.999001
   28 	 0.126753 	 25.221472 	 241.540666
   29 	 0.023165 	 37.933704 	 241.540666
   30 	 0.009546 	 105.303090 	 241.540666
   31 	 0.005743 	 206.181220 	 241.540666
   32 	 0.002386 	 229.776722 	 241.540666
   33 	 0.005743 	 232.863254 	 241.540666
   34 	 2.368325 	 236.717121 	 241.540666
   35 	 0.038042 	 242.748364 	 936.251041
   36 	 0.023183 	 249.391496 	 936.251041
   37 	 0.005743 	 282.612536 	 936.251041
   38 	 59.009271 	 387.180819 	 936.251041
   39 	 159.456836 	 653.871969 	 936.251041
   40 	 0.005743 	 802.296236 	 936.251041
   41 	 0.005743 	 857.663962 	 964.952817
   42 	 0.004788 	 887.729315 	 936.251041
   43 	 0.436068 	 911.645975 	 1612.670169
   44 	 0.246045 	 926.305070 	 1612.670169
   45 	 0.246045 	 893.202835 	 1612.670169
   46 	 1.016149 	 950.557821 	 1612.670169
   47 	 0.004683 	 971.859607 	 1612.670169
   48 	 0.023184 	 1021.541330 	 1612.670169
   49 	 1.805944 	 1125.577649 	 1612.670169
 