   0 	 0.000270 	 0.037649 	 1.074984
    1 	 0.001480 	 3.335863 	 308.808808
    2 	 0.148800 	 277.966008 	 333.527936
    3 	 0.233898 	 302.230999 	 947.104588
    4 	 0.001124 	 339.408186 	 947.104588
    5 	 40.839247 	 415.604842 	 947.104588
    6 	 0.037360 	 529.100626 	 1225.716112
    7 	 172.895229 	 716.393324 	 1225.716112
    8 	 0.989394 	 835.988140 	 1225.716112
    9 	 0.009488 	 873.025357 	 1225.716112
   10 	 0.038542 	 918.125645 	 2395.782847
   11 	 0.020114 	 990.551677 	 2490.972715
   12 	 0.001130 	 1042.811994 	 2490.972715
   13 	 131.859155 	 1190.832470 	 4436.555263
   14 	 0.009488 	 1612.665999 	 5636.975402
   15 	 0.020114 	 2130.902513 	 4774.418285
   16 	 416.122915 	 2553.894955 	 5636.975402
   17 	 42.347401 	 3016.003247 	 6193.883416
   18 	 0.038241 	 3883.344305 	 6193.883416
   19 	 0.153479 	 4136.579033 	 5636.975402
   20 	 142.385560 	 4511.501865 	 5636.975402
   21 	 0.001127 	 4468.458114 	 5636.975402
   22 	 0.091259 	 4402.328689 	 5636.975402
   23 	 0.091258 	 4456.737623 	 5636.975402
   24 	 2010.453958 	 4526.722322 	 5636.975402
   25 	 412.167158 	 4557.493791 	 5636.975402
   26 	 0.929865 	 4537.968378 	 5636.975402
   27 	 0.009523 	 4621.997909 	 5636.975402
   28 	 0.002386 	 4528.728094 	 5636.975402
   29 	 2010.453958 	 4865.225470 	 5636.975402
   30 	 0.057224 	 4718.478834 	 5636.975402
   31 	 0.001127 	 4686.069427 	 5636.975402
   32 	 142.894212 	 5179.874427 	 5636.975402
   33 	 0.002386 	 5152.587201 	 5636.975402
   34 	 0.235875 	 5249.519769 	 5636.975402
   35 	 39.990302 	 5179.369632 	 5636.975402
   36 	 0.002386 	 5230.202458 	 5636.975402
   37 	 2.498972 	 5362.862225 	 5636.975402
   38 	 0.056145 	 5275.734629 	 5636.975402
   39 	 0.001127 	 5140.292041 	 5636.975402
   40 	 462.291762 	 5482.472802 	 7278.015082
   41 	 0.002386 	 5423.304247 	 7278.015082
   42 	 420.486064 	 5529.893723 	 7278.015082
   43 	 0.091259 	 5526.703636 	 7278.015082
   44 	 0.151107 	 5705.033705 	 7278.015082
   45 	 0.001127 	 5364.526098 	 7278.015082
   46 	 2.498972 	 5628.913252 	 7278.015082
   47 	 51.606510 	 5635.870954 	 7278.015082
   48 	 0.020163 	 5407.600334 	 7278.015082
   49 	 1273.236405 	 5773.852377 	 7278.015082
 