   0 	 0.000274 	 0.037984 	 0.834272
    1 	 0.001242 	 0.594122 	 21.161649
    2 	 0.006990 	 10.240945 	 23.175457
    3 	 0.430791 	 19.034849 	 25.799047
    4 	 5.835011 	 20.524849 	 79.269845
    5 	 0.139711 	 22.617496 	 79.269845
    6 	 0.005656 	 26.268523 	 79.269845
    7 	 0.009733 	 41.395206 	 393.889110
    8 	 0.009733 	 99.224248 	 458.971273
    9 	 0.258859 	 205.473470 	 458.971273
   10 	 51.595838 	 314.757935 	 458.971273
   11 	 0.005447 	 360.924653 	 458.971273
   12 	 0.007577 	 393.968217 	 539.844404
   13 	 0.005422 	 397.945616 	 458.971273
   14 	 0.248734 	 406.482015 	 458.971273
   15 	 0.002388 	 415.837482 	 539.844404
   16 	 292.708505 	 434.706943 	 539.844404
   17 	 0.037875 	 420.271300 	 539.844404
   18 	 0.005419 	 433.652319 	 539.844404
   19 	 0.037875 	 448.410703 	 539.844404
   20 	 292.708505 	 459.657854 	 539.844404
   21 	 0.248751 	 457.088457 	 539.844404
   22 	 0.009570 	 448.918592 	 539.844404
   23 	 0.009570 	 452.449151 	 539.844404
   24 	 0.009570 	 455.801137 	 539.844404
   25 	 0.007579 	 462.751246 	 539.844404
   26 	 0.002388 	 460.064614 	 539.844404
   27 	 0.592744 	 463.855785 	 539.844404
   28 	 0.005406 	 466.947904 	 539.844404
   29 	 0.005422 	 447.568662 	 539.844404
   30 	 0.119704 	 468.061979 	 539.844404
   31 	 0.005422 	 469.808313 	 539.844404
   32 	 0.007579 	 474.202803 	 539.844404
   33 	 0.002388 	 479.956786 	 539.844404
   34 	 0.005414 	 466.542636 	 572.218036
   35 	 0.038023 	 474.054032 	 572.218036
   36 	 35.661830 	 497.012798 	 572.218036
   37 	 2.416582 	 504.109174 	 593.688286
   38 	 0.002384 	 490.437638 	 593.688286
   39 	 0.009533 	 499.032081 	 1365.400958
   40 	 458.971273 	 531.663865 	 1365.400958
   41 	 0.114705 	 514.979963 	 944.478278
   42 	 8.159032 	 535.790586 	 944.478278
   43 	 0.026474 	 567.428492 	 944.478278
   44 	 1.039107 	 587.776436 	 1365.400958
   45 	 0.248754 	 631.653412 	 1365.400958
   46 	 0.038172 	 711.677029 	 1365.400958
   47 	 26.606273 	 791.043638 	 1365.400958
   48 	 0.002384 	 887.400308 	 1365.400958
   49 	 0.038173 	 1083.580069 	 1365.400958
 