   0 	 0.000350 	 0.055279 	 1.265726
    1 	 0.001273 	 0.459198 	 1.265726
    2 	 0.000877 	 0.733792 	 3.687216
    3 	 0.003506 	 1.341645 	 11.108011
    4 	 0.000818 	 3.369296 	 14.672133
    5 	 0.000815 	 6.523281 	 14.672133
    6 	 0.173080 	 8.018221 	 14.672133
    7 	 0.018013 	 7.646999 	 21.873736
    8 	 0.018354 	 9.277514 	 18.263819
    9 	 0.000786 	 9.459462 	 21.873736
   10 	 0.002348 	 10.169727 	 21.873736
   11 	 0.000786 	 11.609067 	 22.626007
   12 	 0.034511 	 10.932345 	 20.745115
   13 	 0.000877 	 11.568010 	 20.745115
   14 	 0.000789 	 11.969868 	 29.100113
   15 	 0.009580 	 13.168604 	 36.739410
   16 	 8.388118 	 14.457604 	 36.739410
   17 	 1.421335 	 16.023683 	 48.977545
   18 	 0.052851 	 18.620398 	 48.977545
   19 	 1.209834 	 24.241498 	 60.989295
   20 	 0.000782 	 30.702781 	 60.989295
   21 	 6.210180 	 37.589045 	 60.989295
   22 	 5.815809 	 43.067027 	 89.548538
   23 	 0.000786 	 45.038528 	 89.548538
   24 	 0.927347 	 47.803232 	 120.011596
   25 	 1.236739 	 51.231310 	 100.126880
   26 	 0.410240 	 53.367495 	 215.688300
   27 	 0.009506 	 60.398083 	 243.408492
   28 	 0.509078 	 98.215691 	 243.408492
   29 	 26.726020 	 146.777293 	 243.408492
   30 	 9.713196 	 188.673636 	 276.830395
   31 	 60.106528 	 211.817389 	 291.418079
   32 	 0.468293 	 216.242747 	 318.076669
   33 	 0.002390 	 224.435916 	 783.006810
   34 	 0.002390 	 266.256859 	 964.952817
   35 	 0.255075 	 346.121908 	 964.952817
   36 	 0.000795 	 552.265447 	 1699.754946
   37 	 0.471003 	 738.881232 	 1699.754946
   38 	 0.152076 	 895.337034 	 1699.754946
   39 	 0.471685 	 942.597594 	 1699.754946
   40 	 82.850151 	 965.918761 	 1699.754946
   41 	 0.002385 	 997.789816 	 1699.754946
   42 	 9.462285 	 1089.981814 	 1712.633463
   43 	 17.282103 	 1186.648152 	 1712.633463
   44 	 16.837929 	 1317.783659 	 1735.720574
   45 	 317.629710 	 1374.028136 	 1735.720574
   46 	 0.038094 	 1417.802705 	 1735.720574
   47 	 9.839276 	 1508.538426 	 1735.720574
   48 	 0.244106 	 1558.710163 	 1735.720574
   49 	 0.038094 	 1588.399638 	 1735.720574
 