   0 	 0.000293 	 0.036840 	 1.423488
    1 	 0.000988 	 0.469409 	 3.080297
    2 	 0.000482 	 1.091702 	 3.080297
    3 	 0.005476 	 1.510706 	 3.241323
    4 	 0.009956 	 1.817106 	 3.080297
    5 	 0.009994 	 2.302158 	 15.742082
    6 	 0.122345 	 3.583423 	 15.742082
    7 	 0.151146 	 8.488664 	 18.544618
    8 	 0.027434 	 12.318958 	 16.000000
    9 	 0.126645 	 14.688903 	 18.866700
   10 	 0.227848 	 15.980572 	 83.634462
   11 	 0.941687 	 21.353963 	 109.601052
   12 	 0.002360 	 42.617567 	 109.601052
   13 	 0.002443 	 62.228807 	 109.601052
   14 	 0.009062 	 78.855441 	 109.601052
   15 	 0.023860 	 77.700616 	 192.604244
   16 	 14.081335 	 88.780475 	 614.555023
   17 	 0.002378 	 157.770229 	 1657.842524
   18 	 2.014485 	 397.731330 	 1657.842524
   19 	 0.024461 	 792.934148 	 1657.842524
   20 	 0.071343 	 1201.823539 	 1657.842524
   21 	 0.024461 	 1430.925994 	 1657.842524
   22 	 0.006561 	 1493.421315 	 1657.842524
   23 	 0.587233 	 1547.291440 	 1657.842524
   24 	 0.009491 	 1566.749376 	 1657.842524
   25 	 208.586349 	 1628.333979 	 1657.842524
   26 	 0.038516 	 1597.219022 	 1657.842524
   27 	 0.038516 	 1606.465594 	 1657.842524
   28 	 0.238384 	 1646.827028 	 4194.743483
   29 	 0.002378 	 1645.902056 	 4194.743483
   30 	 0.006561 	 1845.339948 	 4194.743483
   31 	 0.238384 	 1931.660165 	 4194.743483
   32 	 42.518291 	 2403.233441 	 4194.743483
   33 	 26.746486 	 2768.562276 	 4194.743483
   34 	 0.037918 	 3168.149408 	 4194.743483
   35 	 2.264288 	 3412.199234 	 4194.743483
   36 	 1655.098631 	 3815.191004 	 4194.743483
   37 	 0.024143 	 4375.884630 	 48091.720529
   38 	 3.811231 	 9745.187122 	 48091.720529
   39 	 4194.743483 	 32727.778563 	 48091.720529
   40 	 36.927631 	 45858.915999 	 48091.720529
   41 	 0.002383 	 46622.677289 	 48091.720529
   42 	 0.238417 	 46572.820652 	 48091.720529
   43 	 0.522854 	 47117.395715 	 48091.720529
   44 	 0.002383 	 46177.623772 	 48091.720529
   45 	 0.070592 	 46146.442821 	 48091.720529
   46 	 0.238417 	 46723.380503 	 48091.720529
   47 	 0.038215 	 46650.368330 	 48091.720529
   48 	 0.002383 	 45928.505158 	 48091.720529
   49 	 0.109256 	 46765.584160 	 48091.720529
 