   0 	 0.000278 	 0.061571 	 3.859161
    1 	 0.003443 	 2.112043 	 8.080333
    2 	 0.139200 	 3.991852 	 8.080333
    3 	 1.085690 	 4.272396 	 8.080333
    4 	 0.044113 	 4.541874 	 8.080333
    5 	 1.139446 	 5.290982 	 8.080333
    6 	 3.442999 	 6.259004 	 20.587156
    7 	 3.859161 	 7.876105 	 20.587156
    8 	 0.001109 	 11.326539 	 115.767859
    9 	 1.147740 	 27.188053 	 115.767859
   10 	 0.218351 	 66.820900 	 120.860876
   11 	 0.038332 	 88.028063 	 115.767859
   12 	 0.002387 	 97.492317 	 115.767859
   13 	 2.294351 	 104.325680 	 115.767859
   14 	 89.950059 	 107.105788 	 117.647059
   15 	 8.245520 	 107.082069 	 117.647059
   16 	 0.009511 	 106.171494 	 118.005572
   17 	 89.950059 	 110.241154 	 117.647059
   18 	 0.001100 	 107.845412 	 117.647059
   19 	 27.764913 	 120.202809 	 1043.867378
   20 	 0.001109 	 185.833213 	 1043.867378
   21 	 0.019131 	 531.676644 	 1043.867378
   22 	 0.038343 	 911.644711 	 1043.867378
   23 	 0.054897 	 1024.784075 	 1107.449023
   24 	 3.427310 	 1017.288402 	 1107.449023
   25 	 0.019226 	 995.922962 	 1176.503669
   26 	 0.019226 	 1048.666179 	 3144.890449
   27 	 0.009512 	 1135.256216 	 5263.820028
   28 	 3.427310 	 1556.056717 	 5263.820028
   29 	 2.339503 	 2645.491475 	 5263.820028
   30 	 0.154172 	 3906.328477 	 5555.555556
   31 	 0.038344 	 4351.407982 	 5555.555556
   32 	 2.629177 	 4835.974243 	 5747.915949
   33 	 0.001103 	 4920.802836 	 5747.915949
   34 	 0.002387 	 4683.093666 	 5747.915949
   35 	 0.001103 	 5067.552079 	 19230.769231
   36 	 0.142484 	 5540.684264 	 19230.769231
   37 	 0.154172 	 6332.629061 	 38202.788039
   38 	 0.019226 	 11065.587986 	 38202.788039
   39 	 36.273046 	 15995.789506 	 38202.788039
   40 	 0.019274 	 19159.383965 	 38202.788039
   41 	 0.002383 	 20967.921672 	 38202.788039
   42 	 0.001100 	 26006.554446 	 38202.788039
   43 	 3.874855 	 30671.668143 	 38202.788039
   44 	 0.055158 	 31762.145182 	 38202.788039
   45 	 0.038195 	 34950.582381 	 38202.788039
   46 	 2.417156 	 36287.325686 	 38202.788039
   47 	 19230.769231 	 37817.579953 	 38202.788039
   48 	 0.189961 	 36478.305014 	 38202.788039
   49 	 0.038195 	 35491.351438 	 38202.788039
 