   0 	 0.000291 	 0.274272 	 22.163108
    1 	 0.002007 	 14.837726 	 22.163108
    2 	 0.002338 	 21.461260 	 22.163108
    3 	 19.548184 	 23.383580 	 163.454417
    4 	 0.001526 	 29.864004 	 163.454417
    5 	 1.056814 	 78.707922 	 163.454417
    6 	 0.002338 	 139.600486 	 188.839096
    7 	 2.645656 	 155.441738 	 188.839096
    8 	 0.037688 	 157.971195 	 188.839096
    9 	 0.002391 	 162.785963 	 188.839096
   10 	 0.006152 	 159.973835 	 237.670058
   11 	 0.349725 	 167.698106 	 307.927887
   12 	 0.002391 	 166.921940 	 307.927887
   13 	 0.006152 	 165.933363 	 307.927887
   14 	 0.638454 	 174.157625 	 307.927887
   15 	 38.648918 	 185.655248 	 317.499012
   16 	 0.001593 	 188.899806 	 317.499012
   17 	 0.054830 	 206.330843 	 317.499012
   18 	 0.001593 	 214.101404 	 317.499012
   19 	 0.002516 	 230.551105 	 317.499012
   20 	 0.009480 	 231.028220 	 317.499012
   21 	 1.066146 	 232.022056 	 317.499012
   22 	 0.639290 	 245.856628 	 307.927887
   23 	 0.054830 	 262.624636 	 307.927887
   24 	 0.002391 	 253.984393 	 307.927887
   25 	 0.037691 	 267.424346 	 307.927887
   26 	 0.006133 	 271.015087 	 317.499012
   27 	 0.252005 	 285.692063 	 317.499012
   28 	 0.045263 	 279.707120 	 307.927887
   29 	 188.542868 	 296.441097 	 317.499012
   30 	 0.045651 	 282.717878 	 317.499012
   31 	 0.002387 	 289.769723 	 317.499012
   32 	 0.156221 	 285.009456 	 317.499012
   33 	 29.439894 	 299.376527 	 317.499012
   34 	 0.009517 	 283.485057 	 317.499012
   35 	 3.098512 	 291.636688 	 317.499012
   36 	 188.542868 	 303.517313 	 317.499012
   37 	 0.009517 	 294.236175 	 317.499012
   38 	 0.152076 	 300.373354 	 317.499012
   39 	 289.137542 	 306.405158 	 317.499012
   40 	 0.009517 	 302.781141 	 317.499012
   41 	 0.037986 	 295.262151 	 317.499012
   42 	 1.283324 	 294.888325 	 318.454948
   43 	 19.430445 	 294.228751 	 317.499012
   44 	 0.252005 	 296.472246 	 317.499012
   45 	 0.252005 	 295.101760 	 317.499012
   46 	 0.045651 	 296.699981 	 317.499012
   47 	 0.001593 	 300.721363 	 317.499012
   48 	 68.910799 	 302.673573 	 317.499012
   49 	 0.579664 	 312.185669 	 1454.516682
 