   0 	 0.000382 	 0.042881 	 0.826186
    1 	 0.002207 	 0.301799 	 6.066771
    2 	 0.000903 	 1.472292 	 8.214830
    3 	 0.003011 	 4.890457 	 14.209579
    4 	 0.892606 	 6.377895 	 14.209579
    5 	 0.002173 	 5.962216 	 14.209579
    6 	 0.000730 	 6.178613 	 8.288365
    7 	 0.033927 	 6.274236 	 8.288365
    8 	 2.709144 	 6.295111 	 10.396669
    9 	 1.419486 	 6.390834 	 11.486038
   10 	 0.082252 	 6.465562 	 11.630311
   11 	 0.121112 	 6.680966 	 11.630311
   12 	 0.116062 	 6.818804 	 11.630311
   13 	 0.002456 	 7.462481 	 11.630311
   14 	 1.511992 	 8.330319 	 11.630311
   15 	 0.005104 	 8.761097 	 11.630311
   16 	 0.128198 	 9.821928 	 13.810748
   17 	 0.462717 	 10.260445 	 17.970671
   18 	 0.000836 	 10.315142 	 17.708448
   19 	 4.196939 	 11.172493 	 17.708448
   20 	 0.462717 	 11.453952 	 17.708448
   21 	 0.009369 	 11.780205 	 17.970671
   22 	 3.432295 	 12.825518 	 17.970671
   23 	 4.216049 	 13.099356 	 17.970671
   24 	 3.457262 	 13.464887 	 17.970671
   25 	 0.000836 	 13.773681 	 17.970671
   26 	 0.002411 	 14.155300 	 19.572603
   27 	 9.745618 	 14.720945 	 18.238116
   28 	 0.005104 	 15.255741 	 18.437930
   29 	 0.293867 	 16.033947 	 18.437930
   30 	 4.421996 	 16.971889 	 50.346829
   31 	 0.005105 	 17.969954 	 51.150309
   32 	 0.036409 	 20.236837 	 51.150309
   33 	 11.486038 	 24.365304 	 51.150309
   34 	 0.000836 	 33.028808 	 56.849759
   35 	 0.510976 	 41.211871 	 131.776194
   36 	 13.885374 	 53.675193 	 188.089280
   37 	 0.139450 	 73.306813 	 188.089280
   38 	 0.036410 	 104.371701 	 296.505027
   39 	 0.009322 	 127.622063 	 296.505027
   40 	 0.428903 	 148.267788 	 296.505027
   41 	 22.626163 	 168.415394 	 365.173532
   42 	 0.037600 	 180.342710 	 456.908064
   43 	 0.257844 	 212.238683 	 456.908064
   44 	 0.009468 	 229.975096 	 456.908064
   45 	 0.037749 	 261.934409 	 456.908064
   46 	 1.041896 	 276.469985 	 456.908064
   47 	 9.234081 	 285.063918 	 643.325075
   48 	 0.429680 	 309.505931 	 1128.637472
   49 	 3.186452 	 373.332914 	 1128.637472
 