   0 	 0.000281 	 0.086412 	 3.071794
    1 	 0.001044 	 0.895021 	 12.738420
    2 	 0.003978 	 4.285886 	 18.632150
    3 	 0.010480 	 9.509383 	 34.986232
    4 	 3.071794 	 13.291872 	 34.986232
    5 	 1.968355 	 14.679437 	 34.986232
    6 	 0.035760 	 17.666806 	 34.986232
    7 	 0.027796 	 20.643687 	 35.068435
    8 	 8.509837 	 24.405920 	 48.835279
    9 	 0.003710 	 27.397516 	 48.835279
   10 	 0.228876 	 31.646061 	 40.012368
   11 	 0.992530 	 33.043185 	 41.945830
   12 	 18.632150 	 43.109818 	 842.125049
   13 	 0.273957 	 195.889961 	 842.125049
   14 	 0.604614 	 704.567634 	 842.125049
   15 	 0.078106 	 792.709159 	 842.125049
   16 	 0.006330 	 799.534317 	 842.125049
   17 	 3.354045 	 833.737339 	 842.125049
   18 	 0.003557 	 819.790665 	 842.125049
   19 	 0.026406 	 813.459940 	 842.125049
   20 	 389.255293 	 837.596351 	 842.125049
   21 	 0.078157 	 825.990103 	 892.480946
   22 	 0.003784 	 798.491939 	 892.480946
   23 	 0.604614 	 820.668947 	 842.125049
   24 	 0.038062 	 807.199588 	 842.125049
   25 	 5.692457 	 831.207283 	 842.125049
   26 	 0.002383 	 1078.167751 	 28191.169962
   27 	 0.003557 	 7917.385677 	 28191.169962
   28 	 0.003490 	 24125.522588 	 28191.169962
   29 	 0.009526 	 27627.348190 	 28191.169962
   30 	 5.730033 	 27390.246993 	 28191.169962
   31 	 0.003557 	 26514.866532 	 28191.169962
   32 	 3.784618 	 27404.588596 	 28191.169962
   33 	 0.078164 	 26896.496540 	 30795.667665
   34 	 0.009526 	 27580.200548 	 30795.667665
   35 	 0.006330 	 26611.550164 	 30795.667665
   36 	 0.003784 	 26682.895450 	 30795.667665
   37 	 0.153259 	 27605.943946 	 30795.667665
   38 	 24708.379353 	 28434.053874 	 30795.667665
   39 	 0.003557 	 27013.618506 	 30795.667665
   40 	 0.237952 	 27719.345674 	 30795.667665
   41 	 0.003784 	 26980.515133 	 30795.667665
   42 	 41.951109 	 27400.706059 	 30795.667665
   43 	 0.038064 	 27538.499974 	 30795.667665
   44 	 0.003784 	 27835.123127 	 30795.667665
   45 	 0.153259 	 27909.908348 	 30795.667665
   46 	 842.125049 	 28292.440298 	 30795.667665
   47 	 0.003557 	 27729.189963 	 30795.667665
   48 	 0.003784 	 27775.164985 	 30795.667665
   49 	 0.078164 	 28460.824456 	 30795.667665
 