   0 	 0.000435 	 0.044595 	 0.612164
    1 	 0.000955 	 0.494390 	 15.105492
    2 	 0.005740 	 3.253427 	 15.105492
    3 	 0.032500 	 10.116736 	 45.758445
    4 	 0.030929 	 14.730966 	 49.699098
    5 	 0.498364 	 20.106077 	 49.699098
    6 	 0.002403 	 27.264317 	 50.158678
    7 	 0.515216 	 38.002681 	 74.226257
    8 	 14.339590 	 44.620868 	 62.967972
    9 	 0.003421 	 43.223544 	 60.005678
   10 	 0.078699 	 45.738048 	 64.511594
   11 	 0.080350 	 46.675802 	 60.005678
   12 	 0.076443 	 47.804303 	 60.005678
   13 	 0.076443 	 47.279335 	 73.768073
   14 	 0.528710 	 48.383262 	 73.768073
   15 	 0.080048 	 50.209744 	 73.768073
   16 	 14.848672 	 52.319068 	 99.009901
   17 	 0.009367 	 53.141191 	 108.271979
   18 	 0.263511 	 58.273003 	 117.920056
   19 	 0.001917 	 61.765363 	 117.920056
   20 	 0.001963 	 67.647107 	 117.920056
   21 	 18.867925 	 78.050078 	 117.920056
   22 	 0.080242 	 83.946978 	 341.026714
   23 	 0.003319 	 89.331361 	 341.026714
   24 	 2.740357 	 116.166775 	 341.026714
   25 	 0.037684 	 182.884625 	 669.737816
   26 	 0.001931 	 285.521016 	 1019.241652
   27 	 0.002383 	 354.369153 	 1220.224092
   28 	 3.121368 	 448.950755 	 1220.224092
   29 	 0.071042 	 592.649225 	 1249.497702
   30 	 0.003345 	 760.829433 	 1249.497702
   31 	 5.933894 	 904.226622 	 1249.497702
   32 	 1.008012 	 1055.410276 	 1635.265214
   33 	 12.223098 	 1078.090777 	 1635.265214
   34 	 0.003349 	 1116.202794 	 1635.265214
   35 	 1.007848 	 1144.792074 	 1635.265214
   36 	 0.153282 	 1139.600818 	 1635.265214
   37 	 507.222442 	 1239.692281 	 1635.265214
   38 	 0.071809 	 1224.591540 	 1688.272047
   39 	 0.346334 	 1233.364634 	 1688.272047
   40 	 275.063694 	 1256.282830 	 1688.272047
   41 	 0.003345 	 1187.232788 	 1688.272047
   42 	 0.245072 	 1198.330639 	 1688.272047
   43 	 0.009526 	 1164.938315 	 1688.272047
   44 	 10.059844 	 1199.726211 	 1635.265214
   45 	 0.244104 	 1192.412994 	 1635.265214
   46 	 0.001922 	 1228.659613 	 1688.272047
   47 	 0.037470 	 1243.813013 	 1635.265214
   48 	 0.604421 	 1311.159186 	 1635.265214
   49 	 0.009544 	 1344.528541 	 1635.265214
 