   0 	 0.000319 	 0.050955 	 1.810441
    1 	 0.000995 	 1.459036 	 80.668675
    2 	 0.001042 	 37.169509 	 184.925413
    3 	 1.734871 	 79.706873 	 184.925413
    4 	 0.003324 	 77.836386 	 184.925413
    5 	 0.003324 	 85.917445 	 184.925413
    6 	 0.257371 	 91.537999 	 188.019913
    7 	 0.009350 	 113.103430 	 188.019913
    8 	 0.003697 	 131.236846 	 188.019913
    9 	 10.640156 	 155.965429 	 188.019913
   10 	 0.003626 	 172.982445 	 399.682556
   11 	 0.003354 	 181.862860 	 399.682556
   12 	 2.936316 	 193.119303 	 399.682556
   13 	 0.039026 	 204.524050 	 414.424355
   14 	 109.187165 	 236.407387 	 515.627217
   15 	 0.009646 	 279.424181 	 515.627217
   16 	 0.002848 	 325.677339 	 515.627217
   17 	 1.010072 	 357.782811 	 493.002908
   18 	 1.042842 	 366.277379 	 515.627217
   19 	 122.940960 	 400.879215 	 493.002908
   20 	 28.569971 	 414.105613 	 515.627217
   21 	 0.083036 	 381.873753 	 515.627217
   22 	 1.040716 	 412.172919 	 515.627217
   23 	 0.009496 	 413.665527 	 515.627217
   24 	 5.282142 	 425.646856 	 623.680293
   25 	 0.003362 	 424.575272 	 623.680293
   26 	 0.003662 	 417.363700 	 515.627217
   27 	 0.022720 	 421.767245 	 623.680293
   28 	 0.003653 	 435.420096 	 623.680293
   29 	 0.022584 	 435.390163 	 623.680293
   30 	 0.003354 	 427.861743 	 623.680293
   31 	 0.002842 	 432.656621 	 515.627217
   32 	 0.002848 	 421.880733 	 515.627217
   33 	 0.002842 	 451.571900 	 515.627217
   34 	 0.002384 	 427.889472 	 515.627217
   35 	 1.163466 	 452.297237 	 515.627217
   36 	 304.322697 	 474.766666 	 515.627217
   37 	 0.022584 	 470.649513 	 593.688286
   38 	 0.285614 	 475.745950 	 593.688286
   39 	 28.497510 	 471.670211 	 593.688286
   40 	 0.037821 	 465.343787 	 593.688286
   41 	 168.566251 	 498.486362 	 1184.293053
   42 	 0.002384 	 535.770758 	 1184.293053
   43 	 0.152322 	 609.591142 	 1184.293053
   44 	 40.564026 	 695.988323 	 1270.025766
   45 	 0.152330 	 793.763402 	 1591.379561
   46 	 0.009533 	 968.157608 	 1270.025766
   47 	 0.038118 	 1040.000860 	 1270.025766
   48 	 0.009533 	 1124.557971 	 1270.025766
   49 	 0.162328 	 1170.530854 	 1270.025766
 