   0 	 0.000327 	 0.072164 	 1.562444
    1 	 0.000947 	 0.572094 	 2.338945
    2 	 0.002362 	 0.863002 	 4.129707
    3 	 0.008460 	 1.637859 	 33.706458
    4 	 0.002161 	 52.723810 	 2066.518759
    5 	 1.733567 	 1602.767145 	 4387.781608
    6 	 0.002096 	 2126.355472 	 10009.448920
    7 	 0.108034 	 2532.907491 	 10009.448920
    8 	 0.002382 	 4046.891428 	 10009.448920
    9 	 0.009554 	 7154.447555 	 50895.506436
   10 	 0.002696 	 11267.950793 	 50895.506436
   11 	 0.946264 	 22623.433973 	 50895.506436
   12 	 10009.448920 	 43536.016083 	 50895.506436
   13 	 0.002102 	 47725.589992 	 50895.506436
   14 	 0.109101 	 49877.615324 	 50895.506436
   15 	 0.107979 	 49374.134133 	 50895.506436
   16 	 0.946264 	 49741.184729 	 50895.506436
   17 	 0.152815 	 49906.877572 	 50895.506436
   18 	 1269.602504 	 50239.355621 	 50895.506436
   19 	 0.152815 	 49368.685538 	 50895.506436
   20 	 0.107979 	 48885.113916 	 50895.506436
   21 	 0.107979 	 48380.012279 	 50895.506436
   22 	 0.608528 	 49877.686110 	 50895.506436
   23 	 549.028190 	 49983.181078 	 50895.506436
   24 	 0.608528 	 49877.611855 	 50895.506436
   25 	 0.608528 	 48965.467416 	 50895.506436
   26 	 0.002687 	 49877.598727 	 50895.506436
   27 	 0.002102 	 51949.911880 	 274115.292892
   28 	 25221.889574 	 57175.472085 	 274115.292892
   29 	 0.239352 	 79631.711656 	 274115.292892
   30 	 0.619337 	 159764.252929 	 274115.292892
   31 	 0.238418 	 231900.238497 	 274115.292892
   32 	 0.401791 	 259195.579460 	 274115.292892
   33 	 0.953671 	 261427.684222 	 274115.292892
   34 	 2.426899 	 265903.079812 	 274115.292892
   35 	 9.883254 	 269940.600152 	 274115.292892
   36 	 0.002102 	 254927.772752 	 274115.292892
   37 	 0.002385 	 257863.901558 	 274115.292892
   38 	 0.082346 	 263156.414534 	 274115.292892
   39 	 0.002687 	 263151.963189 	 274115.292892
   40 	 130751.428459 	 272681.654248 	 274115.292892
   41 	 2.426899 	 265894.450188 	 274115.292892
   42 	 0.002687 	 265891.896548 	 274115.292892
   43 	 274115.292892 	 274115.292892 	 274115.292892
   44 	 0.002102 	 265340.611598 	 274115.292892
   45 	 0.038119 	 265894.317397 	 274115.292892
   46 	 0.238418 	 268633.007345 	 274115.292892
   47 	 0.953671 	 266403.237940 	 274115.292892
   48 	 0.152816 	 260410.087245 	 274115.292892
   49 	 0.953671 	 268638.689879 	 274115.292892
 