   0 	 0.000275 	 0.090846 	 3.463551
    1 	 0.000807 	 8.146736 	 703.174750
    2 	 0.438716 	 539.870133 	 703.174750
    3 	 11.781599 	 688.543273 	 703.174750
    4 	 669.737816 	 702.840380 	 703.174750
    5 	 0.154246 	 689.136107 	 703.174750
    6 	 0.005238 	 675.160148 	 703.174750
    7 	 0.004595 	 680.421678 	 1079.771814
    8 	 0.002387 	 671.611432 	 1079.771814
    9 	 0.004595 	 671.510763 	 1079.771814
   10 	 0.037937 	 691.213494 	 1079.771814
   11 	 541.350049 	 727.918297 	 1079.771814
   12 	 0.154246 	 722.597451 	 1079.771814
   13 	 0.623488 	 730.848749 	 1079.771814
   14 	 0.022182 	 736.828374 	 1216.365073
   15 	 1.005828 	 777.091773 	 1791.724241
   16 	 0.022186 	 827.079156 	 1791.724241
   17 	 0.005238 	 886.475770 	 1791.724241
   18 	 529.739131 	 917.756470 	 1791.724241
   19 	 137.174211 	 1040.767516 	 4851.505131
   20 	 3.339945 	 1157.545973 	 4851.505131
   21 	 0.623488 	 1516.447416 	 4851.505131
   22 	 0.623961 	 2128.027578 	 4851.505131
   23 	 0.005238 	 2783.952858 	 4851.505131
   24 	 0.002387 	 3694.029006 	 4851.505131
   25 	 0.623488 	 4174.065232 	 4851.505131
   26 	 0.022186 	 4531.464367 	 4851.505131
   27 	 0.005238 	 4517.182517 	 4851.505131
   28 	 697.319677 	 4502.359348 	 4851.505131
   29 	 0.037939 	 4601.312696 	 4851.505131
   30 	 0.022616 	 4572.192758 	 4851.505131
   31 	 0.004595 	 4719.963629 	 4851.505131
   32 	 0.623961 	 4585.578415 	 4851.505131
   33 	 4502.038523 	 4834.031801 	 4851.505131
   34 	 0.959106 	 4643.558921 	 4851.505131
   35 	 0.022616 	 4711.181384 	 5047.405230
   36 	 1.718361 	 4704.405313 	 5047.405230
   37 	 0.037939 	 4605.043550 	 5047.405230
   38 	 0.009563 	 4624.778339 	 5073.010771
   39 	 57.609920 	 4708.496592 	 5073.010771
   40 	 1.718408 	 4747.677985 	 5047.405230
   41 	 0.120032 	 4664.650351 	 5047.405230
   42 	 0.154275 	 4688.917400 	 5047.405230
   43 	 0.154275 	 4680.464401 	 5047.405230
   44 	 4063.032257 	 4845.579403 	 5047.405230
   45 	 856.368504 	 4811.553765 	 4851.505131
   46 	 856.368504 	 4809.960283 	 4851.505131
   47 	 341.375969 	 4804.868174 	 5047.405230
   48 	 0.154275 	 4679.054074 	 5047.405230
   49 	 0.154275 	 4695.457756 	 5047.405230
 