   0 	 0.000329 	 0.034482 	 0.694169
    1 	 0.001290 	 0.274855 	 2.205418
    2 	 0.008145 	 0.637971 	 10.532301
    3 	 0.041665 	 2.881596 	 11.884104
    4 	 0.056245 	 8.461967 	 26.078258
    5 	 0.002447 	 10.653701 	 26.078258
    6 	 0.012031 	 10.754866 	 26.078258
    7 	 0.002447 	 11.135176 	 26.078258
    8 	 0.002447 	 10.854145 	 39.049235
    9 	 0.035418 	 11.064990 	 39.049235
   10 	 0.001436 	 10.777684 	 39.049235
   11 	 0.009220 	 11.185223 	 40.237083
   12 	 0.001210 	 11.213472 	 40.237083
   13 	 0.001200 	 12.775517 	 64.556845
   14 	 0.002447 	 16.537071 	 64.556845
   15 	 0.001432 	 25.464617 	 64.556845
   16 	 0.009316 	 41.633609 	 67.869200
   17 	 0.001194 	 49.272251 	 67.869200
   18 	 0.004619 	 54.017546 	 67.869200
   19 	 1.018854 	 61.598897 	 67.869200
   20 	 0.997381 	 61.906906 	 68.072481
   21 	 0.058634 	 62.206192 	 67.975309
   22 	 0.002413 	 61.875976 	 68.520258
   23 	 0.058631 	 63.525501 	 68.520258
   24 	 0.058631 	 62.810426 	 68.520258
   25 	 4.461362 	 63.842415 	 68.463964
   26 	 26.078258 	 64.285334 	 68.520258
   27 	 0.002413 	 61.923515 	 68.520258
   28 	 0.001187 	 63.338434 	 68.520258
   29 	 0.846855 	 63.511688 	 68.520258
   30 	 0.058631 	 62.441572 	 68.072481
   31 	 3.243024 	 63.636612 	 68.072481
   32 	 0.001187 	 62.731804 	 68.520258
   33 	 0.231248 	 64.176213 	 68.520258
   34 	 3.175670 	 66.966733 	 390.042359
   35 	 12.540282 	 86.650662 	 750.624463
   36 	 0.190806 	 206.551476 	 750.624463
   37 	 0.734733 	 429.470435 	 860.175393
   38 	 0.002394 	 571.422529 	 2292.399709
   39 	 0.208633 	 723.929039 	 2292.399709
   40 	 206.125043 	 942.600046 	 2292.399709
   41 	 9.505617 	 2311.197978 	 94754.396604
   42 	 750.624463 	 38133.221850 	 94754.396604
   43 	 3.844578 	 91033.031177 	 94754.396604
   44 	 0.607916 	 91917.288853 	 94754.396604
   45 	 2.461031 	 90995.505613 	 94754.396604
   46 	 0.002385 	 92864.817264 	 94754.396604
   47 	 0.047570 	 90964.720296 	 94754.396604
   48 	 0.152893 	 89069.794603 	 94754.396604
   49 	 0.687824 	 90260.627989 	 94754.396604
 