   0 	 0.000301 	 0.017480 	 0.453150
    1 	 0.000360 	 0.208148 	 2.778723
    2 	 0.007252 	 0.817428 	 2.851363
    3 	 0.007317 	 1.536868 	 3.008938
    4 	 0.330805 	 3.118384 	 78.081265
    5 	 0.030730 	 21.542263 	 78.081265
    6 	 0.002346 	 67.480980 	 84.522497
    7 	 0.030730 	 76.872511 	 78.875739
    8 	 0.707189 	 77.031934 	 84.522497
    9 	 17.883467 	 77.641621 	 90.461965
   10 	 0.707189 	 77.028424 	 84.522497
   11 	 66.155025 	 78.629105 	 84.522497
   12 	 0.253751 	 77.874765 	 84.522497
   13 	 0.707254 	 77.605464 	 84.522497
   14 	 66.724452 	 79.077741 	 84.522497
   15 	 0.002363 	 76.488402 	 85.337560
   16 	 0.039559 	 76.272315 	 104.099765
   17 	 0.707678 	 77.941552 	 104.099765
   18 	 0.002363 	 79.444853 	 104.099765
   19 	 0.003647 	 79.053724 	 104.099765
   20 	 0.030730 	 81.188950 	 109.192125
   21 	 0.009680 	 83.585417 	 114.124380
   22 	 0.001106 	 85.532671 	 114.124380
   23 	 3.868425 	 86.080360 	 114.124380
   24 	 0.003647 	 84.690609 	 104.099765
   25 	 0.251720 	 85.752967 	 110.534934
   26 	 78.081265 	 90.354411 	 177.734502
   27 	 0.001106 	 92.722706 	 177.734502
   28 	 0.002363 	 99.873548 	 177.734502
   29 	 78.081265 	 110.767504 	 177.734502
   30 	 0.001106 	 112.502452 	 193.709493
   31 	 1.859253 	 131.533639 	 193.709493
   32 	 0.009412 	 137.883154 	 193.709493
   33 	 0.990977 	 149.106979 	 193.709493
   34 	 1.013563 	 162.187402 	 523.765986
   35 	 0.003719 	 163.043572 	 193.709493
   36 	 0.144841 	 166.456260 	 193.709493
   37 	 0.001117 	 165.981625 	 193.709493
   38 	 103.400110 	 176.837477 	 193.709493
   39 	 0.003719 	 173.635485 	 193.709493
   40 	 0.001117 	 172.355008 	 193.709493
   41 	 0.144841 	 173.630876 	 193.709493
   42 	 0.550660 	 178.402123 	 523.765986
   43 	 0.002400 	 185.813877 	 523.765986
   44 	 32.831698 	 223.870127 	 544.197074
   45 	 0.144851 	 292.389005 	 691.922004
   46 	 1.013384 	 404.844992 	 696.160868
   47 	 0.001160 	 467.285963 	 696.160868
   48 	 1.013563 	 537.933578 	 696.160868
   49 	 2.233616 	 552.810603 	 1028.330928
 