   0 	 0.000304 	 0.073194 	 1.978912
    1 	 0.000377 	 2.657266 	 165.561201
    2 	 0.001055 	 94.799706 	 165.561201
    3 	 0.002711 	 157.526869 	 165.561201
    4 	 0.002380 	 159.715820 	 165.561201
    5 	 0.001659 	 159.330727 	 169.806315
    6 	 0.001659 	 158.334819 	 174.214131
    7 	 2.890106 	 158.920022 	 174.214131
    8 	 0.001659 	 155.491827 	 174.214131
    9 	 0.009567 	 157.332200 	 174.214131
   10 	 141.042480 	 164.810666 	 169.806315
   11 	 2.532671 	 163.392077 	 169.806315
   12 	 1.204708 	 161.703001 	 169.806315
   13 	 33.622333 	 164.055691 	 169.806315
   14 	 0.020466 	 160.614592 	 169.806315
   15 	 0.440730 	 163.066561 	 169.806315
   16 	 145.259652 	 166.122306 	 169.806315
   17 	 145.259652 	 166.222583 	 171.343851
   18 	 0.221649 	 162.139873 	 171.343851
   19 	 0.020466 	 158.274890 	 171.343851
   20 	 2.532671 	 162.192052 	 169.806315
   21 	 1.112387 	 162.748707 	 169.806315
   22 	 101.625371 	 165.024793 	 169.806315
   23 	 0.001659 	 161.896487 	 169.806315
   24 	 0.593106 	 163.208598 	 169.806315
   25 	 15.139780 	 161.965364 	 169.806315
   26 	 1.204708 	 162.689097 	 169.806315
   27 	 8.414671 	 162.906755 	 169.806315
   28 	 0.593106 	 161.821683 	 169.806315
   29 	 0.154406 	 162.770672 	 169.806315
   30 	 0.440730 	 162.598458 	 169.806315
   31 	 0.593159 	 160.999616 	 169.806315
   32 	 23.877710 	 164.255515 	 169.806315
   33 	 0.002380 	 165.609772 	 473.246769
   34 	 145.259652 	 174.415828 	 473.246769
   35 	 2.890106 	 186.053910 	 473.246769
   36 	 0.221649 	 219.773765 	 473.246769
   37 	 0.020466 	 301.643726 	 523.774765
   38 	 0.228481 	 376.666467 	 2450.604993
   39 	 8.702231 	 503.648172 	 2596.981010
   40 	 0.009567 	 845.238171 	 2596.981010
   41 	 0.002380 	 1739.185437 	 4896.737598
   42 	 0.009567 	 2444.684584 	 4896.737598
   43 	 0.020578 	 2641.201760 	 4896.737598
   44 	 0.009551 	 2881.590809 	 4896.737598
   45 	 1505.882353 	 3429.732196 	 5518.227810
   46 	 0.001659 	 3926.271971 	 5518.227810
   47 	 273.664179 	 4392.393274 	 5518.227810
   48 	 0.976368 	 4488.971599 	 5518.227810
   49 	 0.020579 	 4534.183070 	 5518.227810
 