   0 	 0.000294 	 0.045243 	 1.632773
    1 	 0.002387 	 0.597334 	 2.259596
    2 	 0.003595 	 1.285447 	 4.189446
    3 	 0.003817 	 1.727895 	 4.189446
    4 	 0.007099 	 1.948967 	 7.014075
    5 	 0.007099 	 2.408765 	 7.014075
    6 	 0.060084 	 3.241136 	 7.014075
    7 	 0.061464 	 4.672546 	 8.676814
    8 	 0.060084 	 5.745698 	 8.676814
    9 	 0.985316 	 6.751648 	 67.181112
   10 	 0.103104 	 12.183965 	 67.181112
   11 	 0.003867 	 38.586108 	 67.181112
   12 	 0.003779 	 58.831468 	 71.999755
   13 	 4.189446 	 65.422722 	 71.999755
   14 	 0.078403 	 64.542658 	 71.999755
   15 	 0.002371 	 65.935776 	 71.999755
   16 	 0.003779 	 64.870827 	 71.999755
   17 	 43.580702 	 66.997485 	 71.999755
   18 	 43.580702 	 66.792143 	 71.999755
   19 	 7.394648 	 66.919106 	 73.894887
   20 	 0.078403 	 66.884356 	 80.022175
   21 	 67.181112 	 67.784108 	 71.999755
   22 	 2.573041 	 66.974795 	 71.999755
   23 	 0.007394 	 65.692054 	 76.378229
   24 	 1.190152 	 66.795668 	 80.022175
   25 	 0.214793 	 66.964884 	 80.022175
   26 	 2.822241 	 67.124420 	 80.022175
   27 	 0.583291 	 66.902796 	 76.378229
   28 	 1.191564 	 66.775073 	 76.378229
   29 	 0.027844 	 68.680865 	 422.130424
   30 	 0.003774 	 95.568485 	 422.130424
   31 	 54.224054 	 198.337867 	 422.130424
   32 	 0.003872 	 304.787498 	 635.834582
   33 	 0.003779 	 361.572608 	 635.834582
   34 	 0.158064 	 386.182490 	 635.834582
   35 	 4.054837 	 389.777515 	 635.834582
   36 	 0.037487 	 410.155410 	 635.834582
   37 	 1.254342 	 409.136364 	 635.834582
   38 	 37.018226 	 423.474213 	 635.834582
   39 	 0.009454 	 429.674283 	 750.336094
   40 	 0.158070 	 458.447090 	 750.336094
   41 	 0.007382 	 456.187535 	 750.336094
   42 	 0.569644 	 471.978213 	 1357.706703
   43 	 0.037633 	 487.025282 	 1357.706703
   44 	 0.917552 	 548.323579 	 1357.706703
   45 	 0.007395 	 651.372523 	 1357.706703
   46 	 0.003769 	 826.150870 	 1357.706703
   47 	 0.578340 	 951.036535 	 1357.706703
   48 	 8.402307 	 1100.284003 	 1357.706703
   49 	 6.518859 	 1138.154971 	 1357.706703
 