   0 	 0.000353 	 0.045036 	 1.291628
    1 	 0.000727 	 0.797999 	 29.801838
    2 	 0.000727 	 8.890193 	 29.801838
    3 	 0.000727 	 26.355668 	 29.884474
    4 	 11.983707 	 29.115888 	 29.884474
    5 	 0.008859 	 30.828969 	 298.777022
    6 	 0.009495 	 52.859781 	 298.777022
    7 	 0.000727 	 150.971364 	 298.777022
    8 	 0.006026 	 253.799319 	 341.183092
    9 	 0.000727 	 277.682190 	 341.183092
   10 	 0.002389 	 287.249437 	 341.183092
   11 	 0.150077 	 292.892778 	 341.183092
   12 	 0.006026 	 294.138369 	 341.183092
   13 	 10.359369 	 297.499071 	 341.183092
   14 	 2.275210 	 296.027104 	 392.622220
   15 	 261.889687 	 296.112915 	 392.622220
   16 	 0.150077 	 292.538069 	 392.622220
   17 	 0.590008 	 287.748653 	 392.622220
   18 	 1.062326 	 290.912443 	 392.622220
   19 	 0.037699 	 292.051685 	 392.622220
   20 	 0.150077 	 297.442592 	 392.622220
   21 	 3.085965 	 293.783718 	 392.622220
   22 	 49.642313 	 298.923969 	 392.622220
   23 	 0.009498 	 305.721759 	 533.339705
   24 	 0.009498 	 310.337673 	 533.339705
   25 	 251.814474 	 324.075969 	 472.246632
   26 	 10.405661 	 322.366908 	 472.246632
   27 	 32.565888 	 326.308481 	 472.246632
   28 	 0.065383 	 334.267952 	 472.246632
   29 	 4.973060 	 342.600170 	 472.246632
   30 	 0.002384 	 354.875352 	 472.246632
   31 	 0.006026 	 365.256515 	 472.246632
   32 	 0.006026 	 377.540221 	 656.798229
   33 	 0.000739 	 377.173606 	 656.798229
   34 	 0.150095 	 395.773062 	 656.798229
   35 	 0.000739 	 396.039969 	 472.246632
   36 	 0.590281 	 421.677516 	 472.246632
   37 	 0.005855 	 422.254350 	 472.246632
   38 	 0.005858 	 430.863764 	 472.246632
   39 	 0.000739 	 450.862361 	 472.246632
   40 	 0.249501 	 452.809301 	 566.399719
   41 	 0.002384 	 442.253869 	 566.399719
   42 	 0.009534 	 448.736300 	 1475.932849
   43 	 128.285231 	 483.391729 	 1475.932849
   44 	 0.038128 	 553.797327 	 1475.932849
   45 	 311.306131 	 751.609627 	 1475.932849
   46 	 1.045494 	 946.244231 	 1475.932849
   47 	 0.000739 	 1185.825028 	 1475.932849
   48 	 0.000739 	 1316.404884 	 1475.932849
   49 	 472.246632 	 1395.261437 	 1475.932849
 