   0 	 0.000311 	 0.312843 	 18.737483
    1 	 0.000959 	 10.210184 	 18.737483
    2 	 0.002800 	 15.901805 	 21.810936
    3 	 0.041254 	 16.704411 	 21.810936
    4 	 0.211189 	 18.300301 	 19.239294
    5 	 5.560716 	 18.442140 	 19.239294
    6 	 0.009915 	 18.467229 	 19.239294
    7 	 0.002800 	 18.376830 	 51.596758
    8 	 2.286399 	 19.584053 	 51.596758
    9 	 0.020842 	 21.157085 	 51.596758
   10 	 0.211189 	 26.783683 	 51.596758
   11 	 0.039225 	 34.312569 	 188.641428
   12 	 0.212716 	 48.846806 	 188.641428
   13 	 0.039247 	 68.770993 	 188.641428
   14 	 0.002940 	 107.180413 	 188.641428
   15 	 25.452443 	 160.940723 	 188.641428
   16 	 0.009673 	 179.536188 	 355.737377
   17 	 187.228665 	 188.514279 	 188.641428
   18 	 0.161577 	 186.237658 	 188.641428
   19 	 0.546848 	 184.430197 	 188.641428
   20 	 0.002367 	 180.446731 	 188.641428
   21 	 0.646581 	 186.324619 	 355.737377
   22 	 2.722354 	 184.821751 	 355.737377
   23 	 0.001452 	 184.762296 	 355.737377
   24 	 0.001452 	 194.607333 	 355.737377
   25 	 0.001452 	 202.850799 	 355.737377
   26 	 0.039247 	 221.433651 	 355.737377
   27 	 0.546848 	 244.118708 	 357.901801
   28 	 116.400038 	 258.864860 	 357.901801
   29 	 0.157473 	 273.800107 	 357.901801
   30 	 2.911304 	 294.268846 	 359.833577
   31 	 0.240370 	 324.041172 	 359.833577
   32 	 0.022845 	 336.268050 	 359.833577
   33 	 0.022845 	 340.216414 	 359.833577
   34 	 0.002372 	 334.780428 	 359.833577
   35 	 1.688543 	 344.145210 	 359.833577
   36 	 173.760059 	 351.473215 	 359.833577
   37 	 2.893761 	 351.593273 	 359.833577
   38 	 0.626276 	 346.370556 	 359.833577
   39 	 0.022845 	 345.365428 	 359.833577
   40 	 13.908387 	 345.761397 	 359.833577
   41 	 0.240370 	 350.616438 	 359.833577
   42 	 0.001454 	 347.015737 	 359.833577
   43 	 0.001454 	 347.231049 	 359.833577
   44 	 0.159011 	 345.210740 	 359.833577
   45 	 0.001454 	 344.955444 	 355.737377
   46 	 0.002372 	 338.540102 	 355.737377
   47 	 0.563389 	 338.160719 	 355.737377
   48 	 10.467474 	 346.117934 	 359.833577
   49 	 173.760059 	 353.568238 	 355.737377
 