   0 	 0.000311 	 0.042454 	 2.272587
    1 	 0.001547 	 0.843203 	 2.272587
    2 	 0.005292 	 1.824303 	 2.272587
    3 	 0.188674 	 2.181202 	 8.820584
    4 	 1.250058 	 2.366332 	 14.958958
    5 	 0.001405 	 3.253504 	 14.958958
    6 	 0.039893 	 6.101987 	 14.958958
    7 	 0.009086 	 9.966269 	 25.195263
    8 	 0.034663 	 13.071719 	 25.195263
    9 	 2.481476 	 14.316482 	 25.195263
   10 	 2.541260 	 15.795622 	 25.195263
   11 	 0.010021 	 16.713668 	 25.195263
   12 	 0.185009 	 17.805890 	 25.195263
   13 	 0.009086 	 18.743539 	 25.353684
   14 	 0.001430 	 20.589784 	 25.353684
   15 	 0.249806 	 22.081481 	 25.353684
   16 	 0.002341 	 22.449361 	 25.353684
   17 	 0.038830 	 22.674441 	 29.317404
   18 	 0.001430 	 23.539298 	 29.742933
   19 	 0.001434 	 23.787249 	 29.317404
   20 	 0.185009 	 23.744233 	 27.770064
   21 	 0.185009 	 23.669672 	 27.261327
   22 	 7.951022 	 24.419295 	 25.195263
   23 	 4.822298 	 24.801923 	 25.195263
   24 	 0.606567 	 24.605937 	 25.195263
   25 	 0.674966 	 24.925567 	 29.317404
   26 	 0.177759 	 24.759246 	 25.195263
   27 	 0.009898 	 24.184837 	 25.195263
   28 	 0.104147 	 24.500186 	 29.317404
   29 	 0.177759 	 24.483334 	 25.274864
   30 	 0.035474 	 24.686998 	 29.317404
   31 	 7.951022 	 25.094400 	 29.317404
   32 	 0.002341 	 24.989332 	 29.317404
   33 	 2.729660 	 24.608918 	 25.508903
   34 	 5.107827 	 24.771725 	 25.508903
   35 	 0.251512 	 23.767889 	 27.261327
   36 	 0.008912 	 24.309868 	 27.261327
   37 	 0.009898 	 24.078205 	 27.261327
   38 	 7.951022 	 25.006249 	 29.317404
   39 	 2.729660 	 25.048220 	 29.317404
   40 	 4.822298 	 25.061212 	 27.261327
   41 	 0.001370 	 24.561806 	 27.261327
   42 	 0.001430 	 24.578340 	 27.434842
   43 	 0.177854 	 24.888913 	 27.261327
   44 	 1.042490 	 24.872964 	 27.770064
   45 	 0.009978 	 24.239112 	 27.770064
   46 	 0.002341 	 23.237530 	 27.770064
   47 	 0.185009 	 23.716643 	 27.261327
   48 	 0.038830 	 23.606633 	 27.261327
   49 	 14.958958 	 24.365771 	 27.261327
 