   0 	 0.000263 	 0.115135 	 8.343905
    1 	 0.003647 	 4.925421 	 8.976664
    2 	 0.008978 	 7.803937 	 8.976664
    3 	 8.261188 	 8.740857 	 45.550696
    4 	 8.261188 	 10.974739 	 45.550696
    5 	 1.303058 	 21.281376 	 45.550696
    6 	 1.302857 	 57.528490 	 2224.389272
    7 	 0.126388 	 768.602749 	 2224.389272
    8 	 0.126732 	 2032.325023 	 5166.313980
    9 	 13.118959 	 2242.698538 	 5166.313980
   10 	 2.386289 	 2269.648844 	 5166.313980
   11 	 0.009550 	 2533.856317 	 5166.313980
   12 	 424.311055 	 3048.651329 	 5166.313980
   13 	 0.028221 	 3584.850274 	 5166.313980
   14 	 0.991999 	 3886.329421 	 5166.313980
   15 	 363.166017 	 4400.916848 	 5166.313980
   16 	 0.008672 	 4559.395867 	 5166.313980
   17 	 0.038042 	 4700.449071 	 5166.313980
   18 	 0.005719 	 4917.585608 	 15252.830925
   19 	 16.782589 	 5334.863445 	 15252.830925
   20 	 0.005719 	 5458.943504 	 15252.830925
   21 	 0.151752 	 7223.393428 	 15252.830925
   22 	 9.348314 	 9661.687111 	 15252.830925
   23 	 0.603640 	 12651.825632 	 15252.830925
   24 	 2.252152 	 13789.435952 	 15252.830925
   25 	 0.008672 	 14231.109904 	 15252.830925
   26 	 0.151752 	 14391.632321 	 15252.830925
   27 	 0.961123 	 15100.312227 	 15252.830925
   28 	 3.755085 	 14952.044781 	 15252.830925
   29 	 131.718264 	 14883.563517 	 15252.830925
   30 	 0.028222 	 14795.583871 	 15252.830925
   31 	 3.755085 	 14986.471265 	 18670.092006
   32 	 0.009550 	 14238.045580 	 18670.092006
   33 	 0.008672 	 14578.807696 	 18670.092006
   34 	 0.038042 	 14970.643045 	 18670.092006
   35 	 1272.163473 	 15386.405137 	 18670.092006
   36 	 0.005719 	 14445.804935 	 18670.092006
   37 	 0.237487 	 15410.415446 	 18670.092006
   38 	 0.008672 	 14582.886659 	 18670.092006
   39 	 15252.830925 	 15936.283142 	 18670.092006
   40 	 0.038042 	 15451.823809 	 18670.092006
   41 	 10.209503 	 15629.797174 	 18670.092006
   42 	 0.540653 	 15234.675458 	 18670.092006
   43 	 0.008672 	 15171.181143 	 18670.092006
   44 	 0.009550 	 15412.673177 	 18670.092006
   45 	 0.603687 	 15783.760869 	 18670.092006
   46 	 0.028222 	 15587.203997 	 18670.092006
   47 	 57.229317 	 15837.866155 	 18670.092006
   48 	 0.038042 	 16137.972056 	 18670.092006
   49 	 0.002386 	 15929.629132 	 18670.092006
 