   0 	 0.000339 	 0.026405 	 0.619963
    1 	 0.000427 	 0.314831 	 6.234934
    2 	 0.005837 	 1.594451 	 6.472949
    3 	 0.037946 	 4.691981 	 6.611757
    4 	 0.001169 	 6.008385 	 6.611757
    5 	 2.422827 	 6.058803 	 6.611757
    6 	 0.647329 	 6.131760 	 6.611757
    7 	 1.228584 	 6.193618 	 6.611757
    8 	 0.043603 	 6.155647 	 6.611757
    9 	 0.009710 	 6.105652 	 8.709388
   10 	 0.009710 	 6.104722 	 8.709388
   11 	 6.204874 	 6.326017 	 8.709388
   12 	 0.022713 	 6.229120 	 8.709388
   13 	 0.002360 	 6.247450 	 7.283766
   14 	 0.002360 	 6.191862 	 7.321790
   15 	 1.587084 	 6.346014 	 7.321790
   16 	 3.298305 	 6.358946 	 7.652216
   17 	 0.002360 	 6.343374 	 7.652216
   18 	 0.001169 	 6.284643 	 7.652216
   19 	 6.175027 	 6.407857 	 7.652216
   20 	 0.002360 	 6.411745 	 8.709388
   21 	 5.778389 	 6.495956 	 8.709388
   22 	 0.009643 	 6.419993 	 8.660436
   23 	 0.225644 	 6.409880 	 8.660436
   24 	 0.063931 	 6.664152 	 50.396560
   25 	 1.217073 	 9.595392 	 50.396560
   26 	 0.001169 	 24.153532 	 71.709796
   27 	 6.234934 	 42.497839 	 71.709796
   28 	 0.044721 	 48.773595 	 96.441091
   29 	 0.141067 	 49.430506 	 96.441091
   30 	 1.157919 	 51.563412 	 96.441091
   31 	 0.009723 	 54.855250 	 97.129851
   32 	 1.157919 	 59.733768 	 97.129851
   33 	 0.036697 	 65.758764 	 97.129851
   34 	 0.263476 	 72.007560 	 97.129851
   35 	 50.396560 	 77.421409 	 113.211510
   36 	 0.036980 	 79.232677 	 114.161818
   37 	 0.002380 	 83.093020 	 114.161818
   38 	 0.001176 	 85.537302 	 114.161818
   39 	 0.625160 	 93.885611 	 114.161818
   40 	 0.037848 	 93.920691 	 114.161818
   41 	 12.955076 	 94.612798 	 240.423910
   42 	 0.625160 	 97.696971 	 240.423910
   43 	 54.625036 	 114.609246 	 274.173906
   44 	 0.022145 	 145.705040 	 867.284561
   45 	 2.596431 	 264.444838 	 867.284561
   46 	 0.062788 	 473.788802 	 867.284561
   47 	 0.009573 	 632.136085 	 867.284561
   48 	 0.216476 	 739.417329 	 867.284561
   49 	 0.150306 	 781.663900 	 1274.495647
 