   0 	 0.000344 	 0.035895 	 1.247971
    1 	 0.000344 	 0.480257 	 2.548647
    2 	 0.001989 	 1.052769 	 4.870151
    3 	 0.011983 	 1.665086 	 4.870151
    4 	 0.102913 	 2.515202 	 5.202577
    5 	 0.008837 	 3.647914 	 5.202577
    6 	 1.235109 	 4.486235 	 5.520578
    7 	 1.247971 	 4.740239 	 5.520578
    8 	 0.002327 	 4.696005 	 17.781887
    9 	 1.247971 	 5.280311 	 17.781887
   10 	 3.636009 	 7.304503 	 19.404044
   11 	 0.002373 	 10.823060 	 23.192708
   12 	 0.002327 	 13.442232 	 23.192708
   13 	 4.679961 	 16.413595 	 23.192708
   14 	 0.127724 	 17.680554 	 69.624074
   15 	 0.002257 	 20.325841 	 69.624074
   16 	 1.835924 	 27.207704 	 152.558837
   17 	 0.002402 	 42.213573 	 152.558837
   18 	 0.002366 	 61.292378 	 152.558837
   19 	 0.009397 	 86.714163 	 157.757369
   20 	 0.002250 	 108.909319 	 157.757369
   21 	 1.894237 	 132.399862 	 474.462506
   22 	 0.002373 	 140.775845 	 474.462506
   23 	 62.324712 	 153.596863 	 474.462506
   24 	 0.494327 	 190.731308 	 474.462506
   25 	 0.002373 	 261.932145 	 474.462506
   26 	 0.009471 	 332.636567 	 487.650709
   27 	 0.037621 	 408.604861 	 668.517077
   28 	 100.850695 	 462.804786 	 1136.282934
   29 	 0.002392 	 453.694240 	 668.517077
   30 	 2.181278 	 464.147235 	 668.517077
   31 	 303.799182 	 483.926730 	 695.000396
   32 	 0.002364 	 466.055669 	 668.517077
   33 	 0.577495 	 470.566607 	 668.517077
   34 	 0.037621 	 480.861106 	 922.468293
   35 	 0.467658 	 493.570814 	 973.664232
   36 	 7.856370 	 482.629302 	 668.517077
   37 	 474.462506 	 492.191182 	 668.517077
   38 	 53.435884 	 487.862125 	 668.517077
   39 	 0.037621 	 487.200823 	 945.730128
   40 	 3.401966 	 512.636497 	 945.730128
   41 	 200.495300 	 537.103173 	 945.730128
   42 	 0.445459 	 545.014179 	 1158.501414
   43 	 373.155478 	 559.941865 	 945.730128
   44 	 0.002242 	 620.524263 	 1158.501414
   45 	 0.245241 	 667.929602 	 1158.501414
   46 	 0.533481 	 765.405269 	 1158.501414
   47 	 12.213017 	 837.581738 	 1158.501414
   48 	 0.002227 	 857.673038 	 1158.501414
   49 	 0.009471 	 938.992794 	 1158.501414
 