   0 	 0.000304 	 0.122673 	 4.361922
    1 	 0.001780 	 2.356432 	 6.844561
    2 	 0.001882 	 3.711338 	 6.844561
    3 	 0.002930 	 3.426758 	 6.844561
    4 	 0.003293 	 3.753299 	 7.213651
    5 	 0.003144 	 4.634823 	 7.213651
    6 	 0.019052 	 4.746475 	 7.213651
    7 	 0.042048 	 4.885787 	 7.213651
    8 	 0.814333 	 5.172800 	 7.213651
    9 	 0.001139 	 5.299783 	 7.316335
   10 	 1.892545 	 5.701687 	 7.247162
   11 	 0.814333 	 6.024406 	 7.247162
   12 	 0.785434 	 6.585456 	 8.583912
   13 	 0.002428 	 6.568372 	 7.247162
   14 	 3.159067 	 6.949050 	 7.247162
   15 	 0.103737 	 6.708257 	 8.707491
   16 	 0.002428 	 6.716693 	 7.247162
   17 	 4.216100 	 7.022391 	 7.247162
   18 	 1.370851 	 6.852383 	 7.247162
   19 	 0.052165 	 6.925764 	 8.895754
   20 	 5.395080 	 7.090460 	 8.895754
   21 	 0.174650 	 7.007535 	 8.583912
   22 	 0.814333 	 7.076302 	 8.583912
   23 	 0.052165 	 7.105154 	 8.583912
   24 	 0.001142 	 7.056745 	 8.583912
   25 	 0.331333 	 7.182715 	 8.583912
   26 	 2.921963 	 7.281592 	 8.583912
   27 	 0.001093 	 7.274386 	 10.311723
   28 	 0.041262 	 7.285272 	 8.750667
   29 	 0.001139 	 7.298486 	 8.895754
   30 	 0.001092 	 7.388378 	 8.895754
   31 	 0.001139 	 7.645342 	 10.311723
   32 	 0.019073 	 7.751609 	 10.311723
   33 	 0.001092 	 7.742798 	 10.311723
   34 	 0.131638 	 7.751293 	 10.311723
   35 	 0.356996 	 7.920812 	 10.765053
   36 	 0.009710 	 7.792694 	 10.765053
   37 	 0.772733 	 7.882957 	 10.765053
   38 	 2.764297 	 7.905025 	 10.765053
   39 	 0.164917 	 8.615605 	 56.557887
   40 	 0.487363 	 10.495911 	 56.557887
   41 	 7.147245 	 20.678765 	 73.544683
   42 	 0.139563 	 38.690260 	 162.311313
   43 	 0.001092 	 52.357985 	 215.746821
   44 	 7.213651 	 65.734261 	 215.746821
   45 	 0.210665 	 83.784612 	 215.746821
   46 	 0.009574 	 110.302780 	 219.984825
   47 	 0.009574 	 132.525755 	 215.746821
   48 	 0.002379 	 151.551716 	 215.746821
   49 	 0.001106 	 175.775415 	 215.746821
 