   0 	 0.000275 	 0.037551 	 0.818467
    1 	 0.002210 	 0.333011 	 2.360404
    2 	 0.003207 	 0.805775 	 14.675452
    3 	 0.003224 	 1.767305 	 14.799612
    4 	 0.003398 	 6.141854 	 25.339200
    5 	 0.004134 	 11.243197 	 25.339200
    6 	 0.003028 	 13.782228 	 25.339200
    7 	 0.003920 	 16.680992 	 25.804756
    8 	 8.433758 	 19.551016 	 30.568169
    9 	 10.456314 	 20.239074 	 30.568169
   10 	 13.133529 	 22.067018 	 31.173094
   11 	 8.727819 	 23.944047 	 34.154235
   12 	 0.003916 	 23.402250 	 31.523918
   13 	 0.002364 	 24.049420 	 31.523918
   14 	 0.077495 	 24.750575 	 37.584171
   15 	 0.002364 	 24.689672 	 36.233501
   16 	 0.002377 	 24.620379 	 36.233501
   17 	 5.085214 	 27.227850 	 100.770434
   18 	 0.009984 	 33.592473 	 394.019478
   19 	 0.009329 	 83.559622 	 394.019478
   20 	 0.003920 	 249.430214 	 554.955710
   21 	 0.002383 	 362.370821 	 554.955710
   22 	 0.009378 	 369.482262 	 554.955710
   23 	 1.054059 	 373.044693 	 554.955710
   24 	 20.676320 	 392.850714 	 554.955710
   25 	 147.886431 	 395.313573 	 554.955710
   26 	 0.002383 	 371.745585 	 554.955710
   27 	 0.003882 	 404.991347 	 554.955710
   28 	 0.003956 	 405.786538 	 610.520887
   29 	 0.008065 	 411.329690 	 610.520887
   30 	 0.002383 	 427.644237 	 837.559098
   31 	 0.038052 	 439.103622 	 837.559098
   32 	 0.003956 	 470.042496 	 837.559098
   33 	 0.003956 	 453.106324 	 837.559098
   34 	 0.002383 	 466.945770 	 837.559098
   35 	 362.168514 	 505.477232 	 837.559098
   36 	 0.153266 	 523.757979 	 1400.666942
   37 	 0.343383 	 562.103071 	 1400.666942
   38 	 0.028019 	 678.991570 	 1400.666942
   39 	 3.257818 	 783.004867 	 1400.666942
   40 	 1.395476 	 871.403964 	 1400.666942
   41 	 88.700091 	 1009.904247 	 1400.666942
   42 	 0.153309 	 1115.189982 	 1400.666942
   43 	 0.009525 	 1210.016172 	 1400.666942
   44 	 2.484909 	 1268.970316 	 1400.666942
   45 	 0.038054 	 1326.593151 	 1400.666942
   46 	 0.009525 	 1354.701496 	 1400.666942
   47 	 0.003882 	 1341.710462 	 1400.666942
   48 	 0.002383 	 1342.549540 	 1400.666942
   49 	 0.008065 	 1340.218072 	 1400.666942
 