   0 	 0.000308 	 0.085408 	 5.027908
    1 	 0.001214 	 2.460081 	 16.028559
    2 	 0.002308 	 4.696041 	 16.028559
    3 	 0.045293 	 5.676586 	 16.028559
    4 	 0.025998 	 6.670217 	 16.028559
    5 	 0.032325 	 9.605881 	 94.684044
    6 	 0.072307 	 18.412054 	 94.684044
    7 	 0.008938 	 43.990621 	 113.206160
    8 	 5.027908 	 76.933009 	 113.206160
    9 	 16.028559 	 92.013499 	 113.206160
   10 	 0.000582 	 90.145113 	 110.837200
   11 	 0.538745 	 94.918393 	 110.837200
   12 	 0.008487 	 95.338701 	 178.423541
   13 	 0.009386 	 96.685271 	 178.423541
   14 	 94.684044 	 101.106173 	 178.423541
   15 	 0.537988 	 105.248227 	 205.531190
   16 	 1.904507 	 117.478029 	 205.531190
   17 	 0.224275 	 130.650313 	 228.027207
   18 	 0.037092 	 140.634453 	 240.096038
   19 	 71.363806 	 153.518458 	 231.147516
   20 	 93.807279 	 168.696028 	 231.147516
   21 	 71.363806 	 174.425336 	 231.147516
   22 	 3.018990 	 174.400004 	 205.531190
   23 	 0.570965 	 180.389076 	 209.831460
   24 	 1.680093 	 181.163677 	 228.027207
   25 	 0.002394 	 183.895429 	 257.955236
   26 	 1.681775 	 182.292223 	 257.955236
   27 	 0.009459 	 185.632872 	 257.955236
   28 	 0.009459 	 187.374499 	 257.955236
   29 	 0.224524 	 183.786477 	 257.955236
   30 	 2.195996 	 196.205604 	 318.731032
   31 	 0.579844 	 200.465650 	 318.731032
   32 	 0.002392 	 212.336923 	 318.731032
   33 	 61.053633 	 221.517655 	 318.731032
   34 	 0.000583 	 220.817969 	 318.731032
   35 	 0.002392 	 222.976080 	 318.731032
   36 	 0.008550 	 235.910630 	 318.731032
   37 	 31.951493 	 261.951040 	 384.875679
   38 	 7.937022 	 266.349926 	 384.875679
   39 	 195.135597 	 290.654616 	 384.875679
   40 	 0.037672 	 284.419264 	 384.875679
   41 	 0.000583 	 298.500921 	 384.875679
   42 	 0.571528 	 306.710805 	 384.875679
   43 	 0.224562 	 311.324287 	 743.250395
   44 	 0.008566 	 306.916971 	 743.250395
   45 	 1.044380 	 308.159639 	 743.250395
   46 	 0.580263 	 320.124042 	 743.250395
   47 	 0.008566 	 337.126586 	 743.250395
   48 	 0.000583 	 354.680541 	 1240.323000
   49 	 0.009477 	 447.381529 	 1240.323000
 