   0 	 0.000360 	 0.099840 	 4.174614
    1 	 0.005172 	 1.805949 	 20.552075
    2 	 0.006035 	 5.312651 	 23.621840
    3 	 0.001330 	 11.037360 	 24.026297
    4 	 0.005699 	 16.936853 	 24.026297
    5 	 0.036036 	 20.611433 	 78.022059
    6 	 1.767841 	 23.520750 	 78.022059
    7 	 0.006234 	 33.525908 	 172.978583
    8 	 1.887427 	 58.763627 	 172.978583
    9 	 5.919987 	 77.848544 	 172.978583
   10 	 0.652210 	 101.495177 	 172.978583
   11 	 0.003099 	 124.368414 	 172.978583
   12 	 0.038172 	 152.944562 	 492.595671
   13 	 0.002384 	 151.907735 	 172.978583
   14 	 2.424236 	 157.051953 	 172.978583
   15 	 78.022059 	 167.554199 	 515.181763
   16 	 0.001372 	 170.299515 	 515.181763
   17 	 110.983356 	 181.082164 	 515.181763
   18 	 0.002384 	 200.845914 	 515.181763
   19 	 1.112707 	 249.995598 	 515.181763
   20 	 0.824393 	 335.811166 	 515.181763
   21 	 1.112707 	 394.747829 	 515.181763
   22 	 0.003099 	 468.943744 	 515.181763
   23 	 153.995314 	 498.859381 	 1267.326733
   24 	 0.824393 	 508.002148 	 1267.326733
   25 	 9.828100 	 577.571411 	 1267.326733
   26 	 0.009559 	 633.615308 	 1267.326733
   27 	 369.131388 	 751.828873 	 1720.985264
   28 	 3.429296 	 932.002107 	 1720.985264
   29 	 2.453933 	 1061.475233 	 1720.985264
   30 	 0.002384 	 1114.332697 	 1720.985264
   31 	 1.008043 	 1193.853700 	 1720.985264
   32 	 9.395406 	 1235.254082 	 1720.985264
   33 	 41.082841 	 1329.055705 	 1720.985264
   34 	 0.038179 	 1300.824127 	 1720.985264
   35 	 1.008043 	 1314.325518 	 1720.985264
   36 	 2.453933 	 1348.035530 	 1720.985264
   37 	 0.607922 	 1360.627543 	 1720.985264
   38 	 0.003099 	 1400.516090 	 1720.985264
   39 	 41.082841 	 1459.416344 	 1720.985264
   40 	 0.024712 	 1499.879913 	 1720.985264
   41 	 0.024712 	 1500.538130 	 1720.985264
   42 	 2.453933 	 1550.015591 	 1720.985264
   43 	 1.008043 	 1585.189439 	 1720.985264
   44 	 0.607998 	 1653.297024 	 1720.985264
   45 	 0.002384 	 1630.697535 	 1720.985264
   46 	 0.607998 	 1625.659410 	 1720.985264
   47 	 0.009541 	 1664.097309 	 1720.985264
   48 	 0.002384 	 1636.360560 	 1720.985264
   49 	 0.002384 	 1677.757528 	 1720.985264
 