   0 	 0.000282 	 0.234415 	 21.807843
    1 	 0.040410 	 20.067690 	 21.807843
    2 	 18.397550 	 21.773740 	 21.807843
    3 	 0.002364 	 20.874879 	 21.807843
    4 	 1.965783 	 21.541216 	 21.807843
    5 	 0.001870 	 20.821054 	 21.807843
    6 	 0.003704 	 20.998564 	 21.807843
    7 	 7.660821 	 21.543647 	 22.609057
    8 	 0.683314 	 21.173334 	 22.609057
    9 	 10.095395 	 21.519009 	 22.609057
   10 	 10.095395 	 21.590285 	 21.995395
   11 	 10.095395 	 21.594059 	 22.185216
   12 	 0.039406 	 21.282667 	 22.185216
   13 	 0.001831 	 21.559510 	 22.185216
   14 	 14.380939 	 21.729212 	 25.100992
   15 	 17.536572 	 21.833463 	 23.373736
   16 	 17.536572 	 22.449847 	 83.835912
   17 	 2.036401 	 22.825820 	 83.835912
   18 	 13.634404 	 25.457926 	 83.835912
   19 	 0.003704 	 32.115883 	 83.835912
   20 	 10.095395 	 53.166957 	 134.263105
   21 	 0.003705 	 64.500743 	 134.263105
   22 	 0.002364 	 76.463455 	 134.263105
   23 	 0.073326 	 80.040952 	 134.263105
   24 	 0.002364 	 81.698010 	 99.600974
   25 	 0.223181 	 81.656483 	 99.600974
   26 	 0.039774 	 82.681640 	 99.600974
   27 	 0.073326 	 81.442507 	 99.600974
   28 	 5.898728 	 81.703319 	 99.600974
   29 	 0.223181 	 80.730862 	 83.835912
   30 	 0.223181 	 81.413459 	 83.835912
   31 	 0.003705 	 80.797673 	 83.835912
   32 	 43.296251 	 81.602944 	 83.835912
   33 	 25.369847 	 80.762250 	 83.835912
   34 	 0.039458 	 80.934078 	 99.600974
   35 	 0.002364 	 79.254066 	 85.733423
   36 	 38.849945 	 81.908009 	 85.733423
   37 	 0.073326 	 80.199527 	 99.600974
   38 	 0.009699 	 80.138483 	 99.600974
   39 	 2.186890 	 80.762373 	 99.600974
   40 	 0.222971 	 81.459167 	 99.600974
   41 	 0.003705 	 79.482039 	 99.600974
   42 	 0.002364 	 78.468669 	 99.600974
   43 	 0.291773 	 80.703726 	 97.058520
   44 	 0.515491 	 80.490193 	 99.600974
   45 	 0.009699 	 81.963318 	 97.058520
   46 	 0.039458 	 80.397631 	 97.058520
   47 	 0.001831 	 79.511966 	 97.058520
   48 	 1.083086 	 82.796671 	 97.058520
   49 	 31.125437 	 83.687142 	 97.058520
 