   0 	 0.000291 	 0.066496 	 1.586105
    1 	 0.002168 	 0.593890 	 2.521536
    2 	 0.001746 	 1.021119 	 2.521536
    3 	 0.002383 	 1.449233 	 3.735302
    4 	 0.001568 	 1.416668 	 4.363797
    5 	 0.002098 	 1.516627 	 4.363797
    6 	 0.059949 	 1.817370 	 4.796480
    7 	 0.002098 	 1.982664 	 8.749214
    8 	 0.002097 	 2.288116 	 8.749214
    9 	 0.002375 	 2.938506 	 8.749214
   10 	 0.002105 	 3.566264 	 9.092960
   11 	 0.000670 	 4.303311 	 9.092960
   12 	 0.013658 	 5.433461 	 11.598660
   13 	 0.013594 	 6.634722 	 11.598660
   14 	 0.002391 	 6.693397 	 11.483429
   15 	 0.017233 	 5.802131 	 11.560560
   16 	 0.036987 	 7.583146 	 11.483429
   17 	 0.009436 	 7.295771 	 11.483429
   18 	 0.026221 	 8.099287 	 121.067484
   19 	 0.026295 	 16.828544 	 121.067484
   20 	 0.034808 	 73.985913 	 130.955460
   21 	 0.646691 	 117.209065 	 121.067484
   22 	 0.009464 	 118.575269 	 121.067484
   23 	 0.002106 	 114.722994 	 121.067484
   24 	 2.503195 	 118.831628 	 121.067484
   25 	 0.002379 	 118.789187 	 142.615591
   26 	 97.776025 	 120.239030 	 142.615591
   27 	 0.002393 	 115.058718 	 142.615591
   28 	 0.037560 	 120.046900 	 148.719617
   29 	 96.223644 	 121.629031 	 142.615591
   30 	 0.009464 	 118.484502 	 142.615591
   31 	 0.009464 	 118.584779 	 142.615591
   32 	 0.646691 	 118.379470 	 142.615591
   33 	 0.002379 	 116.189994 	 142.615591
   34 	 2.503195 	 120.073248 	 142.615591
   35 	 21.912594 	 123.179382 	 148.812710
   36 	 0.002393 	 119.693314 	 148.812710
   37 	 0.002393 	 123.089832 	 148.812710
   38 	 48.534849 	 125.113287 	 148.812710
   39 	 2.503195 	 123.281428 	 148.812710
   40 	 0.002379 	 125.177312 	 229.533839
   41 	 0.037562 	 131.790951 	 318.892184
   42 	 0.009464 	 132.641216 	 318.892184
   43 	 1.103806 	 133.863187 	 318.892184
   44 	 2.899123 	 136.466995 	 303.043518
   45 	 0.002106 	 136.199221 	 303.043518
   46 	 0.002379 	 145.423761 	 318.892184
   47 	 23.618408 	 160.181640 	 303.043518
   48 	 0.002106 	 179.370451 	 303.043518
   49 	 0.037562 	 209.645801 	 303.043518
 