   0 	 1.642100 	 25.069496 	 74.156900
    1 	 2.488200 	 36.391215 	 74.156900
    2 	 5.896800 	 39.516226 	 66.983400
    3 	 5.896800 	 43.785695 	 69.732500
    4 	 1.908200 	 46.930878 	 72.445400
    5 	 18.676100 	 50.497261 	 74.110500
    6 	 28.049100 	 53.713362 	 74.110500
    7 	 20.211000 	 53.471766 	 75.445800
    8 	 21.612600 	 54.763823 	 73.872000
    9 	 7.470200 	 54.546272 	 72.552900
   10 	 21.612600 	 55.978074 	 70.070900
   11 	 25.872600 	 55.987532 	 71.330000
   12 	 27.079700 	 57.405306 	 76.310500
   13 	 21.459500 	 58.507223 	 72.968900
   14 	 26.654600 	 57.081764 	 74.913900
   15 	 26.108100 	 58.517556 	 75.511300
   16 	 35.050700 	 60.003852 	 75.547700
   17 	 27.527600 	 60.586854 	 74.722100
   18 	 30.887400 	 59.773228 	 76.415000
   19 	 25.159600 	 58.917527 	 75.106500
   20 	 31.801400 	 58.342086 	 75.639800
   21 	 31.801400 	 59.864134 	 75.639800
   22 	 22.594500 	 60.003298 	 75.639800
   23 	 22.594500 	 59.609988 	 74.725700
   24 	 26.549400 	 60.282474 	 76.509300
   25 	 30.117700 	 60.258867 	 77.014200
   26 	 31.816100 	 61.480519 	 77.014200
   27 	 31.816100 	 61.849073 	 73.919300
   28 	 31.816100 	 60.688887 	 77.419400
   29 	 31.256500 	 61.757087 	 77.419400
   30 	 15.313100 	 61.308283 	 75.822600
   31 	 33.258800 	 60.949676 	 76.226400
   32 	 29.532100 	 63.259379 	 76.226400
   33 	 35.681700 	 64.109228 	 75.928500
   34 	 32.844500 	 63.096994 	 77.623600
   35 	 33.948500 	 63.407309 	 75.623600
   36 	 41.070000 	 63.262596 	 76.613600
   37 	 41.048900 	 63.401852 	 76.613600
   38 	 32.104500 	 63.930965 	 76.613600
   39 	 38.372900 	 63.477686 	 75.525700
   40 	 29.540600 	 64.306083 	 75.522500
   41 	 38.103000 	 64.629400 	 76.414000
   42 	 32.025700 	 64.393921 	 76.414000
   43 	 28.903600 	 63.469401 	 77.020000
   44 	 24.319300 	 64.394874 	 77.020000
   45 	 24.031300 	 64.949258 	 77.020000
   46 	 31.604600 	 65.491710 	 77.521700
   47 	 27.259800 	 66.506046 	 77.521700
   48 	 49.535300 	 68.799838 	 77.724500
   49 	 46.782500 	 66.874815 	 77.521700
 