   0 	 1.970900 	 26.023095 	 60.471400
    1 	 6.366800 	 34.391025 	 61.359700
    2 	 13.597800 	 38.451731 	 72.923000
    3 	 10.933400 	 42.440787 	 72.923000
    4 	 5.928200 	 45.538411 	 72.720600
    5 	 20.470500 	 48.052022 	 73.825400
    6 	 29.514600 	 51.406791 	 70.841900
    7 	 22.599500 	 51.710802 	 70.841900
    8 	 22.744900 	 53.788718 	 70.841900
    9 	 24.923300 	 52.701845 	 72.078800
   10 	 15.447800 	 51.810912 	 69.097400
   11 	 26.443000 	 53.598741 	 73.024500
   12 	 35.358900 	 54.256806 	 73.024500
   13 	 20.734600 	 54.860926 	 72.541100
   14 	 20.734600 	 54.087365 	 75.712500
   15 	 22.779600 	 56.724875 	 75.712500
   16 	 26.521400 	 56.252559 	 75.712500
   17 	 32.909400 	 57.811486 	 75.712500
   18 	 22.551800 	 58.377038 	 74.134100
   19 	 37.319400 	 59.109931 	 73.930900
   20 	 23.632600 	 58.803525 	 73.834200
   21 	 36.215000 	 60.349315 	 76.617400
   22 	 22.661800 	 59.878445 	 73.126200
   23 	 41.039400 	 61.195833 	 74.908900
   24 	 40.911000 	 61.743299 	 74.643000
   25 	 40.911000 	 63.177099 	 75.131300
   26 	 41.164100 	 63.359513 	 76.007800
   27 	 38.986900 	 62.772617 	 75.206200
   28 	 27.159700 	 63.428173 	 77.014200
   29 	 36.256600 	 64.536577 	 77.216600
   30 	 46.632100 	 66.014619 	 76.211000
   31 	 43.059000 	 66.011743 	 76.311700
   32 	 45.997400 	 64.926498 	 76.413400
   33 	 43.575000 	 64.955028 	 76.617400
   34 	 26.822200 	 64.480956 	 77.216600
   35 	 45.947800 	 66.168803 	 76.617400
   36 	 39.045000 	 64.620438 	 76.820600
   37 	 48.983000 	 66.493607 	 76.820600
   38 	 31.552600 	 67.196254 	 76.820600
   39 	 31.933400 	 66.833735 	 76.820600
   40 	 45.571800 	 65.175410 	 76.415000
   41 	 40.480600 	 65.520632 	 76.415000
   42 	 37.620600 	 65.992022 	 76.413400
   43 	 32.581400 	 66.786117 	 76.617400
   44 	 32.581400 	 68.617944 	 76.922500
   45 	 48.534200 	 68.534341 	 76.820600
   46 	 39.912900 	 68.292514 	 77.024600
   47 	 49.882500 	 69.362067 	 77.224200
   48 	 45.884600 	 68.764057 	 77.024600
   49 	 45.079800 	 69.845915 	 77.024600
 