   0 	 1.028600 	 25.714627 	 59.328200
    1 	 6.349100 	 32.267612 	 63.224500
    2 	 11.332500 	 36.667321 	 67.644800
    3 	 11.168100 	 41.444109 	 67.644800
    4 	 10.467700 	 45.885121 	 70.896800
    5 	 10.613900 	 48.862238 	 70.896800
    6 	 14.996400 	 50.720129 	 70.896800
    7 	 14.996400 	 50.952255 	 70.896800
    8 	 14.996400 	 51.687237 	 70.896800
    9 	 28.391600 	 53.765347 	 70.896800
   10 	 18.033300 	 52.996804 	 73.507800
   11 	 18.968900 	 54.519271 	 77.320100
   12 	 19.964100 	 55.657350 	 77.320100
   13 	 21.919300 	 57.045078 	 77.422400
   14 	 26.395200 	 58.750303 	 77.422400
   15 	 26.052500 	 59.400819 	 77.624400
   16 	 31.212200 	 60.614446 	 77.624400
   17 	 17.914100 	 61.761352 	 77.624400
   18 	 38.354400 	 64.135936 	 77.422400
   19 	 31.553600 	 63.042700 	 77.422400
   20 	 18.813700 	 64.587482 	 77.422400
   21 	 38.136900 	 65.365113 	 77.726900
   22 	 42.846800 	 66.293375 	 77.829000
   23 	 42.846800 	 67.952645 	 77.624400
   24 	 45.373600 	 68.408958 	 77.624400
   25 	 26.352600 	 66.752179 	 77.624400
   26 	 26.352600 	 68.139431 	 77.624400
   27 	 50.590800 	 69.203352 	 77.624400
   28 	 49.446500 	 70.088577 	 77.624400
   29 	 45.566500 	 70.041540 	 77.725700
   30 	 45.566500 	 69.885293 	 77.725700
   31 	 46.600400 	 70.942772 	 77.626000
   32 	 38.362500 	 70.021260 	 77.624400
   33 	 38.362500 	 70.188176 	 77.626000
   34 	 47.728100 	 71.641311 	 77.728100
   35 	 47.752400 	 72.561977 	 77.728100
   36 	 52.165200 	 73.698071 	 77.828000
   37 	 52.733300 	 74.053831 	 77.728100
   38 	 52.733300 	 73.990408 	 77.828000
   39 	 53.496500 	 74.429562 	 77.728100
   40 	 48.059600 	 73.874255 	 77.829000
   41 	 54.732900 	 74.511335 	 77.828000
   42 	 57.966400 	 74.318729 	 77.828000
   43 	 62.677200 	 74.074066 	 77.626000
   44 	 48.086400 	 73.729117 	 77.626000
   45 	 66.002400 	 74.318307 	 77.626000
   46 	 48.494400 	 73.670357 	 77.726900
   47 	 51.356900 	 74.092459 	 77.726900
   48 	 47.009600 	 74.087450 	 77.726900
   49 	 47.009600 	 74.456915 	 77.726900
 