   0 	 0.495000 	 23.965765 	 54.857100
    1 	 4.088500 	 32.961972 	 56.801300
    2 	 4.747500 	 36.242007 	 57.719800
    3 	 10.055000 	 38.672613 	 57.707700
    4 	 6.197700 	 42.593579 	 66.231200
    5 	 3.889700 	 43.137593 	 66.231200
    6 	 9.401100 	 45.794158 	 71.153300
    7 	 0.501800 	 47.919357 	 70.726200
    8 	 0.168900 	 47.365572 	 68.787800
    9 	 18.901900 	 48.713951 	 69.354000
   10 	 21.443400 	 50.941300 	 74.816600
   11 	 24.748600 	 52.802414 	 69.543800
   12 	 24.841000 	 54.047886 	 69.354000
   13 	 29.332500 	 54.432590 	 71.410500
   14 	 23.510100 	 53.988908 	 68.603000
   15 	 31.651500 	 54.807400 	 74.513700
   16 	 11.388300 	 52.977323 	 74.521900
   17 	 12.428100 	 52.566248 	 70.577900
   18 	 28.225000 	 53.044534 	 70.577900
   19 	 19.265000 	 54.472639 	 70.577900
   20 	 18.585000 	 53.047849 	 73.532900
   21 	 21.300600 	 53.795111 	 73.532900
   22 	 23.837700 	 56.715127 	 72.848200
   23 	 25.685700 	 58.602235 	 75.737100
   24 	 29.630600 	 58.640255 	 73.236200
   25 	 33.656400 	 59.008640 	 71.215700
   26 	 33.656400 	 57.979836 	 72.751700
   27 	 33.711700 	 59.440973 	 73.825400
   28 	 34.356900 	 58.983886 	 72.547700
   29 	 36.705000 	 59.337985 	 71.444900
   30 	 33.477000 	 57.057994 	 71.866600
   31 	 35.846100 	 59.467304 	 72.539300
   32 	 33.322000 	 59.517552 	 72.927300
   33 	 29.435000 	 60.641030 	 72.927300
   34 	 41.798600 	 63.430241 	 74.242600
   35 	 33.807300 	 64.096265 	 74.722100
   36 	 33.393400 	 63.502222 	 74.722100
   37 	 36.780500 	 63.865223 	 74.141300
   38 	 36.780500 	 63.854094 	 74.722100
   39 	 30.064500 	 63.908294 	 73.914900
   40 	 27.280800 	 63.085945 	 73.914900
   41 	 20.979700 	 62.136869 	 72.746900
   42 	 30.587800 	 63.077472 	 72.746900
   43 	 36.606900 	 63.661035 	 73.134900
   44 	 44.772100 	 63.551988 	 73.134900
   45 	 37.656900 	 61.351433 	 72.843600
   46 	 24.706600 	 61.888793 	 72.455600
   47 	 43.873700 	 63.613309 	 72.940100
   48 	 21.893700 	 62.495657 	 72.842800
   49 	 42.224800 	 62.937718 	 72.940100
 