   0 	 0.645100 	 24.827680 	 56.830600
    1 	 0.641100 	 31.375915 	 66.331800
    2 	 3.791000 	 38.590506 	 66.951700
    3 	 9.299400 	 44.815555 	 66.951700
    4 	 12.614600 	 46.818513 	 71.447400
    5 	 17.529700 	 49.362218 	 73.563300
    6 	 3.265100 	 51.199634 	 73.563300
    7 	 22.547800 	 53.536678 	 71.995300
    8 	 23.228200 	 52.350098 	 71.645400
    9 	 23.228200 	 53.128163 	 71.645400
   10 	 27.113900 	 54.231499 	 71.645400
   11 	 29.929800 	 55.792274 	 71.691400
   12 	 19.110900 	 56.456640 	 72.440600
   13 	 33.752900 	 57.121654 	 73.835000
   14 	 23.138900 	 57.633140 	 72.362700
   15 	 29.358600 	 57.889933 	 72.796500
   16 	 32.727400 	 57.386959 	 73.053800
   17 	 32.350500 	 59.002878 	 73.256600
   18 	 15.984900 	 59.987648 	 73.256600
   19 	 33.445000 	 59.704452 	 73.459400
   20 	 33.445000 	 61.355907 	 74.713100
   21 	 33.108200 	 60.830304 	 73.141900
   22 	 29.393900 	 60.319855 	 74.817400
   23 	 32.883800 	 61.117379 	 74.840600
   24 	 15.572600 	 62.264558 	 73.867400
   25 	 36.969300 	 62.520995 	 73.459400
   26 	 35.149900 	 61.737239 	 73.543700
   27 	 35.641000 	 62.405184 	 73.459400
   28 	 27.857400 	 61.876357 	 73.752900
   29 	 28.125900 	 64.814266 	 74.905100
   30 	 39.092900 	 67.521102 	 75.805400
   31 	 37.750100 	 66.969520 	 75.805400
   32 	 38.459500 	 67.375167 	 75.805400
   33 	 38.459500 	 66.920754 	 74.154500
   34 	 39.621100 	 67.814545 	 73.867400
   35 	 47.588900 	 67.956772 	 73.962900
   36 	 45.642200 	 67.017011 	 74.618600
   37 	 47.940200 	 68.498508 	 73.765100
   38 	 49.235000 	 69.512263 	 73.888200
   39 	 49.156300 	 69.230242 	 73.867400
   40 	 49.268900 	 69.802034 	 73.765100
   41 	 47.028600 	 69.617634 	 73.549100
   42 	 51.428900 	 70.114732 	 73.956300
   43 	 43.687400 	 69.304598 	 73.650600
   44 	 41.812600 	 68.399292 	 73.357900
   45 	 41.060600 	 67.389590 	 73.650600
   46 	 41.060600 	 67.375482 	 73.650600
   47 	 37.468200 	 68.108947 	 73.650600
   48 	 42.537000 	 68.530632 	 73.867400
   49 	 43.134500 	 69.033401 	 73.867400
 