   0 	 1.145100 	 24.870929 	 59.238500
    1 	 1.071400 	 29.728651 	 61.874900
    2 	 11.777600 	 37.450119 	 64.516000
    3 	 9.568900 	 40.900740 	 62.663700
    4 	 6.649000 	 44.071830 	 66.278900
    5 	 6.649000 	 46.813377 	 66.278900
    6 	 24.067400 	 49.681881 	 70.670600
    7 	 18.060100 	 52.393048 	 74.291400
    8 	 25.550600 	 52.921220 	 70.670600
    9 	 32.730400 	 53.818284 	 70.670600
   10 	 25.553300 	 53.517695 	 70.866600
   11 	 25.553300 	 53.783537 	 70.512100
   12 	 23.293700 	 53.718174 	 70.512100
   13 	 25.243300 	 55.371430 	 69.226500
   14 	 18.171800 	 55.626065 	 70.572500
   15 	 1.583000 	 56.202793 	 74.520900
   16 	 29.489000 	 57.396078 	 75.011400
   17 	 34.211600 	 58.353181 	 73.144100
   18 	 22.860100 	 59.473449 	 73.144100
   19 	 39.598100 	 61.643659 	 72.079400
   20 	 38.696500 	 61.001539 	 74.132100
   21 	 25.434500 	 59.557589 	 72.477000
   22 	 25.434500 	 60.539530 	 72.760500
   23 	 26.172900 	 60.943178 	 72.779700
   24 	 38.290100 	 62.669596 	 70.776100
   25 	 38.290100 	 62.692575 	 70.776100
   26 	 44.627700 	 63.728036 	 71.158500
   27 	 41.255700 	 63.532266 	 74.718500
   28 	 45.835700 	 64.262998 	 74.718500
   29 	 47.301300 	 66.043843 	 74.718500
   30 	 50.065700 	 65.760958 	 74.718500
   31 	 51.440100 	 66.374915 	 74.718500
   32 	 35.158500 	 65.346707 	 74.718500
   33 	 23.896900 	 65.113024 	 74.317700
   34 	 29.130500 	 66.020053 	 74.317700
   35 	 46.703700 	 66.406024 	 75.917700
   36 	 43.636500 	 66.957671 	 75.917700
   37 	 43.636500 	 67.222817 	 74.317700
   38 	 47.196200 	 65.780526 	 74.317700
   39 	 41.286600 	 64.513676 	 74.317700
   40 	 46.119300 	 64.649723 	 74.317700
   41 	 42.460900 	 65.500763 	 75.120100
   42 	 48.546900 	 65.983610 	 74.317700
   43 	 44.632200 	 66.307465 	 74.515300
   44 	 47.483700 	 65.997033 	 74.317700
   45 	 49.152900 	 65.665675 	 74.317700
   46 	 44.252200 	 65.161368 	 73.924900
   47 	 49.356500 	 65.821944 	 73.924900
   48 	 49.912500 	 66.429049 	 73.924900
   49 	 41.763300 	 65.153815 	 73.924900
 