   0 	 2.995800 	 26.429985 	 59.525000
    1 	 2.148200 	 31.676096 	 64.290500
    2 	 6.605300 	 40.259937 	 69.318600
    3 	 14.905700 	 45.520090 	 68.961800
    4 	 10.753100 	 48.244242 	 76.104100
    5 	 19.772300 	 48.222792 	 76.104100
    6 	 16.675800 	 48.930841 	 76.915300
    7 	 15.903000 	 52.309414 	 77.117300
    8 	 16.712400 	 52.288196 	 77.117300
    9 	 25.651600 	 55.700026 	 76.104100
   10 	 32.063300 	 56.571506 	 76.710900
   11 	 21.460900 	 54.721111 	 76.407400
   12 	 28.741300 	 56.975316 	 77.016600
   13 	 25.425300 	 56.982108 	 77.016600
   14 	 25.425300 	 57.290414 	 77.016600
   15 	 3.817400 	 56.583957 	 76.609400
   16 	 21.531000 	 59.216187 	 77.118900
   17 	 21.531000 	 59.551229 	 77.118900
   18 	 22.645000 	 61.476224 	 77.118900
   19 	 28.466600 	 62.333434 	 77.118900
   20 	 30.664100 	 62.419422 	 77.118900
   21 	 28.472600 	 62.914062 	 76.915300
   22 	 30.664100 	 62.907378 	 77.117300
   23 	 20.436300 	 62.715449 	 77.117300
   24 	 32.184900 	 63.830419 	 77.117300
   25 	 40.536500 	 63.939375 	 77.117300
   26 	 24.617700 	 64.272262 	 76.712500
   27 	 24.617700 	 62.531252 	 77.117300
   28 	 27.016100 	 62.865878 	 77.321700
   29 	 25.844900 	 63.817190 	 77.117300
   30 	 25.720500 	 66.108739 	 77.220200
   31 	 40.673700 	 65.643229 	 76.916900
   32 	 38.977700 	 64.538212 	 77.020200
   33 	 20.545700 	 64.144730 	 77.020200
   34 	 30.124800 	 63.362613 	 77.020200
   35 	 24.112100 	 64.023718 	 76.621800
   36 	 29.471300 	 63.706488 	 76.712500
   37 	 34.326900 	 65.576599 	 76.812600
   38 	 34.326900 	 67.723446 	 76.812600
   39 	 21.076200 	 67.986730 	 77.118900
   40 	 47.794100 	 69.985050 	 77.623400
   41 	 49.536500 	 70.777352 	 77.623400
   42 	 49.428900 	 70.067716 	 76.913700
   43 	 39.066100 	 68.014377 	 77.522100
   44 	 39.566600 	 67.525332 	 76.710900
   45 	 26.112500 	 68.775554 	 76.710900
   46 	 39.744500 	 67.599321 	 76.710900
   47 	 40.340900 	 68.544874 	 76.710900
   48 	 42.282400 	 69.425824 	 77.015400
   49 	 39.566500 	 70.543782 	 77.522100
 