   0 	 1.303700 	 28.366242 	 68.470200
    1 	 6.025700 	 38.420350 	 70.974500
    2 	 11.951300 	 43.878027 	 68.378400
    3 	 14.752800 	 49.435122 	 72.758500
    4 	 4.674900 	 51.693103 	 74.423600
    5 	 19.995300 	 54.393800 	 74.423600
    6 	 26.183700 	 56.340441 	 71.247500
    7 	 27.679700 	 58.858235 	 75.400800
    8 	 29.052000 	 60.564912 	 73.831400
    9 	 41.489800 	 61.695662 	 73.831400
   10 	 25.504200 	 59.981322 	 76.108500
   11 	 26.366900 	 58.916372 	 75.200400
   12 	 26.553000 	 59.584550 	 75.312500
   13 	 16.838200 	 60.397504 	 75.213400
   14 	 34.832600 	 60.857112 	 75.811000
   15 	 30.029700 	 62.618403 	 76.112500
   16 	 26.686900 	 62.077701 	 74.610600
   17 	 10.489700 	 59.697532 	 74.610600
   18 	 21.130100 	 60.583155 	 73.839200
   19 	 36.112400 	 61.973624 	 75.016800
   20 	 40.672400 	 61.967202 	 75.117300
   21 	 27.389300 	 60.389138 	 72.823700
   22 	 31.842900 	 60.421751 	 71.832500
   23 	 18.336800 	 59.852457 	 75.712500
   24 	 20.870100 	 60.882448 	 75.712500
   25 	 21.062800 	 60.584343 	 72.598100
   26 	 35.999300 	 61.220378 	 75.704900
   27 	 33.440400 	 61.816696 	 75.704900
   28 	 22.560500 	 60.926233 	 75.704900
   29 	 26.767400 	 62.294285 	 74.324500
   30 	 20.370000 	 61.139325 	 73.271600
   31 	 18.514100 	 60.346547 	 73.235600
   32 	 18.514100 	 59.937402 	 73.235600
   33 	 33.767700 	 62.524265 	 73.380100
   34 	 37.621700 	 62.259657 	 75.108900
   35 	 35.816400 	 62.672203 	 73.334100
   36 	 43.203200 	 62.844252 	 75.010400
   37 	 35.934900 	 61.912328 	 73.334100
   38 	 35.153700 	 63.042533 	 73.334100
   39 	 32.119400 	 63.328278 	 73.334100
   40 	 36.943700 	 63.899763 	 73.516000
   41 	 36.943700 	 63.042346 	 73.516000
   42 	 35.909200 	 64.347499 	 73.516000
   43 	 35.909200 	 66.193250 	 73.516000
   44 	 47.932000 	 67.791079 	 73.868000
   45 	 45.808400 	 66.615326 	 73.892000
   46 	 38.998800 	 65.260351 	 73.892000
   47 	 45.198100 	 66.057725 	 73.372900
   48 	 48.162900 	 66.604632 	 73.372900
   49 	 40.999700 	 66.650057 	 73.667600
 