   0 	 0.917000 	 26.634791 	 62.065100
    1 	 3.784100 	 36.372466 	 63.901100
    2 	 8.490600 	 43.049437 	 63.901100
    3 	 14.736200 	 46.105534 	 68.236200
    4 	 20.406500 	 49.661005 	 64.235700
    5 	 20.406500 	 51.854994 	 69.723000
    6 	 19.549400 	 54.027492 	 70.813900
    7 	 17.826200 	 53.525754 	 71.358200
    8 	 18.419400 	 56.860087 	 74.132900
    9 	 20.672200 	 57.808804 	 74.132900
   10 	 33.185700 	 58.434205 	 72.380100
   11 	 29.703400 	 58.203638 	 73.956900
   12 	 26.369300 	 60.523542 	 75.413400
   13 	 23.711300 	 59.365641 	 73.371300
   14 	 27.857900 	 60.164682 	 75.510900
   15 	 32.329000 	 59.473478 	 73.949000
   16 	 20.348100 	 59.421905 	 78.234600
   17 	 37.284500 	 59.897845 	 77.421800
   18 	 32.100600 	 59.585815 	 77.319700
   19 	 27.380900 	 59.452625 	 77.319700
   20 	 36.030500 	 62.695057 	 76.519700
   21 	 35.623000 	 63.875189 	 76.519700
   22 	 34.769700 	 63.520157 	 75.514100
   23 	 31.646100 	 64.332749 	 76.520100
   24 	 32.606600 	 65.021532 	 75.514100
   25 	 32.606600 	 65.653603 	 76.417800
   26 	 21.774100 	 64.537474 	 75.613800
   27 	 34.884500 	 64.343702 	 76.106900
   28 	 33.997600 	 64.556653 	 76.106900
   29 	 32.141600 	 66.511857 	 76.922900
   30 	 21.902100 	 64.478561 	 77.120900
   31 	 24.909300 	 65.719300 	 76.922900
   32 	 33.530900 	 66.455819 	 76.613800
   33 	 33.530900 	 69.097820 	 77.523300
   34 	 32.050900 	 68.476035 	 78.336500
   35 	 26.587400 	 69.434756 	 78.336500
   36 	 41.447700 	 71.769038 	 76.922500
   37 	 41.447700 	 72.435023 	 76.922900
   38 	 49.302600 	 72.693108 	 77.126900
   39 	 49.302600 	 71.562642 	 77.126900
   40 	 26.475700 	 72.448185 	 76.922900
   41 	 50.625300 	 72.900779 	 76.922900
   42 	 50.526600 	 72.566959 	 76.922900
   43 	 43.524200 	 72.129043 	 77.024800
   44 	 43.524200 	 72.127192 	 77.124500
   45 	 43.524200 	 71.613266 	 77.124500
   46 	 49.510900 	 72.745441 	 77.124500
   47 	 56.288600 	 73.338272 	 77.828000
   48 	 56.288600 	 73.532341 	 77.828000
   49 	 56.573000 	 73.391258 	 77.828000
 