   0 	 2.646500 	 25.292818 	 65.969000
    1 	 2.415500 	 33.521082 	 72.505000
    2 	 6.780500 	 39.590628 	 72.505000
    3 	 11.816600 	 45.957393 	 73.001100
    4 	 8.456600 	 50.731133 	 73.001100
    5 	 18.956200 	 52.690002 	 76.105100
    6 	 23.873400 	 56.887311 	 76.105100
    7 	 23.813800 	 57.958995 	 76.004200
    8 	 23.491400 	 58.409380 	 75.412600
    9 	 25.685300 	 59.462874 	 75.905100
   10 	 26.491500 	 58.771262 	 75.905100
   11 	 32.495300 	 58.148604 	 75.903500
   12 	 9.687800 	 60.751636 	 75.903500
   13 	 33.499700 	 62.753292 	 76.409000
   14 	 35.656500 	 62.998165 	 76.409000
   15 	 29.985100 	 64.027515 	 76.616800
   16 	 43.137900 	 66.296968 	 77.724500
   17 	 41.869000 	 68.208934 	 77.928500
   18 	 34.869700 	 68.628398 	 76.916100
   19 	 35.581400 	 69.551242 	 77.117300
   20 	 43.599800 	 69.440133 	 77.117300
   21 	 51.460600 	 68.645549 	 77.520900
   22 	 46.401400 	 69.128457 	 77.622600
   23 	 38.387500 	 69.847166 	 77.826600
   24 	 57.863500 	 71.110847 	 78.030200
   25 	 50.109400 	 71.209396 	 77.826600
   26 	 46.468100 	 70.928584 	 77.826600
   27 	 58.465800 	 71.258330 	 77.826600
   28 	 43.479400 	 71.333303 	 77.826200
   29 	 46.468200 	 71.615567 	 77.826200
   30 	 46.206600 	 72.288942 	 77.826200
   31 	 46.206600 	 72.147802 	 77.826600
   32 	 61.435800 	 73.020618 	 77.826200
   33 	 61.064100 	 72.601965 	 77.826200
   34 	 48.868900 	 72.711305 	 78.132100
   35 	 54.966500 	 73.360149 	 78.234200
   36 	 49.314100 	 73.505502 	 78.234200
   37 	 58.120900 	 73.329417 	 78.132100
   38 	 61.695400 	 72.824385 	 78.132100
   39 	 61.695400 	 72.657125 	 78.030200
   40 	 51.944100 	 72.281955 	 77.421800
   41 	 50.582600 	 71.996585 	 77.622600
   42 	 49.929700 	 72.854849 	 77.826200
   43 	 38.896100 	 72.796184 	 77.928500
   44 	 42.706500 	 72.762655 	 77.928500
   45 	 48.843400 	 73.169577 	 77.928500
   46 	 46.029000 	 72.719285 	 78.132300
   47 	 54.305000 	 72.960122 	 78.030200
   48 	 50.043300 	 73.589631 	 77.724900
   49 	 51.228900 	 73.179840 	 77.724900
 