   0 	 0.950900 	 26.088068 	 57.571300
    1 	 2.056200 	 31.659353 	 53.985300
    2 	 4.117400 	 37.210184 	 61.730100
    3 	 13.928000 	 41.187381 	 62.784600
    4 	 14.192600 	 43.429750 	 67.894200
    5 	 18.557400 	 46.189482 	 73.121400
    6 	 19.881000 	 49.451366 	 73.021100
    7 	 22.614100 	 51.001734 	 73.114600
    8 	 22.614100 	 52.126727 	 73.114600
    9 	 13.819400 	 51.685608 	 73.114600
   10 	 21.263500 	 53.596763 	 73.114600
   11 	 24.220900 	 53.617913 	 72.914600
   12 	 24.866500 	 53.778527 	 72.464300
   13 	 28.860100 	 55.164328 	 74.148300
   14 	 27.384200 	 56.034238 	 73.865000
   15 	 33.673700 	 58.609601 	 73.865000
   16 	 18.950700 	 58.099707 	 73.315400
   17 	 21.361300 	 60.258250 	 73.975500
   18 	 28.097100 	 60.130478 	 73.315400
   19 	 35.438600 	 60.208018 	 73.315400
   20 	 34.849100 	 59.447625 	 73.315400
   21 	 34.849100 	 58.679458 	 73.315400
   22 	 24.173900 	 58.807176 	 74.549100
   23 	 37.012600 	 61.368675 	 73.588100
   24 	 32.825100 	 62.005695 	 74.838600
   25 	 32.461100 	 61.512830 	 72.480600
   26 	 24.913900 	 62.767918 	 72.480600
   27 	 44.250100 	 65.041267 	 73.061400
   28 	 36.992500 	 64.281454 	 72.123800
   29 	 26.176500 	 64.506339 	 71.386200
   30 	 36.992500 	 64.339668 	 71.486900
   31 	 41.933000 	 64.117539 	 72.858000
   32 	 32.859700 	 63.468440 	 72.958500
   33 	 38.184500 	 63.621564 	 72.958500
   34 	 37.493900 	 62.676085 	 71.909400
   35 	 29.255500 	 63.168723 	 71.909400
   36 	 34.229900 	 63.714927 	 71.909400
   37 	 32.429900 	 63.572540 	 71.360200
   38 	 34.229900 	 63.329675 	 71.587400
   39 	 34.189100 	 64.211956 	 72.659400
   40 	 41.964300 	 65.704595 	 72.659400
   41 	 46.214700 	 67.273263 	 73.058600
   42 	 45.753800 	 66.831801 	 73.058600
   43 	 44.381900 	 67.851196 	 73.058600
   44 	 46.985900 	 68.245538 	 73.058600
   45 	 46.985900 	 68.182177 	 73.259400
   46 	 58.753100 	 68.714879 	 73.360100
   47 	 58.018700 	 68.782966 	 73.360100
   48 	 58.201100 	 68.768982 	 73.462600
   49 	 45.981000 	 68.438357 	 74.502700
 