   0 	 2.058400 	 24.378857 	 67.879700
    1 	 5.885300 	 33.395601 	 66.030100
    2 	 14.498700 	 39.093715 	 66.030100
    3 	 17.143400 	 41.121958 	 71.969300
    4 	 14.604100 	 43.275130 	 71.969300
    5 	 16.692200 	 45.234371 	 72.450000
    6 	 22.332200 	 49.657266 	 71.453600
    7 	 23.361200 	 51.555441 	 72.850000
    8 	 24.901600 	 52.563975 	 71.448800
    9 	 15.328800 	 50.995503 	 71.869600
   10 	 15.328800 	 53.012082 	 74.003600
   11 	 23.207000 	 55.309978 	 73.904100
   12 	 25.456400 	 55.243109 	 70.976900
   13 	 25.456400 	 56.023495 	 73.577700
   14 	 25.456400 	 54.977970 	 69.303200
   15 	 17.750500 	 56.672815 	 73.426400
   16 	 33.910800 	 58.171863 	 73.426400
   17 	 18.963600 	 56.945269 	 75.039200
   18 	 30.537700 	 56.361241 	 75.039200
   19 	 29.240900 	 57.930814 	 74.158100
   20 	 24.336400 	 59.302147 	 74.158100
   21 	 35.139200 	 60.354364 	 75.402400
   22 	 37.058600 	 60.806742 	 75.402400
   23 	 37.829600 	 61.785303 	 75.402400
   24 	 32.663600 	 62.803332 	 76.110100
   25 	 32.663600 	 62.986792 	 76.110100
   26 	 32.663600 	 61.925551 	 76.312100
   27 	 32.663600 	 62.625031 	 76.312100
   28 	 31.137200 	 63.852787 	 76.110100
   29 	 28.935200 	 64.606973 	 77.319700
   30 	 28.935200 	 66.053974 	 76.718500
   31 	 47.421000 	 65.355034 	 76.414000
   32 	 37.155400 	 66.608127 	 76.414000
   33 	 47.117600 	 68.141688 	 76.812200
   34 	 45.562600 	 69.012631 	 74.547700
   35 	 44.871200 	 68.381720 	 74.754500
   36 	 41.252900 	 68.488527 	 75.108900
   37 	 41.288100 	 68.010155 	 76.013200
   38 	 41.696300 	 67.492064 	 76.408400
   39 	 30.094900 	 67.431759 	 75.512300
   40 	 47.882900 	 68.156249 	 76.914100
   41 	 47.882900 	 68.720344 	 76.113300
   42 	 52.510000 	 68.449329 	 76.113300
   43 	 47.443500 	 68.237988 	 77.217400
   44 	 49.946100 	 68.654761 	 77.217400
   45 	 54.216900 	 69.315988 	 77.116100
   46 	 44.337800 	 68.710862 	 76.322100
   47 	 47.149200 	 68.956480 	 76.322100
   48 	 47.570600 	 68.066690 	 76.322100
   49 	 30.485000 	 68.269176 	 77.826600
 