   0 	 0.797600 	 26.117977 	 61.121100
    1 	 7.791500 	 31.863551 	 61.121100
    2 	 10.292600 	 36.702817 	 64.590500
    3 	 9.389900 	 39.172545 	 64.476600
    4 	 8.153900 	 40.278852 	 65.431500
    5 	 12.016600 	 42.401229 	 65.431500
    6 	 19.078700 	 46.162671 	 71.320400
    7 	 15.031400 	 46.757138 	 74.712500
    8 	 18.777800 	 46.821639 	 74.712500
    9 	 15.789800 	 49.540263 	 74.712500
   10 	 18.962600 	 51.746855 	 74.712500
   11 	 18.962600 	 53.672094 	 75.320900
   12 	 29.709300 	 53.634214 	 75.320900
   13 	 19.905000 	 52.110386 	 73.316900
   14 	 9.846500 	 53.594135 	 74.414600
   15 	 24.218600 	 56.719138 	 72.786700
   16 	 33.253700 	 59.719407 	 76.003800
   17 	 33.141300 	 58.730028 	 76.609400
   18 	 18.260300 	 57.838588 	 76.715700
   19 	 28.416600 	 57.958355 	 76.715700
   20 	 27.129100 	 57.885012 	 76.715700
   21 	 28.434000 	 58.714871 	 76.609800
   22 	 8.941900 	 56.792976 	 76.609800
   23 	 22.020500 	 57.651210 	 75.703500
   24 	 22.020500 	 58.644510 	 74.623400
   25 	 26.659400 	 59.431564 	 76.812200
   26 	 26.454500 	 58.943789 	 77.623400
   27 	 18.525000 	 59.889072 	 77.623400
   28 	 20.033900 	 61.385521 	 77.623400
   29 	 31.661000 	 62.713378 	 77.017400
   30 	 30.339500 	 61.817059 	 77.017400
   31 	 30.339500 	 62.150744 	 76.815000
   32 	 29.001100 	 63.054325 	 76.208600
   33 	 29.001100 	 63.860287 	 76.208600
   34 	 25.655000 	 64.164646 	 76.309100
   35 	 36.499400 	 61.881302 	 76.916300
   36 	 24.381900 	 62.632585 	 76.816200
   37 	 24.315500 	 61.858270 	 75.802600
   38 	 27.404600 	 62.515855 	 75.601400
   39 	 27.404600 	 64.253902 	 76.208600
   40 	 27.404600 	 64.479636 	 76.412600
   41 	 23.390600 	 65.132122 	 75.802600
   42 	 23.390600 	 64.746932 	 75.802600
   43 	 23.390600 	 65.614461 	 75.802600
   44 	 3.205400 	 66.150778 	 75.802600
   45 	 30.911800 	 65.723960 	 75.802600
   46 	 30.135800 	 66.788809 	 75.802600
   47 	 41.927800 	 66.234644 	 76.004200
   48 	 40.436600 	 66.698485 	 75.903500
   49 	 40.436600 	 65.866706 	 75.601800
 