   0 	 2.406500 	 29.107785 	 74.046200
    1 	 4.805400 	 36.049772 	 68.628500
    2 	 13.820300 	 39.036264 	 74.153100
    3 	 21.032600 	 44.347620 	 74.153100
    4 	 12.688100 	 47.536519 	 76.517300
    5 	 14.994600 	 49.075271 	 75.242000
    6 	 1.402100 	 51.671443 	 74.153100
    7 	 20.344100 	 52.744739 	 74.153100
    8 	 30.811000 	 53.238280 	 74.153100
    9 	 20.287700 	 54.283211 	 74.153100
   10 	 17.954900 	 53.175925 	 75.815200
   11 	 17.954900 	 53.729976 	 75.815200
   12 	 18.091300 	 55.184599 	 76.019600
   13 	 24.242000 	 53.954646 	 73.588100
   14 	 0.453700 	 52.446418 	 71.535800
   15 	 21.709800 	 58.207139 	 71.841000
   16 	 26.865900 	 59.536653 	 71.535800
   17 	 17.753300 	 59.836292 	 72.303000
   18 	 26.407700 	 57.867515 	 74.427800
   19 	 30.286000 	 59.243287 	 73.320200
   20 	 17.856600 	 59.429904 	 75.908300
   21 	 35.708000 	 61.003453 	 74.736500
   22 	 38.416200 	 60.469127 	 74.940900
   23 	 34.101800 	 61.512028 	 74.736500
   24 	 35.193600 	 61.673198 	 73.635600
   25 	 30.222500 	 62.687083 	 73.820500
   26 	 26.020600 	 63.446743 	 74.938100
   27 	 26.020600 	 61.899946 	 73.931000
   28 	 26.020600 	 61.875260 	 73.026500
   29 	 28.086100 	 62.808512 	 74.937300
   30 	 31.198200 	 64.069787 	 73.235300
   31 	 34.541300 	 64.360949 	 73.592900
   32 	 46.215200 	 66.523394 	 74.016100
   33 	 44.784500 	 66.875451 	 74.016100
   34 	 50.170900 	 68.578268 	 74.905300
   35 	 54.367300 	 69.285219 	 74.905300
   36 	 33.767600 	 68.472522 	 76.311700
   37 	 44.840500 	 68.941622 	 75.134900
   38 	 44.840500 	 68.754901 	 76.013200
   39 	 45.392100 	 69.426762 	 77.420600
   40 	 47.984900 	 69.044048 	 75.406600
   41 	 58.115300 	 70.139840 	 77.827000
   42 	 50.530000 	 69.637941 	 75.406600
   43 	 49.342800 	 69.655810 	 75.506900
   44 	 48.340800 	 69.464611 	 75.406600
   45 	 47.770100 	 70.524902 	 77.018200
   46 	 49.563600 	 69.979461 	 76.132100
   47 	 47.071400 	 70.391617 	 76.132100
   48 	 46.706200 	 70.555901 	 76.132100
   49 	 46.706200 	 70.562885 	 76.511300
 