   0 	 1.369000 	 26.877208 	 66.709200
    1 	 3.380100 	 33.111029 	 66.709200
    2 	 12.542600 	 40.126639 	 67.244000
    3 	 14.141000 	 41.865967 	 67.244000
    4 	 5.570900 	 42.787040 	 74.309900
    5 	 12.396200 	 48.736687 	 74.309900
    6 	 2.435000 	 51.566328 	 74.309900
    7 	 13.523400 	 51.478178 	 74.536300
    8 	 27.002700 	 52.121591 	 75.919500
    9 	 26.733400 	 53.875051 	 75.919500
   10 	 24.881300 	 55.481917 	 75.006200
   11 	 18.856500 	 57.384153 	 74.924300
   12 	 18.254900 	 58.816211 	 75.512300
   13 	 26.932200 	 59.575412 	 75.512300
   14 	 27.463000 	 59.094528 	 74.536100
   15 	 21.092300 	 59.537514 	 74.016100
   16 	 25.579800 	 61.729238 	 74.513900
   17 	 29.860100 	 61.476010 	 74.841400
   18 	 23.271800 	 62.676009 	 74.841400
   19 	 39.441100 	 63.395239 	 74.705900
   20 	 27.131000 	 63.901847 	 74.705900
   21 	 40.564200 	 65.677705 	 75.722700
   22 	 40.564200 	 65.834247 	 75.712100
   23 	 40.564200 	 65.968995 	 75.712100
   24 	 32.871200 	 66.349102 	 75.813600
   25 	 32.821200 	 65.620268 	 76.517100
   26 	 32.340400 	 66.181330 	 76.517100
   27 	 38.760900 	 64.503197 	 76.517100
   28 	 38.789700 	 63.681897 	 77.624600
   29 	 32.658200 	 61.581396 	 77.624600
   30 	 32.327700 	 61.455772 	 77.624600
   31 	 44.019700 	 64.204811 	 76.234400
   32 	 48.546100 	 66.414721 	 76.234400
   33 	 47.338100 	 65.926385 	 77.114900
   34 	 47.158900 	 67.039102 	 77.521300
   35 	 47.795300 	 67.117090 	 76.136500
   36 	 48.062000 	 66.780759 	 76.332500
   37 	 34.906400 	 66.461683 	 76.332500
   38 	 32.120900 	 65.345739 	 76.430800
   39 	 36.605600 	 65.903780 	 78.234400
   40 	 45.447300 	 67.047371 	 78.234400
   41 	 45.447300 	 67.672469 	 78.234400
   42 	 47.380500 	 68.579863 	 78.234400
   43 	 31.942700 	 67.348776 	 77.116100
   44 	 35.626200 	 67.637566 	 77.115300
   45 	 48.647000 	 68.146857 	 77.115300
   46 	 46.836900 	 67.996320 	 77.420000
   47 	 48.068600 	 68.580183 	 77.521700
   48 	 35.202900 	 67.556054 	 78.030200
   49 	 48.970200 	 67.574503 	 78.030200
 