   0 	 1.577900 	 26.268009 	 54.647400
    1 	 9.410600 	 32.551822 	 71.992200
    2 	 8.847200 	 37.315600 	 71.992200
    3 	 11.403400 	 42.303055 	 71.992200
    4 	 14.913900 	 47.005510 	 73.177900
    5 	 16.020600 	 49.505943 	 73.177900
    6 	 15.184300 	 52.583624 	 73.177900
    7 	 26.107700 	 53.394247 	 73.534100
    8 	 20.582100 	 51.984516 	 73.922500
    9 	 20.712200 	 55.440099 	 73.922500
   10 	 28.596100 	 55.832751 	 73.922500
   11 	 24.693800 	 56.721271 	 73.590900
   12 	 24.693800 	 57.856576 	 73.590900
   13 	 18.483500 	 57.357218 	 75.036200
   14 	 35.614200 	 60.649933 	 75.137100
   15 	 30.710200 	 60.998871 	 75.036200
   16 	 30.710200 	 61.832357 	 75.036200
   17 	 31.169900 	 62.292427 	 75.036200
   18 	 38.001000 	 62.159825 	 75.230600
   19 	 36.664200 	 62.414712 	 75.230600
   20 	 37.998600 	 60.869472 	 75.908300
   21 	 35.099400 	 61.214110 	 75.908300
   22 	 35.097300 	 59.843003 	 75.908300
   23 	 39.752600 	 61.439733 	 76.108300
   24 	 37.661100 	 59.486720 	 75.129900
   25 	 26.977700 	 60.374806 	 75.129900
   26 	 38.235500 	 62.195790 	 75.129900
   27 	 20.742100 	 62.177684 	 75.232200
   28 	 33.729800 	 64.132423 	 75.920900
   29 	 44.045100 	 64.460657 	 75.037800
   30 	 44.045100 	 65.684076 	 75.701900
   31 	 29.693100 	 65.888868 	 75.701900
   32 	 36.653900 	 67.184172 	 75.701900
   33 	 36.653900 	 66.861276 	 75.701900
   34 	 34.833900 	 68.186306 	 75.802200
   35 	 44.834500 	 68.282676 	 75.902900
   36 	 42.935500 	 68.473881 	 74.929100
   37 	 44.971400 	 68.015768 	 75.902700
   38 	 45.881100 	 67.539076 	 74.825400
   39 	 45.881100 	 69.810112 	 74.825400
   40 	 45.897900 	 69.642282 	 74.825400
   41 	 45.897900 	 69.575630 	 75.004200
   42 	 45.897900 	 69.193284 	 74.537900
   43 	 48.614200 	 70.456994 	 75.007400
   44 	 48.960200 	 70.764257 	 75.301100
   45 	 41.965100 	 70.309542 	 75.026600
   46 	 45.969000 	 71.401124 	 75.230600
   47 	 58.988200 	 72.224174 	 74.929100
   48 	 54.730700 	 72.345469 	 74.929100
   49 	 47.767500 	 71.647683 	 74.929100
 