   0 	 1.186600 	 28.385565 	 62.239800
    1 	 11.035800 	 34.972174 	 59.289000
    2 	 5.874000 	 37.128579 	 66.045300
    3 	 5.499400 	 39.505502 	 71.572500
    4 	 12.721400 	 39.479287 	 71.572500
    5 	 11.088900 	 43.329063 	 70.446900
    6 	 3.472300 	 44.424657 	 72.235800
    7 	 13.304100 	 47.417003 	 70.446900
    8 	 19.374800 	 48.923088 	 72.235800
    9 	 21.437100 	 51.060623 	 72.235800
   10 	 20.791700 	 51.608953 	 71.923400
   11 	 12.460600 	 53.847795 	 73.625900
   12 	 25.978900 	 56.374096 	 73.907000
   13 	 25.978900 	 58.939297 	 76.212600
   14 	 33.639700 	 59.731517 	 74.411600
   15 	 39.849800 	 59.859106 	 73.993300
   16 	 35.306900 	 59.411643 	 77.117900
   17 	 25.569900 	 59.985747 	 77.117900
   18 	 35.612600 	 59.552755 	 73.625900
   19 	 34.927800 	 60.759879 	 73.495000
   20 	 30.344600 	 60.532787 	 72.535400
   21 	 25.112600 	 61.040839 	 74.549100
   22 	 42.443700 	 61.408202 	 71.839500
   23 	 27.257400 	 60.552369 	 73.241000
   24 	 22.994100 	 60.810034 	 73.952500
   25 	 21.252600 	 61.399885 	 73.952500
   26 	 43.245600 	 63.031181 	 74.348500
   27 	 43.245600 	 62.573184 	 74.050200
   28 	 40.692200 	 63.059831 	 74.726900
   29 	 39.334500 	 64.713830 	 74.726900
   30 	 42.429400 	 65.944299 	 74.726900
   31 	 42.429400 	 66.014942 	 75.746700
   32 	 42.429400 	 66.575799 	 75.746700
   33 	 46.522600 	 67.191518 	 75.514100
   34 	 48.024900 	 68.399318 	 76.825800
   35 	 50.552100 	 68.408334 	 76.825800
   36 	 48.464300 	 68.370114 	 76.825800
   37 	 37.261900 	 68.819840 	 76.014600
   38 	 54.606500 	 69.885812 	 76.314900
   39 	 54.606500 	 70.306969 	 77.226600
   40 	 46.155800 	 69.661284 	 77.226600
   41 	 43.869400 	 69.373022 	 77.124500
   42 	 43.869400 	 69.990104 	 78.031400
   43 	 47.093400 	 69.451490 	 76.014600
   44 	 48.954400 	 69.904494 	 75.912300
   45 	 43.192300 	 70.005741 	 76.615800
   46 	 47.805400 	 69.901635 	 76.215200
   47 	 60.063800 	 70.673099 	 77.828000
   48 	 59.841900 	 70.731109 	 77.828000
   49 	 53.478600 	 70.321311 	 75.216200
 