   0 	 2.281000 	 26.358752 	 68.829400
    1 	 3.455000 	 32.257954 	 68.186200
    2 	 5.821400 	 37.425735 	 70.182200
    3 	 9.202500 	 43.063056 	 70.182200
    4 	 9.202500 	 45.269656 	 61.431800
    5 	 22.245400 	 47.269438 	 66.483500
    6 	 21.859300 	 49.848648 	 70.504600
    7 	 19.140300 	 49.906492 	 68.536500
    8 	 27.655500 	 52.176061 	 71.416200
    9 	 27.401900 	 54.255143 	 69.889900
   10 	 34.645900 	 54.228856 	 70.753000
   11 	 27.403500 	 54.376671 	 72.773100
   12 	 26.768600 	 55.315720 	 72.773100
   13 	 21.752300 	 54.857806 	 76.625000
   14 	 20.305900 	 55.538358 	 76.723700
   15 	 30.209300 	 56.340106 	 76.625000
   16 	 30.209300 	 55.730198 	 76.625000
   17 	 7.079700 	 56.147788 	 76.723700
   18 	 26.939000 	 56.299756 	 75.812200
   19 	 29.135000 	 60.437637 	 75.812200
   20 	 16.485900 	 58.349448 	 76.922500
   21 	 21.262700 	 59.356504 	 76.215200
   22 	 21.262700 	 57.650394 	 76.419600
   23 	 7.580500 	 61.778234 	 78.540900
   24 	 27.280100 	 62.941530 	 76.419600
   25 	 27.384500 	 62.982021 	 78.030200
   26 	 30.169900 	 63.290349 	 78.030200
   27 	 44.410600 	 63.425578 	 78.030200
   28 	 45.585000 	 64.002336 	 78.030200
   29 	 39.633000 	 64.566611 	 78.030200
   30 	 32.201100 	 63.775227 	 78.234200
   31 	 42.645000 	 65.047290 	 78.234200
   32 	 44.488900 	 65.991233 	 76.925100
   33 	 37.678700 	 66.718373 	 78.030200
   34 	 49.955400 	 66.889084 	 78.030200
   35 	 32.081400 	 66.369758 	 77.827000
   36 	 41.173900 	 66.640944 	 78.234200
   37 	 41.552400 	 67.482494 	 78.540900
   38 	 41.084900 	 67.756556 	 78.132100
   39 	 44.645000 	 69.243041 	 78.336300
   40 	 50.294600 	 69.927669 	 78.336500
   41 	 47.657900 	 69.636704 	 78.336300
   42 	 47.657900 	 70.329894 	 77.623000
   43 	 47.657900 	 70.321865 	 77.623000
   44 	 47.657900 	 70.796372 	 77.931300
   45 	 47.873900 	 71.766052 	 78.030200
   46 	 49.661900 	 71.361889 	 78.234600
   47 	 50.525900 	 71.053201 	 77.725100
   48 	 52.753300 	 71.781840 	 77.929100
   49 	 50.728100 	 72.323300 	 77.929100
 