   0 	 1.404600 	 25.701303 	 62.033000
    1 	 5.597100 	 35.168373 	 62.125700
    2 	 7.347700 	 38.837282 	 65.129800
    3 	 9.917300 	 41.092876 	 69.679700
    4 	 12.396100 	 42.803066 	 66.231500
    5 	 18.349700 	 42.552275 	 66.231500
    6 	 6.524200 	 42.638597 	 67.427000
    7 	 17.850000 	 45.470881 	 73.225400
    8 	 26.849600 	 51.235858 	 73.225400
    9 	 18.284900 	 51.738383 	 74.803000
   10 	 10.309000 	 52.097946 	 75.712900
   11 	 10.530900 	 55.399863 	 75.712900
   12 	 25.384100 	 57.344405 	 75.913100
   13 	 32.549000 	 60.336845 	 75.510700
   14 	 18.990600 	 59.275491 	 75.104500
   15 	 30.091400 	 59.652464 	 75.714700
   16 	 22.521000 	 58.993303 	 75.714700
   17 	 27.542700 	 61.931825 	 75.031200
   18 	 24.396500 	 63.520592 	 75.031200
   19 	 34.185400 	 62.646485 	 75.031200
   20 	 11.872300 	 61.786751 	 75.903500
   21 	 31.525100 	 61.697021 	 75.903500
   22 	 34.422100 	 62.945607 	 75.903500
   23 	 34.751000 	 64.662761 	 76.305900
   24 	 34.751000 	 65.812539 	 76.214600
   25 	 28.115800 	 64.251811 	 75.813000
   26 	 26.163000 	 65.514426 	 77.015800
   27 	 43.571000 	 66.961475 	 76.612600
   28 	 48.215700 	 68.034500 	 76.612600
   29 	 26.198500 	 68.301179 	 76.612600
   30 	 46.795500 	 69.408530 	 76.612600
   31 	 45.399000 	 69.053242 	 76.004200
   32 	 46.332300 	 69.657471 	 75.713300
   33 	 49.958200 	 69.625375 	 75.814200
   34 	 43.826000 	 69.925250 	 76.325100
   35 	 48.353900 	 69.792241 	 77.015200
   36 	 44.057800 	 70.065065 	 76.812200
   37 	 46.473000 	 70.387835 	 76.812200
   38 	 47.160500 	 70.953096 	 76.812200
   39 	 47.450000 	 71.440083 	 76.812200
   40 	 46.563400 	 71.526354 	 77.319700
   41 	 46.969000 	 71.528357 	 77.115500
   42 	 46.969000 	 71.401416 	 77.014200
   43 	 46.969000 	 71.144769 	 77.014200
   44 	 46.974600 	 71.788820 	 76.913300
   45 	 46.974600 	 72.201658 	 76.711500
   46 	 48.565000 	 72.514714 	 76.611000
   47 	 57.103400 	 72.744387 	 76.406600
   48 	 65.529000 	 73.431855 	 77.217000
   49 	 65.529000 	 73.444892 	 76.812200
 