   0 	 2.287500 	 26.738105 	 60.625400
    1 	 3.201000 	 34.290021 	 69.033900
    2 	 10.091000 	 37.994003 	 68.273900
    3 	 10.091000 	 41.089719 	 65.259500
    4 	 8.763800 	 43.938748 	 64.828000
    5 	 7.383500 	 43.381623 	 68.489400
    6 	 21.804300 	 47.517127 	 68.489400
    7 	 21.804300 	 49.910977 	 71.368900
    8 	 8.626700 	 51.022566 	 73.854200
    9 	 21.804300 	 51.179720 	 73.854200
   10 	 11.257100 	 51.679316 	 73.854200
   11 	 15.204500 	 53.572907 	 73.753700
   12 	 15.204500 	 54.800383 	 72.249700
   13 	 27.350900 	 55.469203 	 75.419000
   14 	 25.345100 	 56.876027 	 75.419000
   15 	 13.577000 	 56.227411 	 69.827800
   16 	 24.917400 	 56.698560 	 68.928600
   17 	 24.917400 	 56.857361 	 75.910100
   18 	 24.917400 	 57.390027 	 73.703000
   19 	 25.068600 	 57.784749 	 76.110100
   20 	 25.068600 	 58.401024 	 75.910100
   21 	 2.949800 	 61.059442 	 75.810200
   22 	 37.297300 	 63.956079 	 76.512500
   23 	 40.960600 	 65.808668 	 76.512500
   24 	 40.960600 	 67.155805 	 75.100500
   25 	 42.413400 	 67.789481 	 75.808200
   26 	 42.413400 	 67.821083 	 75.200400
   27 	 44.288500 	 67.503110 	 75.100500
   28 	 44.296600 	 68.023550 	 76.514700
   29 	 44.291000 	 68.982957 	 76.614600
   30 	 50.114900 	 69.440258 	 76.614600
   31 	 33.381900 	 68.755837 	 76.613000
   32 	 47.106900 	 70.311178 	 76.613000
   33 	 51.131400 	 71.299568 	 76.110100
   34 	 60.406100 	 71.897260 	 76.313100
   35 	 61.325900 	 72.430682 	 76.313100
   36 	 63.075800 	 72.327393 	 76.313100
   37 	 62.534900 	 72.429975 	 76.513100
   38 	 47.098600 	 72.577515 	 76.513100
   39 	 47.098600 	 72.861138 	 76.825800
   40 	 50.014600 	 72.736058 	 77.024600
   41 	 60.747000 	 72.990754 	 76.925100
   42 	 56.965800 	 72.718453 	 76.613000
   43 	 48.948200 	 72.584214 	 76.613000
   44 	 54.196100 	 73.174942 	 76.723700
   45 	 53.060900 	 72.567631 	 76.413000
   46 	 50.108200 	 71.870633 	 77.220600
   47 	 49.815400 	 72.042988 	 77.321100
   48 	 54.196100 	 72.551394 	 77.222200
   49 	 52.462900 	 73.085438 	 76.511300
 