   0 	 0.487400 	 25.657062 	 74.802200
    1 	 4.419700 	 31.206155 	 74.802200
    2 	 0.709900 	 34.671496 	 74.802200
    3 	 11.520900 	 39.265539 	 74.802200
    4 	 8.484100 	 44.331044 	 75.001800
    5 	 18.458900 	 52.033949 	 75.001800
    6 	 19.490900 	 54.331628 	 75.655400
    7 	 20.220600 	 56.470628 	 76.610600
    8 	 27.875800 	 59.722514 	 76.812600
    9 	 20.952100 	 58.157514 	 76.812600
   10 	 10.849100 	 58.334172 	 76.812600
   11 	 17.776600 	 60.539652 	 76.814600
   12 	 34.635800 	 60.656623 	 76.610600
   13 	 38.648600 	 62.371228 	 76.610600
   14 	 33.921900 	 62.792691 	 76.313100
   15 	 33.921900 	 63.411742 	 76.313100
   16 	 35.223000 	 63.819052 	 75.802600
   17 	 22.221900 	 61.555352 	 76.211000
   18 	 28.449800 	 62.417120 	 75.806200
   19 	 25.576600 	 62.437408 	 75.420600
   20 	 32.723000 	 64.114504 	 75.420600
   21 	 28.040500 	 62.895599 	 75.202200
   22 	 25.099500 	 62.851352 	 75.202200
   23 	 24.728600 	 63.116582 	 76.104900
   24 	 38.667800 	 65.709776 	 76.013400
   25 	 42.968600 	 65.527896 	 75.202200
   26 	 42.968600 	 65.712066 	 75.202200
   27 	 42.207000 	 64.663254 	 74.901700
   28 	 24.869900 	 64.013374 	 74.901700
   29 	 40.616600 	 63.391346 	 73.333700
   30 	 40.616600 	 63.825151 	 74.003800
   31 	 24.885400 	 62.658041 	 75.301700
   32 	 38.261900 	 64.624905 	 75.301700
   33 	 42.751000 	 64.455658 	 75.301700
   34 	 43.549400 	 64.994373 	 75.301700
   35 	 45.250500 	 64.539397 	 74.702900
   36 	 42.783300 	 63.435278 	 74.802200
   37 	 39.858500 	 62.597186 	 74.802200
   38 	 22.508600 	 61.980202 	 75.605400
   39 	 24.500300 	 63.474591 	 75.605400
   40 	 27.485900 	 63.080823 	 75.605400
   41 	 34.415800 	 62.986826 	 75.605400
   42 	 36.437000 	 63.346842 	 74.802200
   43 	 36.437000 	 65.812044 	 75.603800
   44 	 36.437000 	 64.752464 	 75.001400
   45 	 25.166600 	 63.634628 	 75.806200
   46 	 25.166600 	 64.805498 	 75.806200
   47 	 33.499500 	 66.945304 	 75.806200
   48 	 32.325900 	 66.573679 	 75.806200
   49 	 46.077400 	 67.945668 	 75.806200
 