   0 	 1.074600 	 23.994277 	 56.707300
    1 	 0.141600 	 30.565346 	 68.553000
    2 	 0.707000 	 34.833999 	 68.553000
    3 	 1.424900 	 38.032506 	 68.553000
    4 	 8.144500 	 41.811394 	 68.443600
    5 	 12.675000 	 43.625025 	 69.144400
    6 	 7.271400 	 45.521226 	 67.557200
    7 	 14.429700 	 49.641849 	 71.421100
    8 	 8.277400 	 50.031121 	 72.041400
    9 	 15.794100 	 51.485049 	 72.041400
   10 	 23.376300 	 53.453089 	 73.122900
   11 	 28.342200 	 55.351378 	 71.851400
   12 	 25.845000 	 56.915638 	 71.665700
   13 	 31.099500 	 58.811242 	 73.251000
   14 	 27.246800 	 58.732713 	 74.815000
   15 	 33.034100 	 59.685871 	 74.316100
   16 	 35.032100 	 59.790059 	 74.316100
   17 	 27.369900 	 60.562369 	 77.420000
   18 	 27.359800 	 59.749777 	 75.315300
   19 	 27.053100 	 60.226447 	 74.924100
   20 	 25.400900 	 62.636358 	 73.724100
   21 	 25.200100 	 63.203438 	 73.724100
   22 	 26.243800 	 64.148540 	 73.461400
   23 	 30.435800 	 65.115950 	 73.924100
   24 	 45.589400 	 66.976082 	 75.315500
   25 	 45.589400 	 66.484932 	 75.721100
   26 	 51.908500 	 67.236620 	 75.513900
   27 	 51.908500 	 67.443541 	 75.522500
   28 	 48.911000 	 67.559003 	 75.608600
   29 	 39.895500 	 67.731957 	 75.721700
   30 	 39.348600 	 68.312368 	 76.020600
   31 	 39.348600 	 68.703096 	 76.020600
   32 	 39.348600 	 68.687967 	 76.020600
   33 	 41.328600 	 67.718994 	 77.015000
   34 	 45.223000 	 69.236308 	 77.015000
   35 	 47.835000 	 68.986580 	 75.713300
   36 	 50.276400 	 70.370373 	 76.020600
   37 	 49.808100 	 70.918476 	 76.118100
   38 	 47.702100 	 71.516382 	 76.614600
   39 	 49.415200 	 71.679199 	 76.207400
   40 	 48.329300 	 70.973385 	 76.007800
   41 	 48.329300 	 71.907953 	 76.108900
   42 	 54.282800 	 72.564136 	 76.116100
   43 	 54.282800 	 72.229886 	 76.220000
   44 	 49.506100 	 71.909988 	 76.015000
   45 	 54.684000 	 72.176746 	 75.924500
   46 	 61.680100 	 72.873907 	 76.007600
   47 	 61.680100 	 72.951504 	 76.414000
   48 	 61.680100 	 72.971456 	 76.116100
   49 	 56.932500 	 72.336026 	 77.420000
 