   0 	 1.135500 	 25.030584 	 58.325400
    1 	 3.305000 	 31.653634 	 60.658100
    2 	 7.212600 	 36.368948 	 68.822600
    3 	 9.522600 	 39.166917 	 68.822600
    4 	 8.839400 	 40.735048 	 68.822600
    5 	 17.231400 	 45.064995 	 73.708900
    6 	 22.455400 	 49.188747 	 70.422600
    7 	 17.218600 	 47.865550 	 70.021800
    8 	 20.853800 	 51.520493 	 70.826600
    9 	 28.945400 	 52.909771 	 75.218600
   10 	 21.092300 	 50.017244 	 70.853700
   11 	 23.161900 	 52.601886 	 70.853700
   12 	 23.161900 	 53.107253 	 70.655700
   13 	 23.619500 	 53.752194 	 71.503400
   14 	 22.875500 	 51.775704 	 73.320500
   15 	 29.487500 	 56.254832 	 73.320500
   16 	 27.278600 	 52.011333 	 73.719700
   17 	 20.721900 	 54.331121 	 73.719700
   18 	 21.481400 	 57.659111 	 73.719700
   19 	 26.109900 	 58.000798 	 73.719700
   20 	 32.798600 	 58.309432 	 73.719700
   21 	 33.524300 	 58.107761 	 74.204600
   22 	 25.155800 	 59.441018 	 74.804600
   23 	 33.757900 	 61.349812 	 74.403800
   24 	 34.070700 	 61.760072 	 74.601800
   25 	 34.070700 	 61.965111 	 74.601800
   26 	 34.070700 	 61.295386 	 74.801800
   27 	 36.685700 	 60.753459 	 74.610600
   28 	 38.641900 	 62.778987 	 74.010200
   29 	 38.641900 	 62.960872 	 73.807400
   30 	 37.678700 	 63.327040 	 73.807400
   31 	 32.624600 	 64.297608 	 74.407400
   32 	 44.019000 	 64.539154 	 74.424600
   33 	 42.840600 	 63.122316 	 74.415800
   34 	 36.240600 	 64.554726 	 74.714900
   35 	 47.530200 	 64.507932 	 74.714900
   36 	 46.261700 	 65.685448 	 74.711700
   37 	 42.418100 	 66.518627 	 75.120300
   38 	 45.263500 	 66.869825 	 75.120300
   39 	 52.968600 	 67.742407 	 75.120300
   40 	 47.299400 	 67.526132 	 75.116500
   41 	 47.703400 	 68.232062 	 75.116500
   42 	 39.367400 	 67.958620 	 75.116500
   43 	 48.154200 	 67.590174 	 75.116500
   44 	 42.756900 	 67.889669 	 75.208600
   45 	 43.771400 	 68.544823 	 75.212200
   46 	 43.621000 	 69.145280 	 75.506900
   47 	 43.621000 	 69.306909 	 75.607400
   48 	 43.550500 	 68.995878 	 75.222200
   49 	 48.827300 	 69.744307 	 75.928500
 