   0 	 0.261200 	 26.673797 	 68.570500
    1 	 1.222700 	 34.336869 	 68.570500
    2 	 9.990500 	 38.308252 	 68.570500
    3 	 9.068600 	 40.636837 	 69.466500
    4 	 14.870900 	 42.714820 	 69.466500
    5 	 15.306600 	 45.295958 	 66.383300
    6 	 12.440100 	 49.571730 	 72.964100
    7 	 18.115600 	 53.095396 	 71.086600
    8 	 25.503500 	 54.573468 	 72.462800
    9 	 26.961000 	 55.399026 	 71.312400
   10 	 29.557400 	 55.681885 	 70.306400
   11 	 33.834600 	 55.391142 	 70.306400
   12 	 21.752200 	 57.224907 	 72.462800
   13 	 22.668900 	 58.645472 	 73.865600
   14 	 14.488100 	 56.778489 	 70.041800
   15 	 26.493000 	 59.621958 	 74.421200
   16 	 30.088400 	 58.234080 	 73.030600
   17 	 23.816400 	 57.747689 	 72.890000
   18 	 23.816400 	 58.477407 	 72.545700
   19 	 26.696900 	 60.183024 	 74.094800
   20 	 26.696900 	 61.232967 	 74.094800
   21 	 27.166500 	 61.060949 	 74.094800
   22 	 33.137700 	 60.697470 	 74.094800
   23 	 30.158400 	 61.851001 	 73.345700
   24 	 39.712900 	 61.761961 	 74.248000
   25 	 34.574600 	 59.980167 	 74.248000
   26 	 26.447300 	 59.100174 	 73.865600
   27 	 32.385600 	 60.490664 	 74.152100
   28 	 31.739200 	 60.351357 	 73.567700
   29 	 38.486500 	 61.469117 	 76.410000
   30 	 32.838900 	 61.307205 	 77.622800
   31 	 31.067600 	 59.327489 	 76.716500
   32 	 26.394000 	 60.455662 	 76.716500
   33 	 28.974800 	 59.544941 	 76.716500
   34 	 31.773200 	 60.916402 	 76.716500
   35 	 36.022800 	 60.497982 	 75.618000
   36 	 36.122000 	 60.484171 	 76.013200
   37 	 27.580100 	 58.747502 	 74.461200
   38 	 24.389700 	 58.522202 	 76.411600
   39 	 33.362000 	 59.257616 	 74.773700
   40 	 30.448400 	 60.874250 	 74.773700
   41 	 28.694400 	 59.632751 	 76.918100
   42 	 29.275200 	 59.995861 	 76.918100
   43 	 42.560100 	 61.128845 	 77.014400
   44 	 38.494900 	 61.885255 	 77.014400
   45 	 29.174100 	 61.329806 	 77.014400
   46 	 29.188100 	 62.205546 	 77.218000
   47 	 30.854100 	 63.721660 	 77.218000
   48 	 41.344400 	 64.402920 	 73.384500
   49 	 44.398800 	 63.452938 	 74.916500
 