   0 	 1.268100 	 27.536104 	 66.367700
    1 	 7.297200 	 35.785506 	 69.834600
    2 	 2.368100 	 38.229798 	 72.596900
    3 	 3.772500 	 44.974609 	 72.596900
    4 	 18.874500 	 48.804218 	 72.596900
    5 	 4.812900 	 49.398224 	 73.071400
    6 	 24.578500 	 52.286433 	 74.328500
    7 	 26.130000 	 55.160823 	 71.828900
    8 	 24.386900 	 56.283061 	 74.406600
    9 	 34.635000 	 57.509568 	 75.318500
   10 	 15.010000 	 55.356350 	 73.274000
   11 	 15.508500 	 55.253057 	 75.318500
   12 	 10.573400 	 52.588891 	 75.318500
   13 	 12.716000 	 54.739620 	 75.318500
   14 	 13.512400 	 56.619529 	 76.918500
   15 	 12.880400 	 57.698249 	 76.918500
   16 	 28.622500 	 59.803864 	 77.724900
   17 	 12.062900 	 58.374010 	 76.112100
   18 	 28.622500 	 60.420798 	 76.112100
   19 	 20.816100 	 60.447422 	 76.918500
   20 	 20.816100 	 59.282373 	 76.918500
   21 	 18.036900 	 60.733807 	 76.918500
   22 	 18.036900 	 61.802652 	 76.918500
   23 	 29.233800 	 62.367236 	 77.020200
   24 	 37.474900 	 63.073646 	 77.826600
   25 	 29.838500 	 62.043210 	 77.020200
   26 	 38.037300 	 63.784585 	 77.421800
   27 	 38.152400 	 62.048345 	 77.122100
   28 	 36.010100 	 61.769154 	 76.816200
   29 	 32.100900 	 62.316924 	 77.421800
   30 	 30.657600 	 64.843951 	 77.319700
   31 	 30.657600 	 65.811754 	 76.816200
   32 	 42.126800 	 68.797933 	 76.918500
   33 	 31.435700 	 67.024422 	 76.916300
   34 	 46.386100 	 69.495632 	 77.120300
   35 	 53.891600 	 69.456925 	 76.918100
   36 	 45.084200 	 67.768432 	 76.511700
   37 	 31.441700 	 66.069944 	 76.314100
   38 	 46.299400 	 66.651706 	 76.411600
   39 	 43.438400 	 66.682675 	 76.508100
   40 	 49.289600 	 68.023349 	 76.508100
   41 	 47.274400 	 67.970823 	 76.513700
   42 	 46.645200 	 68.295503 	 76.513700
   43 	 51.076800 	 69.404234 	 76.915300
   44 	 50.981600 	 69.264690 	 77.114900
   45 	 48.466900 	 68.936912 	 77.114900
   46 	 47.721600 	 68.917551 	 77.013600
   47 	 48.220100 	 69.763941 	 77.114900
   48 	 48.220100 	 70.432224 	 77.114900
   49 	 48.444100 	 71.240601 	 77.013600
 