   0 	 0.835600 	 24.396777 	 56.226700
    1 	 1.628100 	 30.322490 	 57.084100
    2 	 7.844100 	 34.638578 	 64.592900
    3 	 5.306200 	 37.812152 	 64.592900
    4 	 10.742100 	 41.062680 	 65.626100
    5 	 1.630900 	 45.741930 	 70.771600
    6 	 22.957200 	 47.476488 	 65.159400
    7 	 21.719000 	 48.193711 	 69.326100
    8 	 22.000800 	 49.486643 	 74.024200
    9 	 22.000800 	 49.004365 	 74.632600
   10 	 22.000800 	 52.701450 	 74.632600
   11 	 26.361900 	 53.872880 	 74.632600
   12 	 29.099700 	 53.683778 	 73.714900
   13 	 26.562500 	 53.009459 	 71.452500
   14 	 26.592200 	 54.415340 	 72.234900
   15 	 26.592200 	 55.669487 	 72.986900
   16 	 22.812200 	 55.457160 	 74.601800
   17 	 31.985400 	 55.591324 	 74.601800
   18 	 21.591800 	 56.997863 	 71.755700
   19 	 33.225300 	 57.856264 	 72.030500
   20 	 33.216800 	 57.508722 	 72.030500
   21 	 22.320800 	 56.486651 	 70.877700
   22 	 37.801400 	 57.091932 	 70.472500
   23 	 37.801400 	 58.531787 	 70.472500
   24 	 12.022200 	 56.555861 	 69.900300
   25 	 12.022200 	 57.596697 	 77.015400
   26 	 34.601000 	 59.632635 	 77.015400
   27 	 13.987000 	 59.689457 	 77.015400
   28 	 33.997800 	 60.978164 	 76.914900
   29 	 34.018100 	 60.296999 	 73.690000
   30 	 38.277000 	 61.659921 	 75.506900
   31 	 38.068200 	 60.774253 	 72.597300
   32 	 36.377400 	 62.170330 	 73.453800
   33 	 32.159000 	 61.532907 	 72.933400
   34 	 32.159000 	 62.528989 	 73.553100
   35 	 31.934900 	 63.558334 	 76.014600
   36 	 39.503300 	 63.000680 	 76.014600
   37 	 39.503300 	 64.046505 	 76.014600
   38 	 41.698100 	 64.248565 	 74.802600
   39 	 40.433200 	 65.392027 	 76.205400
   40 	 40.253000 	 65.811839 	 74.802600
   41 	 37.674200 	 64.787145 	 74.487800
   42 	 41.776600 	 64.920973 	 74.487800
   43 	 43.909700 	 64.420464 	 75.810600
   44 	 41.836200 	 65.277773 	 75.810600
   45 	 44.638900 	 65.272489 	 75.024800
   46 	 37.211300 	 64.902286 	 75.024800
   47 	 42.133800 	 64.463330 	 75.710100
   48 	 42.133800 	 66.429306 	 75.710100
   49 	 38.866600 	 67.431950 	 75.504900
 