   0 	 1.992200 	 26.168931 	 55.801100
    1 	 1.173900 	 32.350456 	 59.440500
    2 	 9.690900 	 38.625161 	 59.440500
    3 	 2.602100 	 40.367776 	 62.423400
    4 	 10.856600 	 43.965516 	 63.951500
    5 	 8.861800 	 46.151874 	 67.694700
    6 	 20.933800 	 47.945033 	 72.757400
    7 	 9.124100 	 48.933878 	 71.256800
    8 	 6.134400 	 50.455029 	 74.239200
    9 	 18.523800 	 52.372800 	 75.325100
   10 	 20.301600 	 54.384978 	 75.325100
   11 	 29.782100 	 56.530772 	 77.016600
   12 	 34.171400 	 57.685962 	 77.016600
   13 	 25.464200 	 57.005802 	 77.016600
   14 	 22.498200 	 57.779961 	 77.016600
   15 	 24.267700 	 60.913772 	 76.915500
   16 	 16.568200 	 60.719468 	 76.613400
   17 	 25.444200 	 61.347247 	 76.315500
   18 	 28.672500 	 63.213715 	 77.828000
   19 	 37.357100 	 63.643496 	 77.627400
   20 	 34.747500 	 62.971238 	 77.627400
   21 	 25.393400 	 63.929107 	 78.031400
   22 	 35.098200 	 64.921953 	 78.031400
   23 	 33.300000 	 64.123591 	 78.234600
   24 	 33.822700 	 65.787663 	 78.234600
   25 	 33.822700 	 67.132691 	 78.234600
   26 	 38.722200 	 66.735094 	 78.234600
   27 	 39.149400 	 66.257386 	 78.132300
   28 	 30.753800 	 65.611897 	 78.132300
   29 	 30.655700 	 66.754345 	 78.132300
   30 	 45.024500 	 66.946166 	 77.729700
   31 	 45.024500 	 69.427192 	 77.219000
   32 	 48.320300 	 69.996014 	 77.929100
   33 	 48.320300 	 69.314978 	 77.929100
   34 	 51.945900 	 69.665896 	 77.525100
   35 	 44.865900 	 68.916233 	 77.829000
   36 	 44.457300 	 69.382304 	 78.336300
   37 	 44.658900 	 69.948781 	 77.826600
   38 	 51.303500 	 70.949354 	 77.826600
   39 	 52.030700 	 70.665060 	 77.829000
   40 	 48.302600 	 70.740060 	 78.438600
   41 	 48.302600 	 71.086243 	 78.438600
   42 	 45.310700 	 70.595772 	 78.438600
   43 	 51.894600 	 70.823707 	 78.438600
   44 	 31.932900 	 69.841102 	 78.438600
   45 	 52.662500 	 69.771707 	 77.829000
   46 	 45.815400 	 69.505535 	 77.829000
   47 	 43.984200 	 68.650214 	 77.627400
   48 	 52.278600 	 70.160054 	 77.627400
   49 	 53.021000 	 70.243428 	 77.627400
 