   0 	 0.785000 	 24.524271 	 64.322100
    1 	 6.460600 	 32.656191 	 61.800600
    2 	 4.637100 	 40.150537 	 64.518100
    3 	 9.782700 	 44.083635 	 69.546200
    4 	 5.911000 	 46.674725 	 72.548300
    5 	 21.005300 	 49.734973 	 71.395600
    6 	 16.480400 	 50.698560 	 71.395600
    7 	 26.478200 	 53.456293 	 74.618600
    8 	 9.220600 	 52.804744 	 74.618600
    9 	 9.220600 	 56.341291 	 77.625000
   10 	 27.328600 	 57.661745 	 75.122500
   11 	 35.761700 	 61.279208 	 76.818600
   12 	 30.132100 	 59.736442 	 77.624600
   13 	 30.477400 	 60.583093 	 77.022200
   14 	 22.164500 	 61.123351 	 77.022200
   15 	 24.632100 	 61.889051 	 77.124500
   16 	 34.862900 	 62.973444 	 77.124500
   17 	 32.617700 	 63.384125 	 77.828000
   18 	 32.617700 	 64.683055 	 77.420600
   19 	 32.617700 	 64.060569 	 77.521700
   20 	 38.913300 	 65.025335 	 77.522500
   21 	 39.159700 	 66.651804 	 77.522500
   22 	 39.103200 	 66.891867 	 77.522500
   23 	 28.664900 	 68.973114 	 77.522500
   24 	 36.961400 	 70.746314 	 77.522500
   25 	 55.009400 	 72.828676 	 77.522500
   26 	 56.550500 	 73.036584 	 77.522500
   27 	 50.722500 	 73.359446 	 77.522500
   28 	 50.722500 	 72.737543 	 77.522500
   29 	 50.722500 	 73.200151 	 77.522500
   30 	 53.277700 	 73.137705 	 77.928100
   31 	 51.226400 	 73.273476 	 77.928100
   32 	 57.368900 	 73.393648 	 77.521700
   33 	 57.368900 	 73.337662 	 77.623600
   34 	 56.159300 	 73.053290 	 77.420600
   35 	 46.274500 	 73.759677 	 76.713700
   36 	 46.350000 	 73.940390 	 76.712900
   37 	 54.854900 	 74.256871 	 76.611000
   38 	 64.265400 	 74.742586 	 76.713700
   39 	 55.012000 	 74.593387 	 76.714900
   40 	 68.110200 	 74.935481 	 76.815000
   41 	 71.179800 	 75.193831 	 76.813400
   42 	 71.179800 	 74.813434 	 76.915300
   43 	 67.053600 	 74.830920 	 76.815000
   44 	 65.627800 	 75.012849 	 77.116100
   45 	 60.955600 	 74.903851 	 77.116100
   46 	 62.823600 	 74.982201 	 77.116100
   47 	 56.553300 	 74.825083 	 77.015800
   48 	 56.356100 	 74.450434 	 77.116500
   49 	 46.350000 	 74.459558 	 77.217400
 