   0 	 4.145000 	 25.194188 	 58.386600
    1 	 6.447200 	 32.143687 	 68.634600
    2 	 9.174500 	 36.719425 	 68.634600
    3 	 7.488900 	 41.512113 	 68.588600
    4 	 11.690400 	 43.426998 	 70.277100
    5 	 19.601100 	 46.039631 	 68.588600
    6 	 20.982800 	 47.992147 	 68.944600
    7 	 23.171000 	 50.166393 	 70.742700
    8 	 23.171000 	 52.229295 	 73.314700
    9 	 29.669400 	 54.608878 	 73.314700
   10 	 27.413900 	 56.224467 	 73.314700
   11 	 26.707400 	 56.731367 	 73.329900
   12 	 22.810500 	 56.692936 	 73.816200
   13 	 24.088300 	 57.002859 	 74.933100
   14 	 29.015700 	 56.256815 	 75.533100
   15 	 26.930700 	 55.211621 	 75.533100
   16 	 31.704900 	 57.409932 	 75.533100
   17 	 26.047800 	 57.949933 	 74.125100
   18 	 37.430100 	 59.460167 	 72.511800
   19 	 23.813100 	 59.318091 	 73.034200
   20 	 32.094900 	 60.855675 	 76.917100
   21 	 33.194600 	 60.894186 	 76.917100
   22 	 30.733100 	 60.450451 	 75.307500
   23 	 30.733100 	 60.102543 	 75.407800
   24 	 27.704900 	 60.773391 	 76.815000
   25 	 44.546200 	 62.089588 	 76.815000
   26 	 39.104100 	 62.634511 	 76.014200
   27 	 25.602500 	 61.371468 	 73.231400
   28 	 25.602500 	 62.474532 	 75.706700
   29 	 31.308100 	 61.960371 	 76.005400
   30 	 41.319500 	 62.298506 	 76.005400
   31 	 24.971000 	 60.277464 	 76.005400
   32 	 6.927000 	 59.686841 	 76.005400
   33 	 24.483000 	 59.647407 	 76.005400
   34 	 25.611500 	 61.570633 	 76.005400
   35 	 27.477900 	 61.831241 	 75.905100
   36 	 33.517900 	 64.428522 	 75.603000
   37 	 40.640300 	 62.992083 	 75.603000
   38 	 40.640300 	 63.115193 	 75.502700
   39 	 39.513900 	 64.330417 	 75.503300
   40 	 42.303000 	 66.779460 	 75.807200
   41 	 26.303000 	 67.292324 	 75.807200
   42 	 26.303000 	 67.471284 	 75.806600
   43 	 46.999000 	 68.295984 	 76.307700
   44 	 48.874700 	 68.958321 	 75.808600
   45 	 35.945000 	 69.330722 	 75.807200
   46 	 35.945000 	 69.821057 	 75.807200
   47 	 38.036600 	 69.586017 	 75.803000
   48 	 44.137400 	 70.134339 	 76.611000
   49 	 44.137400 	 70.734232 	 76.611000
 