   0 	 1.126900 	 27.485927 	 64.290600
    1 	 8.264600 	 34.670357 	 66.278900
    2 	 15.256200 	 41.438610 	 66.278900
    3 	 11.052900 	 43.244662 	 70.164500
    4 	 11.052900 	 47.084219 	 68.018600
    5 	 24.649700 	 49.442589 	 70.892500
    6 	 25.364400 	 49.561168 	 70.811400
    7 	 21.132900 	 49.729305 	 72.463400
    8 	 21.132900 	 49.815998 	 71.427600
    9 	 16.253000 	 51.583111 	 72.285000
   10 	 5.735600 	 52.079753 	 71.884100
   11 	 18.858200 	 54.766122 	 71.884100
   12 	 15.543000 	 55.226303 	 75.026600
   13 	 18.551000 	 55.361289 	 75.026600
   14 	 27.608600 	 55.889884 	 75.224200
   15 	 25.902200 	 58.017215 	 75.631400
   16 	 21.746200 	 59.378295 	 75.529300
   17 	 30.034900 	 60.088711 	 75.126900
   18 	 32.781400 	 60.664974 	 75.732900
   19 	 35.876600 	 61.319908 	 75.732900
   20 	 31.596200 	 60.722423 	 75.518900
   21 	 25.347000 	 60.860060 	 75.417800
   22 	 25.347000 	 61.962573 	 75.417800
   23 	 39.566600 	 62.364630 	 75.417800
   24 	 12.379300 	 61.958283 	 73.907000
   25 	 37.869900 	 61.406119 	 76.406600
   26 	 38.131700 	 64.622047 	 77.218600
   27 	 40.483500 	 65.319944 	 76.508100
   28 	 41.194700 	 65.577061 	 77.218600
   29 	 41.194700 	 66.016901 	 77.218600
   30 	 43.125800 	 64.643144 	 77.218600
   31 	 43.125800 	 65.919373 	 76.714100
   32 	 39.434600 	 66.970106 	 76.714100
   33 	 34.403300 	 65.539354 	 77.424600
   34 	 43.151400 	 67.770672 	 76.714100
   35 	 46.841400 	 68.566030 	 77.015800
   36 	 36.752900 	 68.641123 	 77.118900
   37 	 46.139400 	 67.857666 	 77.118900
   38 	 46.139400 	 68.516034 	 77.623400
   39 	 47.691400 	 68.530704 	 77.116500
   40 	 44.937600 	 69.435648 	 77.216200
   41 	 39.036200 	 68.528310 	 77.928500
   42 	 39.031700 	 67.696481 	 77.523700
   43 	 48.124100 	 68.523856 	 77.623400
   44 	 46.864100 	 67.861398 	 77.728100
   45 	 46.025000 	 69.300720 	 77.623400
   46 	 48.858900 	 69.885547 	 77.623400
   47 	 49.936500 	 69.967497 	 77.317700
   48 	 50.595800 	 69.785513 	 77.320900
   49 	 50.477000 	 70.757889 	 77.320900
 