   0 	 0.000052 	 0.019213 	 0.081776
    1 	 0.002811 	 0.060141 	 0.081776
    2 	 0.017793 	 0.072321 	 0.081776
    3 	 0.038936 	 0.074956 	 0.081776
    4 	 0.054061 	 0.077203 	 0.081776
    5 	 0.054061 	 0.078014 	 0.081784
    6 	 0.054061 	 0.078083 	 0.081784
    7 	 0.054061 	 0.078284 	 0.081784
    8 	 0.064620 	 0.078885 	 0.081784
    9 	 0.064620 	 0.079050 	 0.081784
   10 	 0.064620 	 0.079695 	 0.081784
   11 	 0.064620 	 0.079948 	 0.081784
   12 	 0.017793 	 0.079583 	 0.081784
   13 	 0.060562 	 0.080034 	 0.081784
   14 	 0.066525 	 0.080387 	 0.081784
   15 	 0.066525 	 0.080212 	 0.081784
   16 	 0.066525 	 0.080039 	 0.081784
   17 	 0.060562 	 0.079576 	 0.081784
   18 	 0.060562 	 0.079467 	 0.081784
   19 	 0.062628 	 0.080333 	 0.081784
   20 	 0.066525 	 0.080328 	 0.081784
   21 	 0.068330 	 0.080277 	 0.081784
   22 	 0.068330 	 0.080492 	 0.081784
   23 	 0.062628 	 0.080909 	 0.081776
   24 	 0.062628 	 0.080745 	 0.081776
   25 	 0.062628 	 0.080814 	 0.081776
   26 	 0.062628 	 0.080479 	 0.081776
   27 	 0.062628 	 0.080407 	 0.081776
   28 	 0.062628 	 0.080371 	 0.081776
   29 	 0.062628 	 0.081216 	 0.081776
   30 	 0.073062 	 0.081396 	 0.081776
   31 	 0.080668 	 0.081460 	 0.081776
   32 	 0.080668 	 0.081541 	 0.081776
   33 	 0.080668 	 0.081529 	 0.081776
   34 	 0.080668 	 0.081533 	 0.081776
   35 	 0.080668 	 0.081480 	 0.081776
   36 	 0.029711 	 0.080978 	 0.081776
   37 	 0.080668 	 0.081425 	 0.081776
   38 	 0.062628 	 0.081203 	 0.081776
   39 	 0.062628 	 0.081251 	 0.081776
   40 	 0.062628 	 0.081180 	 0.081776
   41 	 0.073062 	 0.081294 	 0.081776
   42 	 0.064620 	 0.081141 	 0.081776
   43 	 0.073062 	 0.081299 	 0.081776
   44 	 0.073062 	 0.081271 	 0.081776
   45 	 0.073062 	 0.081212 	 0.081776
   46 	 0.073062 	 0.081460 	 0.081776
   47 	 0.080999 	 0.081564 	 0.081776
   48 	 0.080999 	 0.081562 	 0.081776
   49 	 0.080999 	 0.081557 	 0.081776
 