   0 	 0.000050 	 0.014068 	 0.081784
    1 	 0.003639 	 0.068417 	 0.081784
    2 	 0.003639 	 0.072669 	 0.081784
    3 	 0.043085 	 0.076627 	 0.081784
    4 	 0.047415 	 0.078986 	 0.081784
    5 	 0.047415 	 0.079080 	 0.081784
    6 	 0.047415 	 0.079887 	 0.081784
    7 	 0.043085 	 0.079249 	 0.081784
    8 	 0.047415 	 0.079175 	 0.081784
    9 	 0.045232 	 0.079377 	 0.081784
   10 	 0.047415 	 0.080013 	 0.081784
   11 	 0.073062 	 0.080509 	 0.081784
   12 	 0.075591 	 0.080584 	 0.081784
   13 	 0.077612 	 0.080692 	 0.081776
   14 	 0.070027 	 0.080498 	 0.081776
   15 	 0.070027 	 0.080331 	 0.081776
   16 	 0.070027 	 0.080116 	 0.081775
   17 	 0.070027 	 0.079807 	 0.081775
   18 	 0.070027 	 0.079798 	 0.081732
   19 	 0.070027 	 0.080437 	 0.081775
   20 	 0.077612 	 0.080705 	 0.081732
   21 	 0.009663 	 0.079771 	 0.081732
   22 	 0.078438 	 0.080607 	 0.081775
   23 	 0.078438 	 0.080643 	 0.081732
   24 	 0.078438 	 0.080637 	 0.081732
   25 	 0.078438 	 0.080525 	 0.081732
   26 	 0.009663 	 0.079633 	 0.081732
   27 	 0.078438 	 0.080417 	 0.081732
   28 	 0.078438 	 0.080468 	 0.081732
   29 	 0.078438 	 0.080561 	 0.081707
   30 	 0.078438 	 0.080689 	 0.081707
   31 	 0.009162 	 0.079949 	 0.081707
   32 	 0.078438 	 0.080601 	 0.081707
   33 	 0.078438 	 0.080623 	 0.081707
   34 	 0.078438 	 0.080550 	 0.081707
   35 	 0.078438 	 0.080666 	 0.081707
   36 	 0.078438 	 0.080678 	 0.081707
   37 	 0.078438 	 0.080702 	 0.081707
   38 	 0.078438 	 0.080705 	 0.081707
   39 	 0.078438 	 0.080844 	 0.081707
   40 	 0.078438 	 0.080929 	 0.081707
   41 	 0.078438 	 0.081007 	 0.081707
   42 	 0.078438 	 0.080987 	 0.081707
   43 	 0.078438 	 0.080795 	 0.081707
   44 	 0.078438 	 0.080816 	 0.081707
   45 	 0.078438 	 0.080726 	 0.081707
   46 	 0.078438 	 0.080636 	 0.081707
   47 	 0.078438 	 0.080795 	 0.081707
   48 	 0.078438 	 0.080900 	 0.081707
   49 	 0.078438 	 0.080760 	 0.081707
 