   0 	 0.000052 	 0.017479 	 0.081688
    1 	 0.000283 	 0.056841 	 0.081688
    2 	 0.016808 	 0.064486 	 0.081747
    3 	 0.017793 	 0.069862 	 0.081747
    4 	 0.017793 	 0.072631 	 0.081747
    5 	 0.022373 	 0.074485 	 0.081756
    6 	 0.051842 	 0.075343 	 0.081756
    7 	 0.051842 	 0.075440 	 0.081756
    8 	 0.060562 	 0.076085 	 0.081688
    9 	 0.060562 	 0.075871 	 0.081747
   10 	 0.060562 	 0.077200 	 0.081707
   11 	 0.060562 	 0.077507 	 0.081707
   12 	 0.060562 	 0.077152 	 0.081756
   13 	 0.060562 	 0.077173 	 0.081776
   14 	 0.060562 	 0.077535 	 0.081776
   15 	 0.060562 	 0.077635 	 0.081776
   16 	 0.060562 	 0.077110 	 0.081776
   17 	 0.060562 	 0.077670 	 0.081776
   18 	 0.060562 	 0.077610 	 0.081776
   19 	 0.060562 	 0.078877 	 0.081776
   20 	 0.060562 	 0.078975 	 0.081784
   21 	 0.068330 	 0.079297 	 0.081776
   22 	 0.060562 	 0.078870 	 0.081776
   23 	 0.068330 	 0.079206 	 0.081747
   24 	 0.060562 	 0.079406 	 0.081747
   25 	 0.060562 	 0.079024 	 0.081776
   26 	 0.060562 	 0.079273 	 0.081707
   27 	 0.060562 	 0.078931 	 0.081775
   28 	 0.060562 	 0.079192 	 0.081707
   29 	 0.060562 	 0.079157 	 0.081707
   30 	 0.060562 	 0.079445 	 0.081707
   31 	 0.060562 	 0.079212 	 0.081707
   32 	 0.060562 	 0.079552 	 0.081784
   33 	 0.060562 	 0.080056 	 0.081784
   34 	 0.060562 	 0.079777 	 0.081707
   35 	 0.060562 	 0.080371 	 0.081707
   36 	 0.060562 	 0.080479 	 0.081707
   37 	 0.078438 	 0.080762 	 0.081707
   38 	 0.078438 	 0.080810 	 0.081707
   39 	 0.068330 	 0.080638 	 0.081707
   40 	 0.060562 	 0.080523 	 0.081707
   41 	 0.074391 	 0.080822 	 0.081707
   42 	 0.060562 	 0.080528 	 0.081707
   43 	 0.060562 	 0.080781 	 0.081707
   44 	 0.060562 	 0.080860 	 0.081784
   45 	 0.080668 	 0.081162 	 0.081784
   46 	 0.080668 	 0.081229 	 0.081784
   47 	 0.080668 	 0.081244 	 0.081784
   48 	 0.080668 	 0.081291 	 0.081784
   49 	 0.080668 	 0.081322 	 0.081784
 