   0 	 0.000050 	 0.017973 	 0.081776
    1 	 0.000251 	 0.064232 	 0.081776
    2 	 0.015880 	 0.072704 	 0.081776
    3 	 0.025081 	 0.075208 	 0.081776
    4 	 0.025081 	 0.076971 	 0.081784
    5 	 0.025081 	 0.076996 	 0.081784
    6 	 0.049623 	 0.078301 	 0.081784
    7 	 0.064620 	 0.079494 	 0.081784
    8 	 0.064620 	 0.079762 	 0.081784
    9 	 0.000447 	 0.078522 	 0.081784
   10 	 0.060562 	 0.078900 	 0.081784
   11 	 0.004566 	 0.078695 	 0.081784
   12 	 0.060562 	 0.079092 	 0.081784
   13 	 0.064620 	 0.079795 	 0.081784
   14 	 0.064620 	 0.080334 	 0.081784
   15 	 0.043085 	 0.080163 	 0.081784
   16 	 0.064620 	 0.080893 	 0.081784
   17 	 0.075591 	 0.081327 	 0.081784
   18 	 0.075591 	 0.081498 	 0.081784
   19 	 0.079753 	 0.081406 	 0.081784
   20 	 0.079149 	 0.081354 	 0.081784
   21 	 0.079149 	 0.081325 	 0.081784
   22 	 0.079149 	 0.081449 	 0.081784
   23 	 0.079149 	 0.081533 	 0.081784
   24 	 0.079149 	 0.081508 	 0.081784
   25 	 0.079149 	 0.081515 	 0.081784
   26 	 0.079149 	 0.081505 	 0.081784
   27 	 0.078438 	 0.081551 	 0.081784
   28 	 0.010195 	 0.080878 	 0.081784
   29 	 0.000773 	 0.080827 	 0.081756
   30 	 0.054061 	 0.081243 	 0.081756
   31 	 0.054061 	 0.081150 	 0.081756
   32 	 0.078438 	 0.081342 	 0.081756
   33 	 0.076664 	 0.081163 	 0.081756
   34 	 0.078438 	 0.081246 	 0.081756
   35 	 0.078438 	 0.081359 	 0.081756
   36 	 0.078438 	 0.081449 	 0.081756
   37 	 0.078438 	 0.081428 	 0.081756
   38 	 0.078438 	 0.081505 	 0.081756
   39 	 0.078438 	 0.081529 	 0.081707
   40 	 0.078438 	 0.081410 	 0.081707
   41 	 0.078438 	 0.081410 	 0.081707
   42 	 0.078438 	 0.081444 	 0.081707
   43 	 0.078438 	 0.081405 	 0.081707
   44 	 0.079149 	 0.081501 	 0.081707
   45 	 0.079149 	 0.081528 	 0.081707
   46 	 0.079149 	 0.081506 	 0.081707
   47 	 0.079149 	 0.081457 	 0.081707
   48 	 0.079149 	 0.081424 	 0.081707
   49 	 0.079149 	 0.081486 	 0.081707
 