   0 	 0.000053 	 0.012295 	 0.081665
    1 	 0.000103 	 0.054242 	 0.081756
    2 	 0.017793 	 0.071956 	 0.081775
    3 	 0.033183 	 0.072805 	 0.081775
    4 	 0.033183 	 0.074807 	 0.081775
    5 	 0.033183 	 0.076392 	 0.081784
    6 	 0.043085 	 0.078141 	 0.081784
    7 	 0.043085 	 0.078698 	 0.081784
    8 	 0.043085 	 0.078873 	 0.081784
    9 	 0.043085 	 0.079692 	 0.081784
   10 	 0.008249 	 0.079480 	 0.081784
   11 	 0.051842 	 0.080462 	 0.081784
   12 	 0.051842 	 0.080609 	 0.081784
   13 	 0.051842 	 0.080771 	 0.081776
   14 	 0.051842 	 0.080708 	 0.081776
   15 	 0.073062 	 0.080947 	 0.081776
   16 	 0.062628 	 0.080701 	 0.081784
   17 	 0.060562 	 0.080254 	 0.081784
   18 	 0.062628 	 0.080670 	 0.081784
   19 	 0.062628 	 0.080797 	 0.081784
   20 	 0.068330 	 0.080933 	 0.081776
   21 	 0.077612 	 0.081121 	 0.081776
   22 	 0.078438 	 0.081143 	 0.081776
   23 	 0.000513 	 0.080297 	 0.081784
   24 	 0.078438 	 0.081388 	 0.081784
   25 	 0.078438 	 0.081253 	 0.081784
   26 	 0.078438 	 0.081339 	 0.081784
   27 	 0.078438 	 0.081257 	 0.081784
   28 	 0.078438 	 0.081252 	 0.081784
   29 	 0.073062 	 0.081203 	 0.081784
   30 	 0.073062 	 0.081197 	 0.081776
   31 	 0.078438 	 0.081432 	 0.081776
   32 	 0.079149 	 0.081531 	 0.081747
   33 	 0.079149 	 0.081565 	 0.081707
   34 	 0.079149 	 0.081616 	 0.081707
   35 	 0.079149 	 0.081550 	 0.081707
   36 	 0.079149 	 0.081539 	 0.081707
   37 	 0.079149 	 0.081501 	 0.081707
   38 	 0.078438 	 0.081454 	 0.081776
   39 	 0.079149 	 0.081541 	 0.081776
   40 	 0.079149 	 0.081554 	 0.081776
   41 	 0.079149 	 0.081603 	 0.081776
   42 	 0.079149 	 0.081627 	 0.081776
   43 	 0.079149 	 0.081655 	 0.081776
   44 	 0.079149 	 0.081663 	 0.081776
   45 	 0.081654 	 0.081694 	 0.081776
   46 	 0.054061 	 0.081418 	 0.081776
   47 	 0.081654 	 0.081696 	 0.081776
   48 	 0.081654 	 0.081699 	 0.081776
   49 	 0.081654 	 0.081692 	 0.081776
 