   0 	 0.000052 	 0.017615 	 0.081756
    1 	 0.004566 	 0.066347 	 0.081756
    2 	 0.004566 	 0.073301 	 0.081784
    3 	 0.031409 	 0.074435 	 0.081784
    4 	 0.031409 	 0.075707 	 0.081784
    5 	 0.031409 	 0.076996 	 0.081784
    6 	 0.051842 	 0.079409 	 0.081784
    7 	 0.060562 	 0.079538 	 0.081784
    8 	 0.010195 	 0.079208 	 0.081784
    9 	 0.010195 	 0.079113 	 0.081784
   10 	 0.068330 	 0.079894 	 0.081784
   11 	 0.068330 	 0.080035 	 0.081784
   12 	 0.064620 	 0.080545 	 0.081784
   13 	 0.064620 	 0.080617 	 0.081784
   14 	 0.074391 	 0.081235 	 0.081756
   15 	 0.074391 	 0.081118 	 0.081756
   16 	 0.074391 	 0.081298 	 0.081756
   17 	 0.074391 	 0.081335 	 0.081784
   18 	 0.074391 	 0.081495 	 0.081756
   19 	 0.074391 	 0.081593 	 0.081756
   20 	 0.080668 	 0.081647 	 0.081756
   21 	 0.080668 	 0.081631 	 0.081756
   22 	 0.081257 	 0.081637 	 0.081756
   23 	 0.081257 	 0.081636 	 0.081756
   24 	 0.080668 	 0.081638 	 0.081784
   25 	 0.080668 	 0.081621 	 0.081784
   26 	 0.080668 	 0.081608 	 0.081784
   27 	 0.080668 	 0.081587 	 0.081784
   28 	 0.080668 	 0.081650 	 0.081784
   29 	 0.080668 	 0.081646 	 0.081784
   30 	 0.080668 	 0.081649 	 0.081784
   31 	 0.080668 	 0.081648 	 0.081784
   32 	 0.079753 	 0.081658 	 0.081784
   33 	 0.079753 	 0.081614 	 0.081784
   34 	 0.000750 	 0.080642 	 0.081784
   35 	 0.079753 	 0.081552 	 0.081784
   36 	 0.079753 	 0.081567 	 0.081784
   37 	 0.079753 	 0.081600 	 0.081784
   38 	 0.079753 	 0.081607 	 0.081756
   39 	 0.079753 	 0.081584 	 0.081756
   40 	 0.080668 	 0.081651 	 0.081756
   41 	 0.080668 	 0.081650 	 0.081756
   42 	 0.080668 	 0.081648 	 0.081756
   43 	 0.080668 	 0.081613 	 0.081756
   44 	 0.080668 	 0.081612 	 0.081756
   45 	 0.080668 	 0.081607 	 0.081756
   46 	 0.080668 	 0.081603 	 0.081756
   47 	 0.080668 	 0.081644 	 0.081784
   48 	 0.080668 	 0.081624 	 0.081784
   49 	 0.080668 	 0.081629 	 0.081756
 