   0 	 0.000051 	 0.012480 	 0.081707
    1 	 0.000591 	 0.051601 	 0.081707
    2 	 0.014186 	 0.066948 	 0.081784
    3 	 0.014186 	 0.073808 	 0.081776
    4 	 0.031409 	 0.076804 	 0.081776
    5 	 0.000543 	 0.077589 	 0.081784
    6 	 0.045232 	 0.079218 	 0.081784
    7 	 0.051842 	 0.079799 	 0.081784
    8 	 0.051842 	 0.080209 	 0.081784
    9 	 0.062628 	 0.080749 	 0.081776
   10 	 0.062628 	 0.080858 	 0.081784
   11 	 0.075591 	 0.081120 	 0.081784
   12 	 0.031409 	 0.080587 	 0.081784
   13 	 0.075591 	 0.081229 	 0.081784
   14 	 0.075591 	 0.081334 	 0.081784
   15 	 0.066525 	 0.081363 	 0.081784
   16 	 0.075591 	 0.081456 	 0.081784
   17 	 0.074391 	 0.081456 	 0.081784
   18 	 0.074391 	 0.081528 	 0.081784
   19 	 0.079753 	 0.081561 	 0.081784
   20 	 0.079753 	 0.081424 	 0.081776
   21 	 0.076664 	 0.081393 	 0.081776
   22 	 0.079753 	 0.081329 	 0.081776
   23 	 0.079753 	 0.081366 	 0.081776
   24 	 0.073062 	 0.081291 	 0.081776
   25 	 0.079753 	 0.081409 	 0.081776
   26 	 0.078438 	 0.081297 	 0.081776
   27 	 0.079753 	 0.081352 	 0.081776
   28 	 0.079753 	 0.081331 	 0.081784
   29 	 0.079753 	 0.081272 	 0.081784
   30 	 0.078438 	 0.081364 	 0.081784
   31 	 0.078438 	 0.081427 	 0.081784
   32 	 0.078438 	 0.081431 	 0.081784
   33 	 0.078438 	 0.081256 	 0.081784
   34 	 0.078438 	 0.081392 	 0.081776
   35 	 0.078438 	 0.081403 	 0.081747
   36 	 0.071606 	 0.081266 	 0.081747
   37 	 0.068330 	 0.081304 	 0.081747
   38 	 0.071606 	 0.081431 	 0.081747
   39 	 0.071606 	 0.081255 	 0.081747
   40 	 0.071606 	 0.081299 	 0.081747
   41 	 0.078438 	 0.081574 	 0.081747
   42 	 0.078438 	 0.081601 	 0.081747
   43 	 0.079753 	 0.081611 	 0.081747
   44 	 0.079753 	 0.081649 	 0.081747
   45 	 0.079753 	 0.081610 	 0.081707
   46 	 0.079753 	 0.081634 	 0.081747
   47 	 0.079753 	 0.081672 	 0.081747
   48 	 0.079753 	 0.081650 	 0.081707
   49 	 0.079753 	 0.081652 	 0.081707
 