   0 	 0.000052 	 0.018578 	 0.081775
    1 	 0.005016 	 0.066512 	 0.081775
    2 	 0.016808 	 0.071271 	 0.081775
    3 	 0.049623 	 0.074964 	 0.081775
    4 	 0.036950 	 0.077133 	 0.081775
    5 	 0.036950 	 0.077680 	 0.081776
    6 	 0.066525 	 0.079249 	 0.081775
    7 	 0.066525 	 0.079347 	 0.081775
    8 	 0.068330 	 0.079518 	 0.081756
    9 	 0.068330 	 0.079670 	 0.081756
   10 	 0.068330 	 0.079534 	 0.081756
   11 	 0.068330 	 0.080018 	 0.081756
   12 	 0.068330 	 0.080052 	 0.081756
   13 	 0.073062 	 0.080102 	 0.081756
   14 	 0.073062 	 0.080021 	 0.081756
   15 	 0.073062 	 0.080289 	 0.081756
   16 	 0.070027 	 0.080241 	 0.081784
   17 	 0.047415 	 0.080026 	 0.081756
   18 	 0.047415 	 0.080168 	 0.081756
   19 	 0.073062 	 0.080420 	 0.081756
   20 	 0.073062 	 0.080300 	 0.081756
   21 	 0.066525 	 0.080127 	 0.081747
   22 	 0.066525 	 0.080176 	 0.081747
   23 	 0.066525 	 0.080199 	 0.081747
   24 	 0.076664 	 0.080655 	 0.081747
   25 	 0.076664 	 0.080709 	 0.081747
   26 	 0.076664 	 0.080734 	 0.081756
   27 	 0.078438 	 0.080877 	 0.081747
   28 	 0.078438 	 0.081009 	 0.081747
   29 	 0.078438 	 0.081087 	 0.081747
   30 	 0.076664 	 0.081094 	 0.081747
   31 	 0.076664 	 0.081098 	 0.081747
   32 	 0.010195 	 0.080426 	 0.081747
   33 	 0.078438 	 0.081290 	 0.081756
   34 	 0.078438 	 0.081268 	 0.081747
   35 	 0.058435 	 0.081138 	 0.081747
   36 	 0.079753 	 0.081355 	 0.081747
   37 	 0.079753 	 0.081478 	 0.081747
   38 	 0.079753 	 0.081497 	 0.081747
   39 	 0.079753 	 0.081515 	 0.081747
   40 	 0.079753 	 0.081552 	 0.081747
   41 	 0.079753 	 0.081570 	 0.081747
   42 	 0.079753 	 0.081475 	 0.081747
   43 	 0.079753 	 0.081323 	 0.081747
   44 	 0.079753 	 0.081304 	 0.081747
   45 	 0.079753 	 0.081265 	 0.081747
   46 	 0.079753 	 0.081130 	 0.081665
   47 	 0.079753 	 0.081168 	 0.081665
   48 	 0.079753 	 0.081111 	 0.081665
   49 	 0.079753 	 0.081168 	 0.081665
 