   0 	 0.000054 	 0.016251 	 0.081747
    1 	 0.004165 	 0.060253 	 0.081776
    2 	 0.012688 	 0.072837 	 0.081776
    3 	 0.015880 	 0.074892 	 0.081747
    4 	 0.028091 	 0.076115 	 0.081776
    5 	 0.028091 	 0.077254 	 0.081776
    6 	 0.026548 	 0.077246 	 0.081776
    7 	 0.017793 	 0.077669 	 0.081776
    8 	 0.017793 	 0.077875 	 0.081776
    9 	 0.068330 	 0.079458 	 0.081776
   10 	 0.060562 	 0.079044 	 0.081776
   11 	 0.068330 	 0.079771 	 0.081776
   12 	 0.068330 	 0.079608 	 0.081776
   13 	 0.068330 	 0.079585 	 0.081776
   14 	 0.068330 	 0.079329 	 0.081776
   15 	 0.028091 	 0.079780 	 0.081776
   16 	 0.028091 	 0.080411 	 0.081776
   17 	 0.060562 	 0.080712 	 0.081776
   18 	 0.062628 	 0.080836 	 0.081784
   19 	 0.062628 	 0.080755 	 0.081776
   20 	 0.073062 	 0.081059 	 0.081784
   21 	 0.073062 	 0.081073 	 0.081784
   22 	 0.073062 	 0.080811 	 0.081784
   23 	 0.073062 	 0.081152 	 0.081784
   24 	 0.073062 	 0.081164 	 0.081776
   25 	 0.070027 	 0.081165 	 0.081776
   26 	 0.070027 	 0.081161 	 0.081776
   27 	 0.070027 	 0.081042 	 0.081776
   28 	 0.073062 	 0.081240 	 0.081776
   29 	 0.073062 	 0.081339 	 0.081776
   30 	 0.070027 	 0.081254 	 0.081776
   31 	 0.080999 	 0.081558 	 0.081776
   32 	 0.080999 	 0.081612 	 0.081776
   33 	 0.080668 	 0.081584 	 0.081776
   34 	 0.080668 	 0.081540 	 0.081776
   35 	 0.080668 	 0.081527 	 0.081776
   36 	 0.080668 	 0.081498 	 0.081776
   37 	 0.080668 	 0.081476 	 0.081776
   38 	 0.080668 	 0.081494 	 0.081776
   39 	 0.080999 	 0.081533 	 0.081776
   40 	 0.080999 	 0.081545 	 0.081776
   41 	 0.080999 	 0.081537 	 0.081776
   42 	 0.080999 	 0.081553 	 0.081776
   43 	 0.080999 	 0.081605 	 0.081776
   44 	 0.080999 	 0.081630 	 0.081776
   45 	 0.080999 	 0.081634 	 0.081784
   46 	 0.080668 	 0.081638 	 0.081784
   47 	 0.080668 	 0.081621 	 0.081784
   48 	 0.080668 	 0.081605 	 0.081784
   49 	 0.080668 	 0.081590 	 0.081784
 