   0 	 0.000050 	 0.014506 	 0.081776
    1 	 0.001355 	 0.061291 	 0.081776
    2 	 0.026548 	 0.068161 	 0.081776
    3 	 0.040984 	 0.071382 	 0.081776
    4 	 0.040984 	 0.073990 	 0.081776
    5 	 0.040984 	 0.077124 	 0.081776
    6 	 0.040984 	 0.078613 	 0.081776
    7 	 0.047415 	 0.079650 	 0.081776
    8 	 0.047415 	 0.079381 	 0.081776
    9 	 0.049623 	 0.080737 	 0.081776
   10 	 0.049623 	 0.081265 	 0.081776
   11 	 0.079149 	 0.081560 	 0.081776
   12 	 0.000665 	 0.080887 	 0.081776
   13 	 0.081654 	 0.081715 	 0.081776
   14 	 0.081654 	 0.081719 	 0.081776
   15 	 0.081654 	 0.081718 	 0.081776
   16 	 0.081654 	 0.081711 	 0.081776
   17 	 0.081654 	 0.081717 	 0.081776
   18 	 0.081654 	 0.081712 	 0.081776
   19 	 0.081654 	 0.081715 	 0.081776
   20 	 0.081654 	 0.081705 	 0.081776
   21 	 0.081654 	 0.081702 	 0.081776
   22 	 0.081654 	 0.081697 	 0.081776
   23 	 0.081654 	 0.081701 	 0.081776
   24 	 0.081654 	 0.081699 	 0.081776
   25 	 0.081654 	 0.081703 	 0.081776
   26 	 0.081654 	 0.081707 	 0.081776
   27 	 0.081654 	 0.081709 	 0.081776
   28 	 0.081654 	 0.081710 	 0.081776
   29 	 0.081452 	 0.081703 	 0.081776
   30 	 0.081452 	 0.081698 	 0.081776
   31 	 0.081452 	 0.081697 	 0.081776
   32 	 0.081654 	 0.081698 	 0.081776
   33 	 0.081654 	 0.081698 	 0.081776
   34 	 0.081654 	 0.081704 	 0.081776
   35 	 0.081654 	 0.081705 	 0.081776
   36 	 0.081654 	 0.081697 	 0.081775
   37 	 0.081654 	 0.081697 	 0.081784
   38 	 0.081654 	 0.081694 	 0.081784
   39 	 0.081654 	 0.081697 	 0.081784
   40 	 0.081654 	 0.081702 	 0.081784
   41 	 0.081654 	 0.081701 	 0.081784
   42 	 0.081654 	 0.081699 	 0.081784
   43 	 0.081654 	 0.081700 	 0.081784
   44 	 0.081654 	 0.081701 	 0.081784
   45 	 0.081654 	 0.081697 	 0.081784
   46 	 0.081654 	 0.081700 	 0.081784
   47 	 0.081654 	 0.081698 	 0.081784
   48 	 0.081654 	 0.081701 	 0.081784
   49 	 0.081654 	 0.081705 	 0.081784
 