   0 	 0.000052 	 0.010348 	 0.081747
    1 	 0.000077 	 0.071083 	 0.081776
    2 	 0.062628 	 0.078175 	 0.081776
    3 	 0.062628 	 0.078654 	 0.081776
    4 	 0.062628 	 0.079001 	 0.081776
    5 	 0.062628 	 0.078497 	 0.081776
    6 	 0.062628 	 0.078787 	 0.081776
    7 	 0.066525 	 0.078671 	 0.081776
    8 	 0.066525 	 0.079480 	 0.081784
    9 	 0.066525 	 0.079519 	 0.081784
   10 	 0.066525 	 0.079395 	 0.081776
   11 	 0.066525 	 0.080134 	 0.081776
   12 	 0.071606 	 0.080293 	 0.081776
   13 	 0.071606 	 0.080679 	 0.081776
   14 	 0.071606 	 0.080717 	 0.081756
   15 	 0.071606 	 0.080766 	 0.081756
   16 	 0.071606 	 0.080726 	 0.081756
   17 	 0.076664 	 0.080849 	 0.081756
   18 	 0.076664 	 0.080808 	 0.081756
   19 	 0.076664 	 0.080566 	 0.081756
   20 	 0.076664 	 0.080607 	 0.081756
   21 	 0.000485 	 0.079622 	 0.081732
   22 	 0.076664 	 0.080175 	 0.081732
   23 	 0.076664 	 0.080082 	 0.081732
   24 	 0.076664 	 0.080033 	 0.081756
   25 	 0.076664 	 0.080338 	 0.081756
   26 	 0.076664 	 0.080536 	 0.081756
   27 	 0.076664 	 0.080681 	 0.081756
   28 	 0.076664 	 0.080692 	 0.081756
   29 	 0.076664 	 0.080740 	 0.081756
   30 	 0.076664 	 0.080887 	 0.081756
   31 	 0.076664 	 0.081110 	 0.081756
   32 	 0.077612 	 0.081236 	 0.081756
   33 	 0.079753 	 0.081277 	 0.081756
   34 	 0.077612 	 0.081222 	 0.081756
   35 	 0.077612 	 0.081192 	 0.081756
   36 	 0.077612 	 0.081291 	 0.081756
   37 	 0.077612 	 0.081301 	 0.081756
   38 	 0.076664 	 0.081182 	 0.081756
   39 	 0.077612 	 0.081027 	 0.081756
   40 	 0.076664 	 0.080978 	 0.081756
   41 	 0.076664 	 0.081135 	 0.081756
   42 	 0.076664 	 0.081412 	 0.081756
   43 	 0.076664 	 0.081456 	 0.081756
   44 	 0.076664 	 0.081441 	 0.081756
   45 	 0.076664 	 0.081485 	 0.081756
   46 	 0.077612 	 0.081546 	 0.081756
   47 	 0.080256 	 0.081648 	 0.081756
   48 	 0.081654 	 0.081679 	 0.081756
   49 	 0.081654 	 0.081681 	 0.081756
 