   0 	 0.000050 	 0.014226 	 0.081776
    1 	 0.000965 	 0.059837 	 0.081776
    2 	 0.015880 	 0.069288 	 0.081784
    3 	 0.015880 	 0.071134 	 0.081784
    4 	 0.035031 	 0.073629 	 0.081784
    5 	 0.035031 	 0.075520 	 0.081776
    6 	 0.056263 	 0.076941 	 0.081776
    7 	 0.056263 	 0.076532 	 0.081776
    8 	 0.060562 	 0.077249 	 0.081776
    9 	 0.060562 	 0.077858 	 0.081776
   10 	 0.060562 	 0.078386 	 0.081756
   11 	 0.060562 	 0.079008 	 0.081756
   12 	 0.064620 	 0.079632 	 0.081756
   13 	 0.064620 	 0.079862 	 0.081756
   14 	 0.066525 	 0.080206 	 0.081784
   15 	 0.066525 	 0.080357 	 0.081776
   16 	 0.064620 	 0.080329 	 0.081776
   17 	 0.064620 	 0.080664 	 0.081776
   18 	 0.071606 	 0.081147 	 0.081784
   19 	 0.068330 	 0.080775 	 0.081756
   20 	 0.071606 	 0.080986 	 0.081776
   21 	 0.073062 	 0.081386 	 0.081756
   22 	 0.073062 	 0.081452 	 0.081756
   23 	 0.073062 	 0.081486 	 0.081756
   24 	 0.073062 	 0.081495 	 0.081756
   25 	 0.073062 	 0.081516 	 0.081756
   26 	 0.073062 	 0.081526 	 0.081756
   27 	 0.073062 	 0.081527 	 0.081756
   28 	 0.073062 	 0.081509 	 0.081756
   29 	 0.073062 	 0.081409 	 0.081756
   30 	 0.073062 	 0.081533 	 0.081756
   31 	 0.073062 	 0.081409 	 0.081756
   32 	 0.070027 	 0.081280 	 0.081756
   33 	 0.073062 	 0.081346 	 0.081756
   34 	 0.073062 	 0.081255 	 0.081756
   35 	 0.073062 	 0.081376 	 0.081756
   36 	 0.073062 	 0.081533 	 0.081756
   37 	 0.081257 	 0.081643 	 0.081756
   38 	 0.081257 	 0.081651 	 0.081756
   39 	 0.081257 	 0.081693 	 0.081756
   40 	 0.081257 	 0.081667 	 0.081756
   41 	 0.081257 	 0.081694 	 0.081784
   42 	 0.081257 	 0.081702 	 0.081784
   43 	 0.081257 	 0.081702 	 0.081756
   44 	 0.081257 	 0.081715 	 0.081756
   45 	 0.081257 	 0.081722 	 0.081756
   46 	 0.081257 	 0.081718 	 0.081756
   47 	 0.081257 	 0.081717 	 0.081756
   48 	 0.081257 	 0.081703 	 0.081756
   49 	 0.081257 	 0.081692 	 0.081756
 