   0 	 0.000065 	 0.013738 	 0.081784
    1 	 0.000706 	 0.062926 	 0.081784
    2 	 0.018840 	 0.072163 	 0.081784
    3 	 0.019950 	 0.073230 	 0.081784
    4 	 0.023690 	 0.075753 	 0.081784
    5 	 0.062628 	 0.078670 	 0.081784
    6 	 0.071606 	 0.078899 	 0.081784
    7 	 0.071606 	 0.079399 	 0.081784
    8 	 0.064620 	 0.079009 	 0.081784
    9 	 0.064620 	 0.078974 	 0.081784
   10 	 0.064620 	 0.079448 	 0.081784
   11 	 0.070027 	 0.080001 	 0.081784
   12 	 0.064620 	 0.080055 	 0.081784
   13 	 0.064620 	 0.080009 	 0.081784
   14 	 0.064620 	 0.079723 	 0.081784
   15 	 0.070027 	 0.080232 	 0.081784
   16 	 0.064620 	 0.080269 	 0.081784
   17 	 0.062628 	 0.080515 	 0.081784
   18 	 0.071606 	 0.080635 	 0.081784
   19 	 0.060562 	 0.079972 	 0.081776
   20 	 0.062628 	 0.079854 	 0.081784
   21 	 0.062628 	 0.079910 	 0.081776
   22 	 0.062628 	 0.080049 	 0.081776
   23 	 0.062628 	 0.079794 	 0.081776
   24 	 0.062628 	 0.079749 	 0.081776
   25 	 0.064620 	 0.079819 	 0.081776
   26 	 0.064620 	 0.079932 	 0.081776
   27 	 0.066525 	 0.080122 	 0.081784
   28 	 0.066525 	 0.080335 	 0.081784
   29 	 0.070027 	 0.080508 	 0.081784
   30 	 0.068330 	 0.080321 	 0.081784
   31 	 0.062628 	 0.080524 	 0.081784
   32 	 0.070027 	 0.080620 	 0.081784
   33 	 0.070027 	 0.080716 	 0.081784
   34 	 0.000513 	 0.079771 	 0.081784
   35 	 0.062628 	 0.080581 	 0.081776
   36 	 0.062628 	 0.080164 	 0.081776
   37 	 0.062628 	 0.080315 	 0.081776
   38 	 0.062628 	 0.080891 	 0.081776
   39 	 0.075591 	 0.081245 	 0.081776
   40 	 0.075591 	 0.081206 	 0.081776
   41 	 0.009663 	 0.080417 	 0.081776
   42 	 0.070027 	 0.081214 	 0.081776
   43 	 0.070027 	 0.081038 	 0.081784
   44 	 0.068330 	 0.081081 	 0.081776
   45 	 0.070027 	 0.080954 	 0.081776
   46 	 0.070027 	 0.080797 	 0.081776
   47 	 0.070027 	 0.080928 	 0.081776
   48 	 0.070027 	 0.080919 	 0.081776
   49 	 0.006395 	 0.080245 	 0.081776
 