   0 	 0.408241 	 3339.240763 	 15427.606917
    1 	 139.748045 	 8601.699354 	 15427.606917
    2 	 964.422716 	 10776.611783 	 15427.606917
    3 	 3976.012393 	 11957.935533 	 19051.773810
    4 	 2615.510971 	 12159.005666 	 19051.773810
    5 	 6451.882602 	 12992.147875 	 15686.344281
    6 	 7292.368648 	 13257.534152 	 15686.344281
    7 	 7292.368648 	 13365.688246 	 15686.344281
    8 	 10122.077472 	 13424.540968 	 15686.344281
    9 	 10122.077472 	 13599.543134 	 15686.344281
   10 	 8703.794617 	 13725.217654 	 17589.769228
   11 	 10122.077472 	 13916.043422 	 17589.769228
   12 	 10122.077472 	 14089.154772 	 17589.769228
   13 	 12130.755414 	 14301.487360 	 17589.769228
   14 	 12130.755414 	 14453.678221 	 17589.769228
   15 	 12130.755414 	 14494.724119 	 17589.769228
   16 	 11917.473886 	 14510.118793 	 17589.769228
   17 	 11917.473886 	 14717.476335 	 17589.769228
   18 	 11917.473886 	 14674.986625 	 17589.769228
   19 	 11917.473886 	 14737.215939 	 17589.769228
   20 	 11917.473886 	 14998.860496 	 19354.777508
   21 	 11917.473886 	 14919.178892 	 17589.769228
   22 	 11917.473886 	 15000.122310 	 17589.769228
   23 	 11917.473886 	 15229.636377 	 17589.769228
   24 	 11917.473886 	 15404.124207 	 17589.769228
   25 	 11917.473886 	 15392.514696 	 19971.613337
   26 	 11917.473886 	 15355.403687 	 19971.613337
   27 	 11917.473886 	 15479.144071 	 19971.613337
   28 	 12130.755414 	 15466.581270 	 19971.613337
   29 	 12787.801597 	 15626.432037 	 19971.613337
   30 	 12787.801597 	 15687.671170 	 19971.613337
   31 	 12787.801597 	 16032.306182 	 19971.613337
   32 	 12787.801597 	 15946.567248 	 19971.613337
   33 	 12787.801597 	 16363.946784 	 19971.613337
   34 	 964.422716 	 15732.405166 	 19971.613337
   35 	 13012.635488 	 16120.707490 	 19971.613337
   36 	 12787.801597 	 16345.027550 	 19971.613337
   37 	 12787.801597 	 16424.481419 	 19971.613337
   38 	 13240.421220 	 16700.135803 	 19971.613337
   39 	 13240.421220 	 16887.603279 	 19971.613337
   40 	 13012.635488 	 16637.675886 	 19971.613337
   41 	 6319.203036 	 16622.510706 	 19971.613337
   42 	 13012.635488 	 16815.990476 	 19971.613337
   43 	 13240.421220 	 17308.424007 	 19971.613337
   44 	 13471.184517 	 17073.853298 	 19971.613337
   45 	 13471.184517 	 17450.483907 	 19971.613337
   46 	 13471.184517 	 17839.262655 	 19971.613337
   47 	 13471.184517 	 18104.191376 	 19971.613337
   48 	 13471.184517 	 18380.682666 	 19971.613337
   49 	 3704.262470 	 18501.768911 	 19971.613337
 