   0 	 0.408233 	 3609.379735 	 19971.613337
    1 	 395.203665 	 9696.776265 	 19971.613337
    2 	 1455.156935 	 12322.266194 	 19971.613337
    3 	 4461.820232 	 14420.751442 	 19971.613337
    4 	 4461.820232 	 15676.712024 	 19971.613337
    5 	 5330.038742 	 16797.187853 	 19971.613337
    6 	 7003.602577 	 17198.985562 	 19971.613337
    7 	 9571.351891 	 17886.000750 	 19971.613337
    8 	 11707.017256 	 18187.247567 	 19971.613337
    9 	 4564.089257 	 18211.805586 	 19971.613337
   10 	 11707.017256 	 18711.496808 	 19971.613337
   11 	 11707.017256 	 18837.734651 	 19971.613337
   12 	 11707.017256 	 19035.405248 	 19971.613337
   13 	 11707.017256 	 19185.456585 	 19971.613337
   14 	 5808.841996 	 19235.337857 	 19971.613337
   15 	 1248.404820 	 19287.435776 	 19971.613337
   16 	 15948.322585 	 19498.735250 	 19971.613337
   17 	 15948.322585 	 19626.752195 	 19971.613337
   18 	 15948.322585 	 19729.696058 	 19971.613337
   19 	 18752.341833 	 19821.837864 	 19971.613337
   20 	 18752.341833 	 19831.108544 	 19971.613337
   21 	 18752.341833 	 19907.547441 	 19971.613337
   22 	 18752.341833 	 19907.547441 	 19971.613337
   23 	 18752.341833 	 19919.740156 	 19971.613337
   24 	 18752.341833 	 19947.227907 	 19971.613337
   25 	 18752.341833 	 19922.842477 	 19971.613337
   26 	 18752.341833 	 19935.035192 	 19971.613337
   27 	 18752.341833 	 19910.649762 	 19971.613337
   28 	 18752.341833 	 19898.457047 	 19971.613337
   29 	 18752.341833 	 19886.264332 	 19971.613337
   30 	 18752.341833 	 19837.493472 	 19971.613337
   31 	 18752.341833 	 19764.337182 	 19971.613337
   32 	 18752.341833 	 19776.529897 	 19971.613337
   33 	 18752.341833 	 19837.493472 	 19971.613337
   34 	 18752.341833 	 19849.686187 	 19971.613337
   35 	 18752.341833 	 19874.071617 	 19971.613337
   36 	 18752.341833 	 19935.035192 	 19971.613337
   37 	 18752.341833 	 19898.457047 	 19971.613337
   38 	 18752.341833 	 19898.457047 	 19971.613337
   39 	 18752.341833 	 19886.264332 	 19971.613337
   40 	 18752.341833 	 19886.264332 	 19971.613337
   41 	 18752.341833 	 19861.878902 	 19971.613337
   42 	 18752.341833 	 19825.300757 	 19971.613337
   43 	 18752.341833 	 19752.144467 	 19971.613337
   44 	 18752.341833 	 19752.144467 	 19971.613337
   45 	 6319.203036 	 19603.427649 	 19971.613337
   46 	 6319.203036 	 19652.198509 	 19971.613337
   47 	 18752.341833 	 19849.686187 	 19971.613337
   48 	 18752.341833 	 19898.457047 	 19971.613337
   49 	 18752.341833 	 19922.842477 	 19971.613337
 