   0 	 0.408233 	 4093.240112 	 19971.613337
    1 	 996.965132 	 12899.724369 	 19971.613337
    2 	 1030.324535 	 14746.367563 	 19971.613337
    3 	 7589.973878 	 16442.219323 	 19971.613337
    4 	 8537.619040 	 16755.481336 	 19971.613337
    5 	 9216.899473 	 17426.622445 	 19971.613337
    6 	 10122.077472 	 18264.638749 	 19971.613337
    7 	 10122.077472 	 18200.644856 	 19971.613337
    8 	 10696.234580 	 18623.283516 	 19971.613337
    9 	 1248.404820 	 18703.052955 	 19971.613337
   10 	 15172.083653 	 18964.267703 	 19971.613337
   11 	 6319.203036 	 18876.845963 	 19971.613337
   12 	 17307.775402 	 19014.947780 	 19971.613337
   13 	 17307.775402 	 19055.020584 	 19971.613337
   14 	 17589.769228 	 19146.875050 	 19971.613337
   15 	 11707.017256 	 19064.127001 	 19971.613337
   16 	 17875.194995 	 19166.992699 	 19971.613337
   17 	 17875.194995 	 19172.022587 	 19971.613337
   18 	 17875.194995 	 19181.540747 	 19971.613337
   19 	 17875.194995 	 19229.595553 	 19971.613337
   20 	 17875.194995 	 19276.977911 	 19971.613337
   21 	 17875.194995 	 19203.889957 	 19971.613337
   22 	 17875.194995 	 19143.889364 	 19971.613337
   23 	 17875.194995 	 19183.996479 	 19971.613337
   24 	 17875.194995 	 19295.469747 	 19971.613337
   25 	 17875.194995 	 19475.872618 	 19971.613337
   26 	 17875.194995 	 19493.942586 	 19971.613337
   27 	 17875.194995 	 19557.649040 	 19971.613337
   28 	 6319.203036 	 19527.903882 	 19971.613337
   29 	 1248.404820 	 19473.166590 	 19971.613337
   30 	 10892.940302 	 19567.327760 	 19971.613337
   31 	 10892.940302 	 19598.988823 	 19971.613337
   32 	 17875.194995 	 19713.306562 	 19971.613337
   33 	 17875.194995 	 19747.317882 	 19971.613337
   34 	 17875.194995 	 19747.215526 	 19971.613337
   35 	 17875.194995 	 19773.848857 	 19971.613337
   36 	 18456.453398 	 19766.933230 	 19971.613337
   37 	 18456.453398 	 19821.908733 	 19971.613337
   38 	 18752.341833 	 19830.855690 	 19971.613337
   39 	 18752.341833 	 19815.560654 	 19971.613337
   40 	 18752.341833 	 19833.741441 	 19971.613337
   41 	 18752.341833 	 19894.921586 	 19971.613337
   42 	 18752.341833 	 19885.831192 	 19971.613337
   43 	 18752.341833 	 19901.126229 	 19971.613337
   44 	 18752.341833 	 19913.318944 	 19971.613337
   45 	 18752.341833 	 19891.819265 	 19971.613337
   46 	 18752.341833 	 19907.330871 	 19971.613337
   47 	 18752.341833 	 19928.830550 	 19971.613337
   48 	 18752.341833 	 19956.318301 	 19971.613337
   49 	 18752.341833 	 19959.420622 	 19971.613337
 