   0 	 0.408241 	 3152.661443 	 19354.777508
    1 	 0.582901 	 11662.375469 	 19354.777508
    2 	 2898.003202 	 14880.632772 	 19354.777508
    3 	 6723.498891 	 16398.172842 	 19661.381216
    4 	 6723.498891 	 17300.828029 	 19661.381216
    5 	 12346.887005 	 17877.261714 	 19661.381216
    6 	 13012.635488 	 18008.170574 	 19661.381216
    7 	 13012.635488 	 18026.750147 	 19661.381216
    8 	 15948.322585 	 18123.758313 	 19971.613337
    9 	 15948.322585 	 18406.831849 	 19971.613337
   10 	 16213.568780 	 18463.906537 	 19971.613337
   11 	 16753.973206 	 18480.255047 	 19971.613337
   12 	 16753.973206 	 18444.036311 	 19661.381216
   13 	 16753.973206 	 18414.844597 	 19661.381216
   14 	 16753.973206 	 18539.582882 	 19661.381216
   15 	 16753.973206 	 18505.309688 	 19661.381216
   16 	 16753.973206 	 18635.949909 	 19661.381216
   17 	 10892.940302 	 18607.424830 	 19661.381216
   18 	 10892.940302 	 18605.851278 	 19661.381216
   19 	 16753.973206 	 18585.494068 	 19661.381216
   20 	 16753.973206 	 18662.885904 	 19661.381216
   21 	 16213.568780 	 18543.425659 	 19661.381216
   22 	 16213.568780 	 18440.677367 	 19661.381216
   23 	 16213.568780 	 18513.833125 	 19661.381216
   24 	 16213.568780 	 18528.266150 	 19661.381216
   25 	 16213.568780 	 18580.131603 	 19661.381216
   26 	 16213.568780 	 18672.455719 	 19971.613337
   27 	 16213.568780 	 18722.263945 	 19971.613337
   28 	 16213.568780 	 18766.106781 	 19971.613337
   29 	 17307.775402 	 18848.361825 	 19971.613337
   30 	 17307.775402 	 18811.722928 	 19971.613337
   31 	 18456.453398 	 18829.699241 	 19971.613337
   32 	 5686.235022 	 18683.815705 	 19971.613337
   33 	 18456.453398 	 18793.229949 	 19971.613337
   34 	 18456.453398 	 18790.056759 	 19971.613337
   35 	 11294.478583 	 18646.459976 	 19971.613337
   36 	 18164.080437 	 18818.182350 	 19971.613337
   37 	 18164.080437 	 18770.164388 	 19971.613337
   38 	 17875.194995 	 18818.356703 	 19971.613337
   39 	 17875.194995 	 18890.652373 	 19971.613337
   40 	 18164.080437 	 19002.091319 	 19971.613337
   41 	 18164.080437 	 19032.390286 	 19971.613337
   42 	 18164.080437 	 19032.815514 	 19971.613337
   43 	 18164.080437 	 18984.262913 	 19661.381216
   44 	 17875.194995 	 19011.853870 	 19971.613337
   45 	 17875.194995 	 18900.837901 	 19661.381216
   46 	 18164.080437 	 18882.588485 	 19661.381216
   47 	 17875.194995 	 18807.900636 	 19971.613337
   48 	 17875.194995 	 18816.636396 	 19971.613337
   49 	 17875.194995 	 18847.502344 	 19971.613337
 