   0 	 0.408233 	 3958.009450 	 18752.341833
    1 	 254.640842 	 11200.919225 	 18752.341833
    2 	 1544.664531 	 14247.182317 	 19354.777508
    3 	 3883.822743 	 15718.593570 	 19971.613337
    4 	 7440.055250 	 16903.558997 	 19971.613337
    5 	 9935.930879 	 17523.661032 	 18752.341833
    6 	 12565.893937 	 17667.598568 	 19971.613337
    7 	 12565.893937 	 17567.268926 	 19354.777508
    8 	 13704.951216 	 17718.441284 	 19971.613337
    9 	 14181.598713 	 17670.912436 	 19051.773810
   10 	 5565.579345 	 17472.250819 	 19051.773810
   11 	 5565.579345 	 17485.766060 	 19051.773810
   12 	 13941.747261 	 17482.956370 	 19971.613337
   13 	 15686.344281 	 17474.155282 	 19971.613337
   14 	 15686.344281 	 17487.058629 	 19971.613337
   15 	 15686.344281 	 17545.790963 	 19971.613337
   16 	 15686.344281 	 17553.157325 	 19971.613337
   17 	 15686.344281 	 17367.576803 	 19661.381216
   18 	 15686.344281 	 17411.559944 	 19661.381216
   19 	 15686.344281 	 17503.902614 	 19661.381216
   20 	 15686.344281 	 17535.080245 	 19971.613337
   21 	 15686.344281 	 17700.962147 	 19971.613337
   22 	 15686.344281 	 17705.611010 	 19971.613337
   23 	 1135.440816 	 17513.368362 	 19971.613337
   24 	 1135.440816 	 17634.394726 	 19971.613337
   25 	 15686.344281 	 17906.930759 	 19661.381216
   26 	 15686.344281 	 17950.345065 	 19661.381216
   27 	 15686.344281 	 17978.980214 	 19354.777508
   28 	 15686.344281 	 18177.195746 	 19661.381216
   29 	 15686.344281 	 18183.447287 	 19661.381216
   30 	 15686.344281 	 18182.015989 	 19661.381216
   31 	 15686.344281 	 18258.141765 	 19661.381216
   32 	 15686.344281 	 18201.278077 	 19661.381216
   33 	 15686.344281 	 18297.979868 	 19661.381216
   34 	 15686.344281 	 18411.563400 	 19661.381216
   35 	 15686.344281 	 18659.159488 	 19661.381216
   36 	 15686.344281 	 18668.758943 	 19661.381216
   37 	 16753.973206 	 18709.866916 	 19661.381216
   38 	 17875.194995 	 18747.214387 	 19661.381216
   39 	 17875.194995 	 18806.469688 	 19661.381216
   40 	 17875.194995 	 18706.637669 	 19661.381216
   41 	 17875.194995 	 18809.995273 	 19661.381216
   42 	 17875.194995 	 18780.616800 	 19661.381216
   43 	 17875.194995 	 18866.896074 	 19661.381216
   44 	 17875.194995 	 18807.643580 	 19661.381216
   45 	 17875.194995 	 18929.962131 	 19661.381216
   46 	 11092.346767 	 18888.380283 	 19971.613337
   47 	 17875.194995 	 18964.055796 	 19971.613337
   48 	 17875.194995 	 18969.017075 	 19971.613337
   49 	 17875.194995 	 18897.461058 	 19971.613337
 