   0 	 0.408241 	 4995.311038 	 19354.777508
    1 	 758.385829 	 11180.203157 	 19354.777508
    2 	 2231.137802 	 13954.066581 	 19354.777508
    3 	 3124.438522 	 16280.552259 	 19354.777508
    4 	 8373.834461 	 16756.473108 	 19661.381216
    5 	 8703.794617 	 16908.131959 	 19661.381216
    6 	 9752.363665 	 16982.856151 	 19661.381216
    7 	 9752.363665 	 17165.126881 	 19354.777508
    8 	 11294.478583 	 17680.736429 	 19971.613337
    9 	 11294.478583 	 17993.697489 	 19971.613337
   10 	 13471.184517 	 18319.330492 	 19971.613337
   11 	 13471.184517 	 18486.258552 	 19971.613337
   12 	 13471.184517 	 18586.863768 	 19971.613337
   13 	 13471.184517 	 18648.434573 	 19971.613337
   14 	 13471.184517 	 18808.807024 	 19971.613337
   15 	 13471.184517 	 18831.477004 	 19971.613337
   16 	 13471.184517 	 19010.768004 	 19971.613337
   17 	 13471.184517 	 19031.390363 	 19971.613337
   18 	 13471.184517 	 19105.940834 	 19971.613337
   19 	 13471.184517 	 19024.589623 	 19971.613337
   20 	 13471.184517 	 19154.563598 	 19971.613337
   21 	 1172.204877 	 18875.623342 	 19971.613337
   22 	 1172.204877 	 18843.098106 	 19971.613337
   23 	 13471.184517 	 19226.659052 	 19971.613337
   24 	 13471.184517 	 19240.378413 	 19971.613337
   25 	 13471.184517 	 19221.981623 	 19971.613337
   26 	 18456.453398 	 19277.572644 	 19971.613337
   27 	 18456.453398 	 19290.663392 	 19971.613337
   28 	 18456.453398 	 19280.709835 	 19971.613337
   29 	 18164.080437 	 19287.269678 	 19971.613337
   30 	 18164.080437 	 19341.959721 	 19971.613337
   31 	 18164.080437 	 19411.871950 	 19971.613337
   32 	 18164.080437 	 19354.831080 	 19971.613337
   33 	 18164.080437 	 19360.102253 	 19971.613337
   34 	 18164.080437 	 19368.977209 	 19971.613337
   35 	 18164.080437 	 19362.379105 	 19971.613337
   36 	 18164.080437 	 19386.337048 	 19971.613337
   37 	 18164.080437 	 19368.117718 	 19971.613337
   38 	 18164.080437 	 19361.807617 	 19971.613337
   39 	 18164.080437 	 19386.193047 	 19971.613337
   40 	 18164.080437 	 19386.193047 	 19971.613337
   41 	 18164.080437 	 19420.100875 	 19971.613337
   42 	 19354.777508 	 19438.032203 	 19971.613337
   43 	 19354.777508 	 19444.164277 	 19971.613337
   44 	 19354.777508 	 19444.164277 	 19971.613337
   45 	 19051.773810 	 19425.803770 	 19971.613337
   46 	 19354.777508 	 19450.368919 	 19971.613337
   47 	 19354.777508 	 19490.445106 	 19971.613337
   48 	 19354.777508 	 19462.669352 	 19971.613337
   49 	 19354.777508 	 19462.596783 	 19971.613337
 