   0 	 0.413541 	 4527.225448 	 18164.080437
    1 	 1411.891190 	 11728.934431 	 18752.341833
    2 	 2354.195039 	 13853.152730 	 18752.341833
    3 	 4461.820232 	 15044.265309 	 19354.777508
    4 	 6723.498891 	 15733.371605 	 19354.777508
    5 	 1064.514484 	 16282.534725 	 19971.613337
    6 	 9043.411510 	 16497.949366 	 19971.613337
    7 	 8872.384351 	 16883.761369 	 19971.613337
    8 	 11917.473886 	 17044.113505 	 19971.613337
    9 	 12787.801597 	 17270.291848 	 19971.613337
   10 	 12787.801597 	 17138.047959 	 19971.613337
   11 	 11917.473886 	 17450.170973 	 19971.613337
   12 	 11917.473886 	 17397.737242 	 19971.613337
   13 	 13012.635488 	 17755.871355 	 19971.613337
   14 	 11917.473886 	 18028.556335 	 19971.613337
   15 	 13704.951216 	 18160.088169 	 19971.613337
   16 	 13704.951216 	 18212.327716 	 19971.613337
   17 	 13704.951216 	 18267.725996 	 19971.613337
   18 	 15686.344281 	 18369.865493 	 19971.613337
   19 	 15686.344281 	 18504.808313 	 19971.613337
   20 	 15686.344281 	 18708.947333 	 19971.613337
   21 	 15948.322585 	 18665.573753 	 19971.613337
   22 	 15948.322585 	 18780.405632 	 19971.613337
   23 	 15686.344281 	 18806.408908 	 19971.613337
   24 	 15686.344281 	 18820.415739 	 19971.613337
   25 	 15686.344281 	 18801.770596 	 19971.613337
   26 	 15686.344281 	 18778.738181 	 19971.613337
   27 	 17875.194995 	 18953.620459 	 19971.613337
   28 	 17875.194995 	 19012.020223 	 19971.613337
   29 	 17875.194995 	 19128.921919 	 19971.613337
   30 	 17875.194995 	 19229.784414 	 19971.613337
   31 	 17875.194995 	 19206.962603 	 19971.613337
   32 	 17875.194995 	 19239.406830 	 19971.613337
   33 	 17875.194995 	 19175.058012 	 19971.613337
   34 	 17875.194995 	 19083.137410 	 19971.613337
   35 	 17875.194995 	 19137.151623 	 19971.613337
   36 	 17875.194995 	 19111.296201 	 19971.613337
   37 	 17875.194995 	 19215.583888 	 19971.613337
   38 	 17875.194995 	 19309.282219 	 19971.613337
   39 	 17875.194995 	 19369.495706 	 19971.613337
   40 	 17307.775402 	 19397.798243 	 19971.613337
   41 	 17307.775402 	 19421.502514 	 19971.613337
   42 	 17307.775402 	 19413.839035 	 19971.613337
   43 	 17875.194995 	 19419.120889 	 19971.613337
   44 	 17875.194995 	 19345.960370 	 19971.613337
   45 	 17875.194995 	 19379.727863 	 19971.613337
   46 	 17875.194995 	 19430.953598 	 19971.613337
   47 	 6059.993646 	 19219.289459 	 19971.613337
   48 	 17875.194995 	 19379.720534 	 19971.613337
   49 	 17875.194995 	 19397.510396 	 19971.613337
 