   0 	 0.408241 	 4363.885825 	 19051.773810
    1 	 0.408241 	 11799.046477 	 19051.773810
    2 	 2112.969753 	 14203.125364 	 19051.773810
    3 	 4990.845859 	 16339.403084 	 19354.777508
    4 	 8703.794617 	 17001.060105 	 19971.613337
    5 	 8537.619040 	 17152.627662 	 19971.613337
    6 	 13471.184517 	 17241.141321 	 19971.613337
    7 	 11917.473886 	 17184.801466 	 19971.613337
    8 	 5808.841996 	 17415.287572 	 19971.613337
    9 	 5808.841996 	 17491.664814 	 19971.613337
   10 	 5808.841996 	 17718.537732 	 19971.613337
   11 	 5808.841996 	 17921.246554 	 19971.613337
   12 	 5330.038742 	 18001.644626 	 19971.613337
   13 	 13240.421220 	 18403.123993 	 19971.613337
   14 	 13240.421220 	 18625.468923 	 19971.613337
   15 	 13240.421220 	 18712.437698 	 19971.613337
   16 	 13240.421220 	 18531.282315 	 19971.613337
   17 	 13240.421220 	 18849.344287 	 19971.613337
   18 	 13240.421220 	 18908.374663 	 19971.613337
   19 	 13240.421220 	 19077.427204 	 19971.613337
   20 	 13240.421220 	 19051.263077 	 19971.613337
   21 	 15948.322585 	 19237.181581 	 19971.613337
   22 	 15948.322585 	 19476.021916 	 19971.613337
   23 	 15948.322585 	 19633.034345 	 19971.613337
   24 	 15948.322585 	 19728.470625 	 19971.613337
   25 	 15948.322585 	 19684.618106 	 19971.613337
   26 	 15948.322585 	 19739.857762 	 19971.613337
   27 	 15948.322585 	 19789.469918 	 19971.613337
   28 	 15948.322585 	 19836.112169 	 19971.613337
   29 	 18752.341833 	 19873.134754 	 19971.613337
   30 	 18752.341833 	 19882.224581 	 19971.613337
   31 	 18752.341833 	 19894.597015 	 19971.613337
   32 	 15427.606917 	 19876.644702 	 19971.613337
   33 	 15427.606917 	 19828.102317 	 19971.613337
   34 	 1248.404820 	 19537.797955 	 19971.613337
   35 	 15427.606917 	 19776.457610 	 19971.613337
   36 	 15427.606917 	 19858.030775 	 19971.613337
   37 	 15427.606917 	 19861.024528 	 19971.613337
   38 	 15427.606917 	 19864.126849 	 19971.613337
   39 	 15427.606917 	 19885.843097 	 19971.613337
   40 	 19661.381216 	 19937.487804 	 19971.613337
   41 	 19661.381216 	 19937.487804 	 19971.613337
   42 	 19661.381216 	 19949.897089 	 19971.613337
   43 	 19661.381216 	 19949.897089 	 19971.613337
   44 	 19661.381216 	 19965.408695 	 19971.613337
   45 	 19971.613337 	 19971.613337 	 19971.613337
   46 	 19971.613337 	 19971.613337 	 19971.613337
   47 	 19971.613337 	 19971.613337 	 19971.613337
   48 	 19971.613337 	 19971.613337 	 19971.613337
   49 	 19971.613337 	 19971.613337 	 19971.613337
 