   0 	 0.408233 	 3607.598542 	 18456.453398
    1 	 1172.204877 	 11126.071295 	 19661.381216
    2 	 3883.822743 	 13738.515690 	 19051.773810
    3 	 3883.822743 	 14910.230999 	 19354.777508
    4 	 3883.822743 	 15593.335426 	 19354.777508
    5 	 7742.146908 	 17043.670120 	 19354.777508
    6 	 7742.146908 	 17605.803346 	 19051.773810
    7 	 14181.598713 	 17754.853855 	 19661.381216
    8 	 14181.598713 	 17776.253768 	 19661.381216
    9 	 15686.344281 	 17923.624019 	 19661.381216
   10 	 15686.344281 	 18038.565180 	 19661.381216
   11 	 15686.344281 	 18082.980044 	 19661.381216
   12 	 15686.344281 	 18120.410444 	 19661.381216
   13 	 15686.344281 	 18130.738657 	 19661.381216
   14 	 15686.344281 	 18185.361191 	 19661.381216
   15 	 11092.346767 	 18211.860850 	 19661.381216
   16 	 11092.346767 	 18393.844068 	 19661.381216
   17 	 15686.344281 	 18426.298688 	 19661.381216
   18 	 15686.344281 	 18384.447762 	 19661.381216
   19 	 15686.344281 	 18350.858074 	 19661.381216
   20 	 15686.344281 	 18342.721742 	 19661.381216
   21 	 15686.344281 	 18503.556473 	 19661.381216
   22 	 15686.344281 	 18605.987302 	 19661.381216
   23 	 16213.568780 	 18678.323927 	 19661.381216
   24 	 16213.568780 	 18682.278389 	 19661.381216
   25 	 16213.568780 	 18683.126609 	 19661.381216
   26 	 16213.568780 	 18554.061787 	 19661.381216
   27 	 16213.568780 	 18595.204638 	 19661.381216
   28 	 16213.568780 	 18566.279544 	 19661.381216
   29 	 16213.568780 	 18525.637563 	 19661.381216
   30 	 13704.951216 	 18526.941145 	 19661.381216
   31 	 17875.194995 	 18607.290474 	 19661.381216
   32 	 17875.194995 	 18634.172140 	 19661.381216
   33 	 17875.194995 	 18652.460362 	 19661.381216
   34 	 17875.194995 	 18653.167962 	 19661.381216
   35 	 17875.194995 	 18681.657153 	 19661.381216
   36 	 17875.194995 	 18675.279839 	 19661.381216
   37 	 17875.194995 	 18616.308028 	 19661.381216
   38 	 17875.194995 	 18569.526116 	 19661.381216
   39 	 17875.194995 	 18628.355056 	 19661.381216
   40 	 17875.194995 	 18593.626922 	 19661.381216
   41 	 17875.194995 	 18535.081471 	 19661.381216
   42 	 17875.194995 	 18600.008736 	 19661.381216
   43 	 17875.194995 	 18569.818605 	 19661.381216
   44 	 17875.194995 	 18705.197729 	 19661.381216
   45 	 17875.194995 	 18663.235060 	 19661.381216
   46 	 17875.194995 	 18622.267982 	 19661.381216
   47 	 17875.194995 	 18639.989224 	 19661.381216
   48 	 17875.194995 	 18698.954285 	 19661.381216
   49 	 17875.194995 	 18639.839604 	 19661.381216
 