   0 	 0.408241 	 4170.899894 	 18752.341833
    1 	 503.573618 	 10267.778247 	 18752.341833
    2 	 2482.274490 	 13092.858575 	 18752.341833
    3 	 3446.687557 	 15108.459264 	 18752.341833
    4 	 3446.687557 	 15764.852062 	 18752.341833
    5 	 8053.346232 	 16070.032541 	 19971.613337
    6 	 8053.346232 	 16524.258635 	 19971.613337
    7 	 7742.146908 	 16486.424116 	 19971.613337
    8 	 7742.146908 	 16795.419498 	 19971.613337
    9 	 10122.077472 	 16752.055395 	 19971.613337
   10 	 11917.473886 	 17174.394411 	 19971.613337
   11 	 13471.184517 	 17200.225004 	 19971.613337
   12 	 13471.184517 	 17224.287535 	 19971.613337
   13 	 13471.184517 	 17276.925396 	 19971.613337
   14 	 13471.184517 	 17387.800758 	 19971.613337
   15 	 13941.747261 	 17478.345422 	 19971.613337
   16 	 13941.747261 	 17463.042768 	 19971.613337
   17 	 13941.747261 	 17568.725444 	 19971.613337
   18 	 14670.572625 	 17627.201111 	 19971.613337
   19 	 13240.421220 	 17660.517087 	 19971.613337
   20 	 13240.421220 	 17614.368743 	 19971.613337
   21 	 13240.421220 	 17860.903750 	 19971.613337
   22 	 13240.421220 	 17997.509131 	 19971.613337
   23 	 13471.184517 	 18089.576960 	 19971.613337
   24 	 13471.184517 	 18137.856028 	 19971.613337
   25 	 13471.184517 	 18225.202827 	 19971.613337
   26 	 13471.184517 	 18412.735552 	 19971.613337
   27 	 15686.344281 	 18326.058595 	 19971.613337
   28 	 15686.344281 	 18502.110700 	 19971.613337
   29 	 15686.344281 	 18796.937270 	 19971.613337
   30 	 16213.568780 	 19092.656470 	 19971.613337
   31 	 15948.322585 	 19128.748661 	 19971.613337
   32 	 17307.775402 	 19380.987164 	 19971.613337
   33 	 17589.769228 	 19472.777792 	 19971.613337
   34 	 17589.769228 	 19505.870561 	 19971.613337
   35 	 17589.769228 	 19671.089187 	 19971.613337
   36 	 17875.194995 	 19898.629707 	 19971.613337
   37 	 17875.194995 	 19916.883627 	 19971.613337
   38 	 17875.194995 	 19904.834349 	 19971.613337
   39 	 17875.194995 	 19920.378007 	 19971.613337
   40 	 19661.381216 	 19962.306374 	 19971.613337
   41 	 19661.381216 	 19968.511016 	 19971.613337
   42 	 19971.613337 	 19971.613337 	 19971.613337
   43 	 19971.613337 	 19971.613337 	 19971.613337
   44 	 19971.613337 	 19971.613337 	 19971.613337
   45 	 19971.613337 	 19971.613337 	 19971.613337
   46 	 19971.613337 	 19971.613337 	 19971.613337
   47 	 19971.613337 	 19971.613337 	 19971.613337
   48 	 19971.613337 	 19971.613337 	 19971.613337
   49 	 19971.613337 	 19971.613337 	 19971.613337
 