   0 	 0.408241 	 3998.770526 	 19354.777508
    1 	 3.250705 	 10694.673134 	 19354.777508
    2 	 1686.591342 	 13452.934531 	 19971.613337
    3 	 5330.038742 	 14960.488358 	 19971.613337
    4 	 7896.596826 	 15640.372932 	 19971.613337
    5 	 7896.596826 	 16624.927531 	 19971.613337
    6 	 7896.596826 	 17534.184303 	 19971.613337
    7 	 8373.834461 	 17631.334486 	 19971.613337
    8 	 10502.205106 	 17978.033246 	 19971.613337
    9 	 10892.940302 	 18475.421859 	 19971.613337
   10 	 842.155623 	 18093.769191 	 19971.613337
   11 	 10892.940302 	 18330.342709 	 19971.613337
   12 	 10892.940302 	 18836.884719 	 19971.613337
   13 	 10892.940302 	 19082.869336 	 19971.613337
   14 	 18164.080437 	 19164.789191 	 19971.613337
   15 	 18164.080437 	 19104.076776 	 19971.613337
   16 	 18164.080437 	 19040.404625 	 19971.613337
   17 	 17875.194995 	 19061.720348 	 19971.613337
   18 	 18164.080437 	 19106.535040 	 19971.613337
   19 	 18164.080437 	 19138.656970 	 19971.613337
   20 	 14424.531740 	 19141.901262 	 19971.613337
   21 	 14424.531740 	 19114.449505 	 19971.613337
   22 	 13941.747261 	 19128.016190 	 19971.613337
   23 	 17875.194995 	 19227.811086 	 19971.613337
   24 	 17875.194995 	 19269.808069 	 19971.613337
   25 	 17875.194995 	 19202.964984 	 19971.613337
   26 	 18164.080437 	 19256.690349 	 19971.613337
   27 	 18752.341833 	 19232.198894 	 19971.613337
   28 	 18752.341833 	 19165.175245 	 19971.613337
   29 	 18164.080437 	 19183.534059 	 19971.613337
   30 	 18164.080437 	 19195.401078 	 19971.613337
   31 	 17875.194995 	 19190.305678 	 19971.613337
   32 	 18164.080437 	 19202.285209 	 19971.613337
   33 	 18752.341833 	 19234.582623 	 19971.613337
   34 	 18752.341833 	 19225.384795 	 19971.613337
   35 	 17875.194995 	 19177.506324 	 19971.613337
   36 	 17875.194995 	 19153.015720 	 19971.613337
   37 	 17875.194995 	 19179.962615 	 19971.613337
   38 	 18456.453398 	 19173.546202 	 19661.381216
   39 	 18456.453398 	 19209.907493 	 19661.381216
   40 	 18456.453398 	 19206.841456 	 19661.381216
   41 	 18456.453398 	 19224.807374 	 19661.381216
   42 	 18456.453398 	 19224.735939 	 19661.381216
   43 	 18752.341833 	 19206.484282 	 19354.777508
   44 	 18752.341833 	 19203.382811 	 19354.777508
   45 	 18752.341833 	 19203.418528 	 19354.777508
   46 	 18752.341833 	 19209.478602 	 19354.777508
   47 	 18752.341833 	 19212.580073 	 19354.777508
   48 	 18752.341833 	 19182.243986 	 19354.777508
   49 	 18456.453398 	 19158.145996 	 19354.777508
 