   0 	 0.410645 	 3745.043263 	 19971.613337
    1 	 125.278463 	 10359.749801 	 19971.613337
    2 	 1999.559646 	 13203.757507 	 19971.613337
    3 	 3202.785954 	 14550.839102 	 19971.613337
    4 	 6319.203036 	 15648.229837 	 19971.613337
    5 	 11092.346767 	 16063.719916 	 19971.613337
    6 	 11092.346767 	 16066.980812 	 19971.613337
    7 	 12130.755414 	 16480.528376 	 19971.613337
    8 	 12130.755414 	 16683.385660 	 19971.613337
    9 	 12130.755414 	 16832.769895 	 19971.613337
   10 	 12565.893937 	 17486.380216 	 19971.613337
   11 	 13012.635488 	 17487.396307 	 19971.613337
   12 	 13471.184517 	 17636.217599 	 19971.613337
   13 	 13471.184517 	 17789.817601 	 19971.613337
   14 	 13471.184517 	 17930.147722 	 19971.613337
   15 	 5330.038742 	 17851.907360 	 19971.613337
   16 	 5330.038742 	 18077.762607 	 19971.613337
   17 	 13471.184517 	 18364.796586 	 19971.613337
   18 	 13471.184517 	 18324.417215 	 19971.613337
   19 	 15427.606917 	 18568.322904 	 19971.613337
   20 	 15427.606917 	 18472.441879 	 19971.613337
   21 	 15427.606917 	 18581.242046 	 19971.613337
   22 	 17307.775402 	 18919.833686 	 19971.613337
   23 	 17307.775402 	 18874.314654 	 19971.613337
   24 	 17307.775402 	 19194.104609 	 19971.613337
   25 	 17307.775402 	 19087.268709 	 19971.613337
   26 	 17307.775402 	 18954.293382 	 19971.613337
   27 	 17307.775402 	 18841.187026 	 19971.613337
   28 	 17307.775402 	 18887.409771 	 19971.613337
   29 	 17307.775402 	 18881.640491 	 19971.613337
   30 	 17307.775402 	 19001.301908 	 19971.613337
   31 	 17307.775402 	 19176.490811 	 19971.613337
   32 	 17307.775402 	 19191.221081 	 19971.613337
   33 	 17307.775402 	 19375.281585 	 19971.613337
   34 	 17307.775402 	 19612.901230 	 19971.613337
   35 	 17589.769228 	 19782.167873 	 19971.613337
   36 	 17589.769228 	 19782.167873 	 19971.613337
   37 	 17589.769228 	 19737.633312 	 19971.613337
   38 	 17589.769228 	 19743.837954 	 19971.613337
   39 	 17589.769228 	 19788.372515 	 19971.613337
   40 	 13471.184517 	 19735.777512 	 19971.613337
   41 	 17589.769228 	 19887.748729 	 19971.613337
   42 	 17589.769228 	 19893.953372 	 19971.613337
   43 	 17589.769228 	 19914.669492 	 19971.613337
   44 	 17589.769228 	 19911.567170 	 19971.613337
   45 	 19661.381216 	 19959.204052 	 19971.613337
   46 	 19661.381216 	 19962.306374 	 19971.613337
   47 	 19661.381216 	 19959.204052 	 19971.613337
   48 	 19661.381216 	 19952.999410 	 19971.613337
   49 	 19661.381216 	 19940.590125 	 19971.613337
 