   0 	 0.408441 	 4689.092499 	 19971.613337
    1 	 69.046825 	 11267.125444 	 19971.613337
    2 	 1686.591342 	 14362.429544 	 19971.613337
    3 	 7742.146908 	 15812.531558 	 19971.613337
    4 	 7742.146908 	 16693.467917 	 19971.613337
    5 	 9043.411510 	 17042.486347 	 19971.613337
    6 	 10892.940302 	 17504.256953 	 19971.613337
    7 	 10892.940302 	 18230.874283 	 19971.613337
    8 	 10892.940302 	 18377.372227 	 19971.613337
    9 	 10892.940302 	 18870.672849 	 19971.613337
   10 	 13941.747261 	 19120.227173 	 19971.613337
   11 	 14181.598713 	 19216.447263 	 19971.613337
   12 	 14181.598713 	 19292.947980 	 19971.613337
   13 	 14181.598713 	 19188.710094 	 19971.613337
   14 	 14181.598713 	 19267.650219 	 19971.613337
   15 	 15427.606917 	 19515.555206 	 19971.613337
   16 	 14919.747761 	 19600.629241 	 19971.613337
   17 	 14919.747761 	 19509.215205 	 19971.613337
   18 	 14919.747761 	 19461.369125 	 19971.613337
   19 	 14919.747761 	 19419.509982 	 19971.613337
   20 	 14919.747761 	 19511.312898 	 19971.613337
   21 	 14919.747761 	 19406.156067 	 19971.613337
   22 	 14919.747761 	 19458.723561 	 19971.613337
   23 	 1172.204877 	 19224.199362 	 19971.613337
   24 	 14919.747761 	 19391.060570 	 19971.613337
   25 	 14919.747761 	 19425.687795 	 19971.613337
   26 	 14919.747761 	 19497.009366 	 19971.613337
   27 	 14919.747761 	 19469.378748 	 19971.613337
   28 	 14919.747761 	 19397.325264 	 19971.613337
   29 	 14919.747761 	 19280.921483 	 19971.613337
   30 	 14919.747761 	 19349.908929 	 19971.613337
   31 	 14919.747761 	 19483.800587 	 19971.613337
   32 	 19354.777508 	 19555.122158 	 19971.613337
   33 	 15427.606917 	 19546.764528 	 19971.613337
   34 	 15427.606917 	 19512.856415 	 19971.613337
   35 	 15427.606917 	 19559.028676 	 19971.613337
   36 	 15427.606917 	 19529.063650 	 19971.613337
   37 	 15427.606917 	 19462.124758 	 19971.613337
   38 	 14919.747761 	 19477.921366 	 19971.613337
   39 	 15427.606917 	 19506.796341 	 19971.613337
   40 	 19051.773810 	 19582.933344 	 19971.613337
   41 	 19051.773810 	 19582.933628 	 19971.613337
   42 	 19051.773810 	 19582.897628 	 19971.613337
   43 	 19051.773810 	 19638.376569 	 19971.613337
   44 	 19051.773810 	 19697.030399 	 19971.613337
   45 	 19051.773810 	 19706.301078 	 19971.613337
   46 	 19354.777508 	 19700.060436 	 19971.613337
   47 	 19354.777508 	 19684.621398 	 19971.613337
   48 	 1248.404820 	 19546.808747 	 19971.613337
   49 	 19354.777508 	 19660.056817 	 19971.613337
 