   0 	 0.408233 	 4165.055177 	 19971.613337
    1 	 94.028885 	 12262.799276 	 19971.613337
    2 	 2898.003202 	 14551.368913 	 19971.613337
    3 	 3202.785954 	 16304.202945 	 19971.613337
    4 	 7292.368648 	 17037.274893 	 19971.613337
    5 	 10502.205106 	 17961.920899 	 19971.613337
    6 	 10892.940302 	 18326.078470 	 19661.381216
    7 	 10892.940302 	 18475.787899 	 19661.381216
    8 	 10892.940302 	 18323.908564 	 19354.777508
    9 	 11499.360469 	 18489.145614 	 19354.777508
   10 	 11499.360469 	 18345.510647 	 19354.777508
   11 	 13240.421220 	 18488.099473 	 19971.613337
   12 	 13240.421220 	 18655.348635 	 19971.613337
   13 	 13240.421220 	 18643.352064 	 19971.613337
   14 	 15686.344281 	 18788.328527 	 19971.613337
   15 	 15686.344281 	 18721.036498 	 19971.613337
   16 	 15686.344281 	 18709.125634 	 19971.613337
   17 	 15686.344281 	 18819.975636 	 19971.613337
   18 	 16213.568780 	 18903.189255 	 19971.613337
   19 	 16213.568780 	 18912.128485 	 19971.613337
   20 	 16213.568780 	 18906.982743 	 19971.613337
   21 	 16213.568780 	 18996.147323 	 19971.613337
   22 	 15686.344281 	 18857.470651 	 19971.613337
   23 	 15686.344281 	 18975.087131 	 19971.613337
   24 	 16213.568780 	 19073.359132 	 19354.777508
   25 	 16213.568780 	 19083.934625 	 19354.777508
   26 	 17029.185898 	 19085.958727 	 19354.777508
   27 	 17029.185898 	 19068.621703 	 19354.777508
   28 	 17029.185898 	 19124.010469 	 19354.777508
   29 	 17875.194995 	 19162.488564 	 19354.777508
   30 	 17875.194995 	 19189.260548 	 19354.777508
   31 	 17875.194995 	 19176.999218 	 19354.777508
   32 	 18164.080437 	 19191.903327 	 19971.613337
   33 	 18164.080437 	 19191.581865 	 19354.777508
   34 	 19051.773810 	 19242.666140 	 19354.777508
   35 	 19051.773810 	 19242.666140 	 19354.777508
   36 	 19051.773810 	 19242.666140 	 19354.777508
   37 	 19051.773810 	 19257.816325 	 19354.777508
   38 	 19051.773810 	 19260.846361 	 19354.777508
   39 	 19051.773810 	 19254.786288 	 19354.777508
   40 	 19051.773810 	 19266.906435 	 19354.777508
   41 	 19051.773810 	 19303.375163 	 19971.613337
   42 	 19051.773810 	 19312.465274 	 19971.613337
   43 	 19051.773810 	 19294.176768 	 19354.777508
   44 	 19051.773810 	 19306.296916 	 19354.777508
   45 	 19051.773810 	 19288.116694 	 19354.777508
   46 	 19051.773810 	 19288.116694 	 19354.777508
   47 	 19051.773810 	 19297.206805 	 19354.777508
   48 	 19051.773810 	 19297.206805 	 19354.777508
   49 	 19051.773810 	 19297.206805 	 19354.777508
 