   0 	 0.409112 	 3905.493615 	 19354.777508
    1 	 565.445651 	 12387.680661 	 19971.613337
    2 	 681.029434 	 15431.167624 	 19971.613337
    3 	 9043.411510 	 16698.663139 	 19971.613337
    4 	 9043.411510 	 17050.798232 	 19971.613337
    5 	 9043.411510 	 17273.561958 	 19971.613337
    6 	 9043.411510 	 17319.789249 	 19971.613337
    7 	 9043.411510 	 17846.634345 	 19971.613337
    8 	 14670.572625 	 18228.742173 	 19971.613337
    9 	 14670.572625 	 18252.709399 	 19971.613337
   10 	 14670.572625 	 18498.029188 	 19971.613337
   11 	 14670.572625 	 18584.603526 	 19971.613337
   12 	 11294.478583 	 18710.410300 	 19971.613337
   13 	 14670.572625 	 18857.340663 	 19971.613337
   14 	 14670.572625 	 18893.637603 	 19971.613337
   15 	 14670.572625 	 19013.514563 	 19971.613337
   16 	 17875.194995 	 19077.257186 	 19661.381216
   17 	 17875.194995 	 19050.767573 	 19661.381216
   18 	 17875.194995 	 19023.815600 	 19661.381216
   19 	 17875.194995 	 19015.470208 	 19661.381216
   20 	 17875.194995 	 19036.398108 	 19661.381216
   21 	 17875.194995 	 19039.001785 	 19661.381216
   22 	 17875.194995 	 19113.479270 	 19661.381216
   23 	 17875.194995 	 19128.773456 	 19661.381216
   24 	 17875.194995 	 19133.472932 	 19661.381216
   25 	 17875.194995 	 19111.301953 	 19661.381216
   26 	 17875.194995 	 19083.887620 	 19661.381216
   27 	 17875.194995 	 19054.295970 	 19661.381216
   28 	 17875.194995 	 19036.398108 	 19661.381216
   29 	 17875.194995 	 19024.241960 	 19661.381216
   30 	 17875.194995 	 19015.079848 	 19661.381216
   31 	 17875.194995 	 18961.956622 	 19661.381216
   32 	 17875.194995 	 18985.914558 	 19661.381216
   33 	 17875.194995 	 18977.641167 	 19661.381216
   34 	 17875.194995 	 18948.013517 	 19661.381216
   35 	 17875.194995 	 19012.512172 	 19661.381216
   36 	 11092.346767 	 18962.119192 	 19661.381216
   37 	 17875.194995 	 19017.329166 	 19661.381216
   38 	 14670.572625 	 18973.517154 	 19661.381216
   39 	 14670.572625 	 18973.090794 	 19661.381216
   40 	 14670.572625 	 18935.374856 	 19661.381216
   41 	 14670.572625 	 18941.044570 	 19661.381216
   42 	 14670.572625 	 18976.341935 	 19661.381216
   43 	 14670.572625 	 18888.717911 	 19661.381216
   44 	 14670.572625 	 18926.433849 	 19661.381216
   45 	 14670.572625 	 18964.149787 	 19051.773810
   46 	 14670.572625 	 19007.961798 	 19051.773810
   47 	 19051.773810 	 19051.773810 	 19051.773810
   48 	 19051.773810 	 19051.773810 	 19051.773810
   49 	 19051.773810 	 19051.773810 	 19051.773810
 