   0 	 0.408233 	 3565.334894 	 18456.453398
    1 	 266.677007 	 11334.941228 	 19971.613337
    2 	 3363.892281 	 13833.606496 	 19971.613337
    3 	 3616.854126 	 14739.689145 	 18752.341833
    4 	 8212.417836 	 14953.241645 	 18752.341833
    5 	 8537.619040 	 15736.215183 	 18752.341833
    6 	 13704.951216 	 16176.414152 	 18752.341833
    7 	 13704.951216 	 16588.411053 	 18752.341833
    8 	 13704.951216 	 16820.850923 	 18752.341833
    9 	 13704.951216 	 17119.748788 	 18752.341833
   10 	 13704.951216 	 17359.950423 	 18752.341833
   11 	 13704.951216 	 17558.747909 	 18752.341833
   12 	 14181.598713 	 17825.273612 	 18752.341833
   13 	 14181.598713 	 17724.065691 	 18752.341833
   14 	 14181.598713 	 18151.934284 	 18752.341833
   15 	 14424.531740 	 18184.782796 	 18752.341833
   16 	 14424.531740 	 18399.517870 	 18752.341833
   17 	 14424.531740 	 18359.335718 	 18752.341833
   18 	 16213.568780 	 18523.011938 	 18752.341833
   19 	 16213.568780 	 18560.508679 	 18752.341833
   20 	 5808.841996 	 18450.543643 	 18752.341833
   21 	 16213.568780 	 18594.773063 	 18752.341833
   22 	 16482.109929 	 18626.078562 	 18752.341833
   23 	 18456.453398 	 18645.821997 	 18752.341833
   24 	 18456.453398 	 18654.698650 	 18752.341833
   25 	 18456.453398 	 18651.739765 	 18752.341833
   26 	 18456.453398 	 18648.780881 	 18752.341833
   27 	 18456.453398 	 18645.821997 	 18752.341833
   28 	 18456.453398 	 18622.150922 	 18752.341833
   29 	 18456.453398 	 18625.109806 	 18752.341833
   30 	 18456.453398 	 18642.863112 	 18752.341833
   31 	 18456.453398 	 18654.698650 	 18752.341833
   32 	 18456.453398 	 18672.451956 	 18752.341833
   33 	 18456.453398 	 18678.369725 	 18752.341833
   34 	 18456.453398 	 18684.287493 	 18752.341833
   35 	 18456.453398 	 18716.835221 	 18752.341833
   36 	 18456.453398 	 18713.876337 	 18752.341833
   37 	 10892.940302 	 18650.433921 	 19971.613337
   38 	 18456.453398 	 18735.302883 	 19971.613337
   39 	 18456.453398 	 18750.454482 	 19971.613337
   40 	 18456.453398 	 18737.547412 	 18752.341833
   41 	 18456.453398 	 18746.424065 	 18752.341833
   42 	 18456.453398 	 18746.424065 	 18752.341833
   43 	 18456.453398 	 18746.424065 	 18752.341833
   44 	 18456.453398 	 18740.506296 	 18752.341833
   45 	 18456.453398 	 18740.506296 	 18752.341833
   46 	 18456.453398 	 18746.424065 	 18752.341833
   47 	 18456.453398 	 18746.424065 	 18752.341833
   48 	 18456.453398 	 18743.465180 	 18752.341833
   49 	 18456.453398 	 18743.465180 	 18752.341833
 