   0 	 0.408241 	 3447.206591 	 19971.613337
    1 	 64.722102 	 11667.371146 	 19971.613337
    2 	 706.123225 	 14871.879307 	 19971.613337
    3 	 6723.498891 	 15689.822772 	 19971.613337
    4 	 7292.368648 	 16528.324726 	 19971.613337
    5 	 7292.368648 	 16947.737392 	 19971.613337
    6 	 7292.368648 	 17532.443053 	 19971.613337
    7 	 9571.351891 	 17812.347292 	 19971.613337
    8 	 12787.801597 	 18279.345049 	 19971.613337
    9 	 13012.635488 	 18493.277278 	 19971.613337
   10 	 14670.572625 	 18755.756012 	 19971.613337
   11 	 14670.572625 	 18777.628686 	 19971.613337
   12 	 14670.572625 	 18949.622779 	 19971.613337
   13 	 14670.572625 	 19139.871264 	 19971.613337
   14 	 16753.973206 	 19197.163139 	 19971.613337
   15 	 17029.185898 	 19240.889042 	 19971.613337
   16 	 17029.185898 	 19180.942473 	 19971.613337
   17 	 17029.185898 	 19160.428024 	 19971.613337
   18 	 17029.185898 	 19158.261642 	 19971.613337
   19 	 17029.185898 	 19173.132564 	 19971.613337
   20 	 17589.769228 	 19174.400815 	 19971.613337
   21 	 16753.973206 	 19248.110114 	 19971.613337
   22 	 17875.194995 	 19326.029760 	 19971.613337
   23 	 17875.194995 	 19322.537079 	 19971.613337
   24 	 17875.194995 	 19323.144581 	 19971.613337
   25 	 17875.194995 	 19386.178029 	 19971.613337
   26 	 17875.194995 	 19361.435698 	 19971.613337
   27 	 17875.194995 	 19284.922818 	 19971.613337
   28 	 17875.194995 	 19266.919773 	 19971.613337
   29 	 17875.194995 	 19240.111511 	 19971.613337
   30 	 17875.194995 	 19300.216719 	 19971.613337
   31 	 18164.080437 	 19338.862486 	 19971.613337
   32 	 18164.080437 	 19350.552888 	 19971.613337
   33 	 17029.185898 	 19327.542758 	 19971.613337
   34 	 1135.440816 	 19146.893302 	 19971.613337
   35 	 18164.080437 	 19335.576205 	 19971.613337
   36 	 18164.080437 	 19347.234566 	 19971.613337
   37 	 18164.080437 	 19368.408541 	 19971.613337
   38 	 18164.080437 	 19378.108966 	 19971.613337
   39 	 18164.080437 	 19411.655942 	 19971.613337
   40 	 18164.080437 	 19353.865563 	 19971.613337
   41 	 17875.194995 	 19369.265783 	 19971.613337
   42 	 17875.194995 	 19347.983524 	 19971.613337
   43 	 18164.080437 	 19377.680356 	 19971.613337
   44 	 18164.080437 	 19360.251626 	 19971.613337
   45 	 18164.080437 	 19326.632650 	 19971.613337
   46 	 18164.080437 	 19387.240173 	 19971.613337
   47 	 19051.773810 	 19365.491884 	 19971.613337
   48 	 19051.773810 	 19377.539747 	 19971.613337
   49 	 19051.773810 	 19426.742329 	 19971.613337
 