   0 	 0.408233 	 4072.904345 	 19661.381216
    1 	 163.765154 	 11274.193421 	 19661.381216
    2 	 1786.497220 	 13952.623999 	 19661.381216
    3 	 2898.003202 	 15377.356438 	 19661.381216
    4 	 6188.580508 	 16525.704179 	 19971.613337
    5 	 6723.498891 	 17260.166967 	 19971.613337
    6 	 12346.887005 	 17822.495694 	 19971.613337
    7 	 12346.887005 	 18342.011100 	 19971.613337
    8 	 12346.887005 	 18185.685008 	 19971.613337
    9 	 12346.887005 	 18365.817941 	 19971.613337
   10 	 12346.887005 	 18783.618356 	 19971.613337
   11 	 12346.887005 	 18939.298916 	 19971.613337
   12 	 14181.598713 	 19255.789723 	 19971.613337
   13 	 14181.598713 	 19188.006549 	 19971.613337
   14 	 14181.598713 	 19043.523077 	 19971.613337
   15 	 14424.531740 	 19232.007369 	 19971.613337
   16 	 14424.531740 	 19238.579700 	 19971.613337
   17 	 14424.531740 	 19303.179422 	 19971.613337
   18 	 14424.531740 	 19334.227959 	 19971.613337
   19 	 18164.080437 	 19444.106149 	 19971.613337
   20 	 18164.080437 	 19434.157956 	 19971.613337
   21 	 18164.080437 	 19516.046613 	 19971.613337
   22 	 18752.341833 	 19583.000801 	 19971.613337
   23 	 18752.341833 	 19610.414851 	 19971.613337
   24 	 18752.341833 	 19662.611469 	 19971.613337
   25 	 18752.341833 	 19622.859286 	 19971.613337
   26 	 18752.341833 	 19607.601100 	 19971.613337
   27 	 18752.341833 	 19653.304506 	 19971.613337
   28 	 19051.773810 	 19693.128407 	 19971.613337
   29 	 19051.773810 	 19702.290802 	 19971.613337
   30 	 19051.773810 	 19708.640297 	 19971.613337
   31 	 15427.606917 	 19662.983096 	 19971.613337
   32 	 19051.773810 	 19733.314014 	 19971.613337
   33 	 19051.773810 	 19718.200681 	 19971.613337
   34 	 19051.773810 	 19721.013581 	 19971.613337
   35 	 19051.773810 	 19720.832729 	 19971.613337
   36 	 19051.773810 	 19720.651308 	 19971.613337
   37 	 19051.773810 	 19729.921988 	 19971.613337
   38 	 19051.773810 	 19735.981778 	 19971.613337
   39 	 19051.773810 	 19751.565668 	 19971.613337
   40 	 19051.773810 	 19773.390485 	 19971.613337
   41 	 19051.773810 	 19766.968706 	 19971.613337
   42 	 19661.381216 	 19776.167101 	 19971.613337
   43 	 19661.381216 	 19769.962458 	 19971.613337
   44 	 19661.381216 	 19757.553174 	 19971.613337
   45 	 19661.381216 	 19745.143889 	 19971.613337
   46 	 19661.381216 	 19748.246210 	 19971.613337
   47 	 19661.381216 	 19766.860137 	 19971.613337
   48 	 19661.381216 	 19745.143889 	 19971.613337
   49 	 19661.381216 	 19760.655495 	 19971.613337
 