   0 	 0.408241 	 4103.704170 	 18164.080437
    1 	 69.046825 	 11034.393386 	 18164.080437
    2 	 2684.105715 	 13149.655201 	 18752.341833
    3 	 3976.012393 	 14135.758249 	 19354.777508
    4 	 7589.973878 	 15077.759577 	 19354.777508
    5 	 7589.973878 	 15535.673307 	 19354.777508
    6 	 7589.973878 	 15789.284771 	 19661.381216
    7 	 7589.973878 	 15888.326834 	 19354.777508
    8 	 12130.755414 	 16145.624353 	 19354.777508
    9 	 12346.887005 	 16553.692339 	 19354.777508
   10 	 13240.421220 	 17020.254614 	 19971.613337
   11 	 13240.421220 	 17251.129677 	 19971.613337
   12 	 13240.421220 	 17472.496939 	 19971.613337
   13 	 13240.421220 	 17642.011598 	 19971.613337
   14 	 13240.421220 	 17655.798956 	 19971.613337
   15 	 13240.421220 	 17756.889213 	 19661.381216
   16 	 13704.951216 	 17918.361301 	 19971.613337
   17 	 13704.951216 	 17905.391896 	 19661.381216
   18 	 13704.951216 	 17886.450674 	 19661.381216
   19 	 15948.322585 	 17881.217404 	 19661.381216
   20 	 15948.322585 	 17825.368973 	 19661.381216
   21 	 15948.322585 	 17841.769849 	 19661.381216
   22 	 15948.322585 	 17788.154518 	 19354.777508
   23 	 15948.322585 	 17942.510722 	 19354.777508
   24 	 15948.322585 	 17964.062148 	 19354.777508
   25 	 15948.322585 	 18047.512747 	 19354.777508
   26 	 15948.322585 	 18207.613686 	 19354.777508
   27 	 15948.322585 	 18099.076323 	 19661.381216
   28 	 15686.344281 	 18241.174562 	 19971.613337
   29 	 964.422716 	 18300.824946 	 19971.613337
   30 	 964.422716 	 18303.556742 	 19971.613337
   31 	 15948.322585 	 18484.136012 	 19971.613337
   32 	 15948.322585 	 18556.808151 	 19971.613337
   33 	 15948.322585 	 18611.783218 	 19971.613337
   34 	 15948.322585 	 18544.000067 	 19971.613337
   35 	 15948.322585 	 18693.248723 	 19971.613337
   36 	 15948.322585 	 18671.486359 	 19661.381216
   37 	 15948.322585 	 18681.512592 	 19661.381216
   38 	 15948.322585 	 18666.592719 	 19661.381216
   39 	 15948.322585 	 18775.552738 	 19661.381216
   40 	 15948.322585 	 18764.399659 	 19661.381216
   41 	 15948.322585 	 18813.321370 	 19661.381216
   42 	 15948.322585 	 18962.217049 	 19661.381216
   43 	 16753.973206 	 19186.576689 	 19661.381216
   44 	 16753.973206 	 19213.988790 	 19661.381216
   45 	 17307.775402 	 19189.625197 	 19971.613337
   46 	 17307.775402 	 19173.034019 	 19971.613337
   47 	 17307.775402 	 19270.280288 	 19971.613337
   48 	 17307.775402 	 19324.513285 	 19971.613337
   49 	 17307.775402 	 19369.512455 	 19971.613337
 