   0 	 0.410645 	 5372.366497 	 19661.381216
    1 	 1209.854839 	 12840.411097 	 19661.381216
    2 	 1786.497220 	 15421.526843 	 19661.381216
    3 	 5446.854152 	 16262.963660 	 19661.381216
    4 	 11294.478583 	 16700.004682 	 19661.381216
    5 	 11294.478583 	 16894.456379 	 19661.381216
    6 	 11294.478583 	 17111.772471 	 19971.613337
    7 	 11294.478583 	 17140.001296 	 19971.613337
    8 	 12565.893937 	 17365.805454 	 19661.381216
    9 	 12565.893937 	 17757.193322 	 19661.381216
   10 	 12565.893937 	 17923.218771 	 19971.613337
   11 	 12565.893937 	 18334.577940 	 19971.613337
   12 	 12565.893937 	 18361.963395 	 19971.613337
   13 	 5565.579345 	 18444.840723 	 19971.613337
   14 	 14181.598713 	 18675.208320 	 19971.613337
   15 	 14919.747761 	 18596.941839 	 19971.613337
   16 	 14919.747761 	 18813.111558 	 19971.613337
   17 	 14919.747761 	 18920.801882 	 19971.613337
   18 	 14919.747761 	 18773.578267 	 19971.613337
   19 	 15172.083653 	 18902.907776 	 19971.613337
   20 	 1030.324535 	 18869.281970 	 19971.613337
   21 	 16213.568780 	 19187.909186 	 19971.613337
   22 	 17307.775402 	 19290.729625 	 19971.613337
   23 	 17875.194995 	 19371.883968 	 19971.613337
   24 	 18164.080437 	 19371.167909 	 19971.613337
   25 	 18164.080437 	 19406.567922 	 19971.613337
   26 	 17875.194995 	 19403.787920 	 19971.613337
   27 	 17875.194995 	 19407.179374 	 19971.613337
   28 	 17875.194995 	 19361.222267 	 19971.613337
   29 	 17875.194995 	 19536.952151 	 19971.613337
   30 	 17875.194995 	 19521.943988 	 19971.613337
   31 	 17875.194995 	 19540.377344 	 19971.613337
   32 	 17875.194995 	 19529.213121 	 19971.613337
   33 	 17875.194995 	 19526.824042 	 19971.613337
   34 	 17875.194995 	 19577.057557 	 19971.613337
   35 	 17875.194995 	 19441.401054 	 19971.613337
   36 	 17875.194995 	 19370.063845 	 19971.613337
   37 	 17875.194995 	 19556.483732 	 19971.613337
   38 	 17875.194995 	 19607.535965 	 19971.613337
   39 	 6059.993646 	 19564.607019 	 19971.613337
   40 	 17875.194995 	 19678.657156 	 19971.613337
   41 	 17875.194995 	 19672.993657 	 19971.613337
   42 	 17875.194995 	 19700.338820 	 19971.613337
   43 	 19051.773810 	 19748.862472 	 19971.613337
   44 	 19051.773810 	 19733.459718 	 19971.613337
   45 	 19051.773810 	 19711.997175 	 19971.613337
   46 	 19051.773810 	 19730.538250 	 19971.613337
   47 	 19051.773810 	 19755.176251 	 19971.613337
   48 	 19051.773810 	 19721.593559 	 19971.613337
   49 	 1248.404820 	 19562.065513 	 19971.613337
 