   0 	 0.408233 	 4154.305337 	 19971.613337
    1 	 305.358792 	 11344.728056 	 19971.613337
    2 	 4361.279696 	 14868.457744 	 19971.613337
    3 	 5446.854152 	 16336.506735 	 19971.613337
    4 	 7440.055250 	 16819.560354 	 19971.613337
    5 	 11294.478583 	 17189.720187 	 19971.613337
    6 	 11294.478583 	 17226.029783 	 19971.613337
    7 	 11294.478583 	 17299.247329 	 19971.613337
    8 	 11294.478583 	 17756.246785 	 19971.613337
    9 	 11294.478583 	 18103.486690 	 19971.613337
   10 	 11294.478583 	 18302.317827 	 19971.613337
   11 	 11294.478583 	 18221.590566 	 19971.613337
   12 	 842.155623 	 18351.582029 	 19971.613337
   13 	 13941.747261 	 18423.783878 	 19971.613337
   14 	 13941.747261 	 18341.434457 	 19971.613337
   15 	 13941.747261 	 18410.454664 	 19971.613337
   16 	 13941.747261 	 18271.352757 	 19971.613337
   17 	 13941.747261 	 18518.547115 	 19971.613337
   18 	 13941.747261 	 18525.752370 	 19971.613337
   19 	 13941.747261 	 18523.121565 	 19971.613337
   20 	 13941.747261 	 18814.901929 	 19971.613337
   21 	 13941.747261 	 18588.927676 	 19971.613337
   22 	 15686.344281 	 18534.418808 	 19971.613337
   23 	 15686.344281 	 18835.220325 	 19971.613337
   24 	 15948.322585 	 19237.297000 	 19971.613337
   25 	 15948.322585 	 19289.312857 	 19971.613337
   26 	 16482.109929 	 19459.336733 	 19971.613337
   27 	 16482.109929 	 19361.407609 	 19971.613337
   28 	 16482.109929 	 19359.509965 	 19971.613337
   29 	 16482.109929 	 19347.011668 	 19971.613337
   30 	 16482.109929 	 19289.037055 	 19971.613337
   31 	 16213.568780 	 19290.908839 	 19971.613337
   32 	 16482.109929 	 19240.007524 	 19971.613337
   33 	 16482.109929 	 19340.840748 	 19971.613337
   34 	 16482.109929 	 19333.613468 	 19971.613337
   35 	 16482.109929 	 19511.988699 	 19971.613337
   36 	 16482.109929 	 19456.803645 	 19971.613337
   37 	 16482.109929 	 19506.180628 	 19971.613337
   38 	 16482.109929 	 19536.995033 	 19971.613337
   39 	 16482.109929 	 19587.322937 	 19971.613337
   40 	 18752.341833 	 19732.557678 	 19971.613337
   41 	 18752.341833 	 19827.141078 	 19971.613337
   42 	 18752.341833 	 19839.477795 	 19971.613337
   43 	 18456.453398 	 19802.935369 	 19971.613337
   44 	 18456.453398 	 19799.832483 	 19971.613337
   45 	 18456.453398 	 19763.290622 	 19971.613337
   46 	 18456.453398 	 19763.434059 	 19971.613337
   47 	 18456.453398 	 19717.297231 	 19971.613337
   48 	 18456.453398 	 19747.671864 	 19971.613337
   49 	 18456.453398 	 19772.308448 	 19971.613337
 