   0 	 0.408233 	 3412.452983 	 19661.381216
    1 	 266.677007 	 10142.721444 	 19661.381216
    2 	 2548.239607 	 13056.576207 	 19971.613337
    3 	 3124.438522 	 15094.391765 	 19661.381216
    4 	 6319.203036 	 16022.583415 	 19971.613337
    5 	 7440.055250 	 17281.424618 	 19971.613337
    6 	 11917.473886 	 17844.369996 	 19971.613337
    7 	 11917.473886 	 18250.104019 	 19971.613337
    8 	 6188.580508 	 18216.822953 	 19971.613337
    9 	 15172.083653 	 18639.291443 	 19971.613337
   10 	 15172.083653 	 18672.172707 	 19971.613337
   11 	 15172.083653 	 18770.600504 	 19971.613337
   12 	 15172.083653 	 18749.667458 	 19661.381216
   13 	 16753.973206 	 18752.087335 	 19661.381216
   14 	 16753.973206 	 18776.209044 	 19661.381216
   15 	 16753.973206 	 18969.135190 	 19661.381216
   16 	 15686.344281 	 18857.174844 	 19661.381216
   17 	 15686.344281 	 18782.389010 	 19661.381216
   18 	 15686.344281 	 18856.350673 	 19661.381216
   19 	 15686.344281 	 18851.587752 	 19661.381216
   20 	 15686.344281 	 18824.976729 	 19661.381216
   21 	 16753.973206 	 18847.101530 	 19661.381216
   22 	 16753.973206 	 18805.524775 	 19661.381216
   23 	 16753.973206 	 18760.514108 	 19971.613337
   24 	 16753.973206 	 18891.516095 	 19661.381216
   25 	 16753.973206 	 18879.362161 	 19661.381216
   26 	 16753.973206 	 18877.015173 	 19661.381216
   27 	 16753.973206 	 18815.220351 	 19661.381216
   28 	 16753.973206 	 18887.568034 	 19661.381216
   29 	 16753.973206 	 18910.799664 	 19661.381216
   30 	 16753.973206 	 18951.817875 	 19661.381216
   31 	 17307.775402 	 18841.686397 	 19661.381216
   32 	 17307.775402 	 18750.602033 	 19661.381216
   33 	 17307.775402 	 18760.608463 	 19661.381216
   34 	 16753.973206 	 18839.810247 	 19661.381216
   35 	 16753.973206 	 18882.793328 	 19661.381216
   36 	 16753.973206 	 18861.722559 	 19661.381216
   37 	 16753.973206 	 18914.928999 	 19661.381216
   38 	 17307.775402 	 19064.334225 	 19661.381216
   39 	 16753.973206 	 19007.775671 	 19661.381216
   40 	 16753.973206 	 19030.043863 	 19661.381216
   41 	 16753.973206 	 19142.895946 	 19661.381216
   42 	 16753.973206 	 19148.996466 	 19661.381216
   43 	 16753.973206 	 19241.870582 	 19661.381216
   44 	 16753.973206 	 19129.580997 	 19661.381216
   45 	 16753.973206 	 19047.343173 	 19661.381216
   46 	 17307.775402 	 19040.405557 	 19661.381216
   47 	 16753.973206 	 19047.195821 	 19661.381216
   48 	 17307.775402 	 19018.273503 	 19661.381216
   49 	 16753.973206 	 18865.423059 	 19661.381216
 