   0 	 0.408233 	 4275.083700 	 19971.613337
    1 	 305.358792 	 12132.148378 	 19971.613337
    2 	 3793.245741 	 15333.696696 	 19971.613337
    3 	 4773.891672 	 16294.703970 	 19971.613337
    4 	 4773.891672 	 16674.858455 	 19661.381216
    5 	 9571.351891 	 17608.065201 	 19661.381216
    6 	 5933.421192 	 18074.214190 	 19971.613337
    7 	 10310.827494 	 18370.655704 	 19971.613337
    8 	 14670.572625 	 18632.326931 	 19971.613337
    9 	 14919.747761 	 18568.491952 	 19971.613337
   10 	 14919.747761 	 18732.523932 	 19971.613337
   11 	 14919.747761 	 18775.119451 	 19971.613337
   12 	 14919.747761 	 18731.034564 	 19971.613337
   13 	 14919.747761 	 18796.367533 	 19661.381216
   14 	 14919.747761 	 18853.727324 	 19971.613337
   15 	 17307.775402 	 18877.077721 	 19661.381216
   16 	 16753.973206 	 18993.620855 	 19971.613337
   17 	 17307.775402 	 19070.152952 	 19971.613337
   18 	 17307.775402 	 19219.159334 	 19971.613337
   19 	 16753.973206 	 19228.769573 	 19971.613337
   20 	 17307.775402 	 19100.783194 	 19971.613337
   21 	 17307.775402 	 19068.577204 	 19971.613337
   22 	 17307.775402 	 19014.427425 	 19971.613337
   23 	 17307.775402 	 19027.525383 	 19971.613337
   24 	 16753.973206 	 18938.939851 	 19971.613337
   25 	 16753.973206 	 19011.049847 	 19971.613337
   26 	 16753.973206 	 19007.986900 	 19971.613337
   27 	 17029.185898 	 19119.115996 	 19971.613337
   28 	 16213.568780 	 19121.454270 	 19971.613337
   29 	 17029.185898 	 19130.216058 	 19971.613337
   30 	 17589.769228 	 19264.353806 	 19971.613337
   31 	 16753.973206 	 19246.937230 	 19971.613337
   32 	 17589.769228 	 19236.332544 	 19971.613337
   33 	 18456.453398 	 19269.315346 	 19971.613337
   34 	 18456.453398 	 19214.733023 	 19971.613337
   35 	 17875.194995 	 19193.090774 	 19971.613337
   36 	 18456.453398 	 19171.523326 	 19971.613337
   37 	 18456.453398 	 19156.263442 	 19971.613337
   38 	 18456.453398 	 19165.282684 	 19971.613337
   39 	 14670.572625 	 19142.684044 	 19971.613337
   40 	 18456.453398 	 19213.948371 	 19971.613337
   41 	 18456.453398 	 19250.311644 	 19971.613337
   42 	 18456.453398 	 19225.710211 	 19971.613337
   43 	 18456.453398 	 19241.039550 	 19971.613337
   44 	 18456.453398 	 19201.396785 	 19971.613337
   45 	 18456.453398 	 19204.638863 	 19971.613337
   46 	 18456.453398 	 19189.235826 	 19971.613337
   47 	 18456.453398 	 19204.243424 	 19971.613337
   48 	 18456.453398 	 19213.332120 	 19661.381216
   49 	 18456.453398 	 19237.680416 	 19661.381216
 