   0 	 0.408241 	 5155.769195 	 19661.381216
    1 	 1328.261866 	 12366.433758 	 19661.381216
    2 	 4069.833718 	 15481.028962 	 19661.381216
    3 	 8373.834461 	 16381.872626 	 19971.613337
    4 	 9571.351891 	 16919.852160 	 19971.613337
    5 	 9571.351891 	 17136.576055 	 19971.613337
    6 	 8872.384351 	 17162.679286 	 19971.613337
    7 	 8872.384351 	 17352.285074 	 19971.613337
    8 	 8872.384351 	 17453.909205 	 19971.613337
    9 	 8872.384351 	 18016.117239 	 19971.613337
   10 	 9571.351891 	 18392.085639 	 19971.613337
   11 	 9752.363665 	 18348.268648 	 19971.613337
   12 	 9752.363665 	 18496.307025 	 19971.613337
   13 	 14424.531740 	 18507.323965 	 19971.613337
   14 	 14424.531740 	 18639.942748 	 19971.613337
   15 	 14424.531740 	 18767.584805 	 19971.613337
   16 	 14424.531740 	 18734.453195 	 19971.613337
   17 	 14424.531740 	 18547.724214 	 19971.613337
   18 	 14424.531740 	 18654.008000 	 19971.613337
   19 	 13471.184517 	 18609.944744 	 19971.613337
   20 	 13471.184517 	 18596.366686 	 19971.613337
   21 	 15686.344281 	 18685.966571 	 19971.613337
   22 	 15427.606917 	 18621.493519 	 19971.613337
   23 	 15427.606917 	 18550.313903 	 19971.613337
   24 	 15686.344281 	 18848.911017 	 19971.613337
   25 	 15686.344281 	 18994.525175 	 19971.613337
   26 	 16213.568780 	 18938.153429 	 19971.613337
   27 	 16213.568780 	 18919.181713 	 19971.613337
   28 	 17029.185898 	 19134.739666 	 19971.613337
   29 	 16753.973206 	 19123.282214 	 19971.613337
   30 	 17029.185898 	 19230.933668 	 19971.613337
   31 	 17589.769228 	 19239.792018 	 19971.613337
   32 	 17589.769228 	 19306.106373 	 19971.613337
   33 	 18456.453398 	 19481.367675 	 19971.613337
   34 	 18456.453398 	 19465.498891 	 19971.613337
   35 	 18456.453398 	 19474.662418 	 19971.613337
   36 	 18456.453398 	 19575.163023 	 19971.613337
   37 	 18456.453398 	 19690.455220 	 19971.613337
   38 	 18456.453398 	 19677.972802 	 19971.613337
   39 	 6188.580508 	 19555.294073 	 19971.613337
   40 	 18456.453398 	 19732.661431 	 19971.613337
   41 	 18456.453398 	 19759.862309 	 19971.613337
   42 	 18456.453398 	 19829.916278 	 19971.613337
   43 	 18456.453398 	 19870.029884 	 19971.613337
   44 	 18752.341833 	 19860.796053 	 19971.613337
   45 	 18752.341833 	 19863.681804 	 19971.613337
   46 	 18752.341833 	 19866.784126 	 19971.613337
   47 	 17589.769228 	 19852.272648 	 19971.613337
   48 	 17589.769228 	 19833.658721 	 19971.613337
   49 	 18752.341833 	 19827.103659 	 19971.613337
 