   0 	 0.408233 	 4266.014362 	 19661.381216
    1 	 125.278463 	 10930.961462 	 19661.381216
    2 	 2055.678089 	 13438.851420 	 19661.381216
    3 	 2055.678089 	 14702.556723 	 19661.381216
    4 	 2055.678089 	 16105.837782 	 19971.613337
    5 	 1135.440816 	 17037.994281 	 19971.613337
    6 	 9392.871732 	 17960.762797 	 19971.613337
    7 	 10502.205106 	 18431.317868 	 19971.613337
    8 	 10502.205106 	 18355.233457 	 19971.613337
    9 	 10502.205106 	 18643.027444 	 19971.613337
   10 	 10502.205106 	 18781.661970 	 19971.613337
   11 	 15948.322585 	 19017.205469 	 19971.613337
   12 	 11294.478583 	 18873.439557 	 19971.613337
   13 	 15948.322585 	 18978.117377 	 19971.613337
   14 	 15948.322585 	 18947.208726 	 19971.613337
   15 	 15948.322585 	 18985.447871 	 19971.613337
   16 	 15948.322585 	 18983.081414 	 19971.613337
   17 	 15948.322585 	 19024.410207 	 19971.613337
   18 	 17875.194995 	 19115.359626 	 19971.613337
   19 	 17875.194995 	 19124.023093 	 19971.613337
   20 	 17875.194995 	 19186.735081 	 19971.613337
   21 	 17875.194995 	 19150.653611 	 19661.381216
   22 	 17875.194995 	 19189.086194 	 19661.381216
   23 	 17875.194995 	 19185.593797 	 19661.381216
   24 	 19051.773810 	 19179.179364 	 19661.381216
   25 	 19051.773810 	 19176.221327 	 19661.381216
   26 	 19051.773810 	 19185.419438 	 19661.381216
   27 	 19051.773810 	 19203.779661 	 19661.381216
   28 	 19051.773810 	 19185.455438 	 19661.381216
   29 	 19051.773810 	 19203.671660 	 19661.381216
   30 	 19051.773810 	 19188.485475 	 19661.381216
   31 	 19051.773810 	 19167.275216 	 19661.381216
   32 	 19051.773810 	 19179.359364 	 19661.381216
   33 	 19051.773810 	 19176.257327 	 19661.381216
   34 	 19051.773810 	 19200.533623 	 19661.381216
   35 	 19051.773810 	 19197.503586 	 19661.381216
   36 	 19051.773810 	 19221.996166 	 19971.613337
   37 	 19051.773810 	 19221.996166 	 19971.613337
   38 	 19051.773810 	 19252.332820 	 19971.613337
   39 	 19051.773810 	 19249.446784 	 19971.613337
   40 	 19051.773810 	 19267.879574 	 19971.613337
   41 	 19051.773810 	 19240.212672 	 19971.613337
   42 	 19051.773810 	 19206.629981 	 19971.613337
   43 	 19051.773810 	 19203.708228 	 19971.613337
   44 	 19051.773810 	 19188.630328 	 19971.613337
   45 	 19051.773810 	 19170.450106 	 19971.613337
   46 	 19051.773810 	 19167.456069 	 19971.613337
   47 	 19051.773810 	 19204.141366 	 19971.613337
   48 	 19051.773810 	 19149.203847 	 19971.613337
   49 	 19051.773810 	 19155.227921 	 19971.613337
 