   0 	 0.409112 	 4700.374483 	 19971.613337
    1 	 0.437107 	 10750.064397 	 19971.613337
    2 	 2354.195039 	 13439.020445 	 19971.613337
    3 	 3616.854126 	 14352.034720 	 19971.613337
    4 	 6451.882602 	 16178.496143 	 19971.613337
    5 	 7292.368648 	 16732.243062 	 19971.613337
    6 	 10502.205106 	 17255.840925 	 19971.613337
    7 	 9752.363665 	 17365.321029 	 19971.613337
    8 	 10122.077472 	 17834.976293 	 19971.613337
    9 	 11707.017256 	 18428.300710 	 19971.613337
   10 	 14919.747761 	 18605.317915 	 19971.613337
   11 	 13941.747261 	 18408.932632 	 19971.613337
   12 	 13941.747261 	 18486.723581 	 19971.613337
   13 	 14919.747761 	 18730.221824 	 19971.613337
   14 	 15427.606917 	 18928.302999 	 19971.613337
   15 	 18164.080437 	 18978.826261 	 19971.613337
   16 	 16482.109929 	 18947.459341 	 19971.613337
   17 	 16482.109929 	 19016.121437 	 19971.613337
   18 	 18164.080437 	 19022.033147 	 19971.613337
   19 	 18164.080437 	 19038.148567 	 19971.613337
   20 	 18164.080437 	 18880.636036 	 19971.613337
   21 	 5565.579345 	 18735.719028 	 19971.613337
   22 	 18164.080437 	 18831.505175 	 19971.613337
   23 	 18164.080437 	 18726.871577 	 19971.613337
   24 	 18164.080437 	 18835.323551 	 19971.613337
   25 	 18164.080437 	 18925.126449 	 19971.613337
   26 	 6059.993646 	 18684.295866 	 19971.613337
   27 	 18164.080437 	 18859.848465 	 19971.613337
   28 	 18164.080437 	 18943.341262 	 19971.613337
   29 	 18164.080437 	 18991.257147 	 19971.613337
   30 	 18164.080437 	 19039.742263 	 19971.613337
   31 	 5565.579345 	 19045.737423 	 19971.613337
   32 	 18164.080437 	 19209.018328 	 19971.613337
   33 	 18164.080437 	 19234.263250 	 19971.613337
   34 	 18164.080437 	 19209.589817 	 19971.613337
   35 	 18164.080437 	 19383.461517 	 19971.613337
   36 	 18164.080437 	 19365.242187 	 19971.613337
   37 	 18164.080437 	 19432.376379 	 19971.613337
   38 	 18164.080437 	 19402.250078 	 19971.613337
   39 	 18164.080437 	 19352.761469 	 19971.613337
   40 	 18164.080437 	 19285.771278 	 19971.613337
   41 	 18164.080437 	 19141.314906 	 19971.613337
   42 	 18164.080437 	 19256.508986 	 19971.613337
   43 	 18164.080437 	 19160.677214 	 19971.613337
   44 	 18164.080437 	 19251.625348 	 19971.613337
   45 	 18164.080437 	 19243.600781 	 19971.613337
   46 	 18164.080437 	 19274.156828 	 19971.613337
   47 	 18164.080437 	 19140.750194 	 19971.613337
   48 	 18164.080437 	 19159.248493 	 19971.613337
   49 	 18164.080437 	 19123.241836 	 19971.613337
 