   0 	 0.408241 	 3844.949177 	 19661.381216
    1 	 243.017376 	 10675.543627 	 19661.381216
    2 	 2112.969753 	 13267.552999 	 19661.381216
    3 	 4773.891672 	 14803.361231 	 19661.381216
    4 	 4773.891672 	 16085.540173 	 19971.613337
    5 	 4773.891672 	 16476.776730 	 19971.613337
    6 	 9392.871732 	 16948.209814 	 19971.613337
    7 	 9392.871732 	 17253.416294 	 19971.613337
    8 	 9392.871732 	 17688.875578 	 19971.613337
    9 	 13941.747261 	 18073.656899 	 19971.613337
   10 	 14181.598713 	 18423.157259 	 19971.613337
   11 	 13704.951216 	 18470.448427 	 19971.613337
   12 	 13704.951216 	 18515.419169 	 19971.613337
   13 	 13704.951216 	 18777.412352 	 19971.613337
   14 	 14181.598713 	 18776.712950 	 19971.613337
   15 	 15172.083653 	 18908.251393 	 19971.613337
   16 	 15172.083653 	 18993.073217 	 19971.613337
   17 	 16213.568780 	 19216.259185 	 19971.613337
   18 	 16213.568780 	 19166.524278 	 19971.613337
   19 	 16213.568780 	 19252.418730 	 19971.613337
   20 	 16213.568780 	 19318.760731 	 19971.613337
   21 	 16213.568780 	 19332.911928 	 19971.613337
   22 	 15948.322585 	 19287.226658 	 19971.613337
   23 	 15686.344281 	 19336.462476 	 19971.613337
   24 	 17029.185898 	 19387.023461 	 19971.613337
   25 	 17029.185898 	 19406.586613 	 19971.613337
   26 	 18164.080437 	 19411.210585 	 19971.613337
   27 	 18164.080437 	 19447.505535 	 19971.613337
   28 	 18164.080437 	 19489.857443 	 19971.613337
   29 	 18164.080437 	 19471.672416 	 19971.613337
   30 	 18164.080437 	 19489.711744 	 19971.613337
   31 	 18164.080437 	 19495.768708 	 19971.613337
   32 	 18164.080437 	 19532.349680 	 19971.613337
   33 	 18164.080437 	 19508.033709 	 19971.613337
   34 	 17875.194995 	 19510.915791 	 19971.613337
   35 	 17875.194995 	 19563.506445 	 19971.613337
   36 	 17875.194995 	 19578.732590 	 19971.613337
   37 	 17875.194995 	 19591.463052 	 19971.613337
   38 	 17875.194995 	 19624.832851 	 19971.613337
   39 	 17875.194995 	 19647.083459 	 19971.613337
   40 	 18164.080437 	 19670.152392 	 19971.613337
   41 	 18164.080437 	 19682.991422 	 19971.613337
   42 	 18164.080437 	 19661.886340 	 19971.613337
   43 	 18164.080437 	 19694.826109 	 19971.613337
   44 	 19051.773810 	 19713.190859 	 19971.613337
   45 	 19051.773810 	 19759.436256 	 19971.613337
   46 	 19051.773810 	 19756.297651 	 19971.613337
   47 	 19051.773810 	 19783.820552 	 19971.613337
   48 	 19051.773810 	 19845.251567 	 19971.613337
   49 	 19051.773810 	 19860.618320 	 19971.613337
 