   0 	 0.473866 	 3765.989794 	 19051.773810
    1 	 484.126004 	 11545.408300 	 19051.773810
    2 	 3531.002015 	 14356.186776 	 19971.613337
    3 	 5102.055018 	 15233.956218 	 19971.613337
    4 	 8053.346232 	 15786.020801 	 19971.613337
    5 	 8053.346232 	 16163.554954 	 19661.381216
    6 	 10310.827494 	 16486.758061 	 19661.381216
    7 	 10310.827494 	 16579.517130 	 19661.381216
    8 	 10310.827494 	 16526.151207 	 19661.381216
    9 	 10310.827494 	 16693.608018 	 19051.773810
   10 	 14181.598713 	 16697.908780 	 19661.381216
   11 	 13704.951216 	 17017.928474 	 19661.381216
   12 	 11917.473886 	 17098.398767 	 19661.381216
   13 	 11917.473886 	 17049.212210 	 19051.773810
   14 	 14181.598713 	 17156.998262 	 19051.773810
   15 	 14181.598713 	 17023.675267 	 19661.381216
   16 	 13704.951216 	 17031.040596 	 19051.773810
   17 	 13704.951216 	 17012.973082 	 19051.773810
   18 	 13704.951216 	 17141.444811 	 19051.773810
   19 	 15172.083653 	 17450.490222 	 19051.773810
   20 	 15686.344281 	 17589.675366 	 19051.773810
   21 	 15686.344281 	 17634.937152 	 19051.773810
   22 	 15686.344281 	 17566.163699 	 19051.773810
   23 	 15686.344281 	 17651.173587 	 19051.773810
   24 	 15686.344281 	 17601.026061 	 19051.773810
   25 	 15686.344281 	 17681.750116 	 19051.773810
   26 	 15686.344281 	 17594.325619 	 19051.773810
   27 	 15686.344281 	 17840.535603 	 19051.773810
   28 	 15686.344281 	 18070.612189 	 19661.381216
   29 	 15686.344281 	 18098.326386 	 19051.773810
   30 	 16213.568780 	 18300.100592 	 19661.381216
   31 	 16213.568780 	 18288.763378 	 19661.381216
   32 	 16753.973206 	 18287.524438 	 19661.381216
   33 	 16753.973206 	 18328.080888 	 19661.381216
   34 	 16753.973206 	 18309.241381 	 19661.381216
   35 	 16753.973206 	 18384.541607 	 19661.381216
   36 	 16753.973206 	 18416.126868 	 19661.381216
   37 	 16753.973206 	 18361.148419 	 19661.381216
   38 	 15686.344281 	 18392.008438 	 19661.381216
   39 	 15686.344281 	 18391.457100 	 19661.381216
   40 	 17307.775402 	 18318.786210 	 19661.381216
   41 	 17307.775402 	 18276.964179 	 19661.381216
   42 	 16753.973206 	 18295.238992 	 19661.381216
   43 	 17875.194995 	 18334.389133 	 18456.453398
   44 	 17875.194995 	 18311.138797 	 18456.453398
   45 	 17875.194995 	 18322.763965 	 18456.453398
   46 	 17875.194995 	 18363.452054 	 18456.453398
   47 	 17875.194995 	 18340.201718 	 18456.453398
   48 	 17875.194995 	 18346.014302 	 18456.453398
   49 	 17875.194995 	 18409.952726 	 18456.453398
 