   0 	 0.408241 	 4490.409992 	 19971.613337
    1 	 871.563460 	 14401.350621 	 19971.613337
    2 	 4773.891672 	 16319.268374 	 19971.613337
    3 	 8212.417836 	 17252.261816 	 19971.613337
    4 	 9043.411510 	 18054.194666 	 19971.613337
    5 	 9043.411510 	 18535.743241 	 19971.613337
    6 	 13240.421220 	 18740.856461 	 19971.613337
    7 	 13240.421220 	 18625.394935 	 19971.613337
    8 	 13012.635488 	 18815.425653 	 19971.613337
    9 	 15686.344281 	 18767.797553 	 19971.613337
   10 	 15686.344281 	 18884.195119 	 19971.613337
   11 	 15686.344281 	 18966.384828 	 19971.613337
   12 	 15686.344281 	 18905.851335 	 19971.613337
   13 	 15686.344281 	 18923.467052 	 19971.613337
   14 	 15686.344281 	 19208.386235 	 19971.613337
   15 	 15686.344281 	 19292.715650 	 19971.613337
   16 	 15948.322585 	 19263.109774 	 19971.613337
   17 	 15948.322585 	 19248.052182 	 19971.613337
   18 	 15948.322585 	 19163.775911 	 19971.613337
   19 	 16482.109929 	 19139.725781 	 19971.613337
   20 	 16482.109929 	 19188.932726 	 19971.613337
   21 	 16482.109929 	 19167.989490 	 19971.613337
   22 	 16482.109929 	 19011.256832 	 19971.613337
   23 	 16213.568780 	 19101.768291 	 19971.613337
   24 	 16213.568780 	 19148.040618 	 19971.613337
   25 	 11092.346767 	 19052.584081 	 19971.613337
   26 	 17875.194995 	 19202.454449 	 19971.613337
   27 	 17875.194995 	 19315.903670 	 19971.613337
   28 	 17875.194995 	 19380.362099 	 19971.613337
   29 	 17875.194995 	 19368.919471 	 19971.613337
   30 	 17875.194995 	 19351.626841 	 19971.613337
   31 	 17875.194995 	 19222.316420 	 19971.613337
   32 	 17875.194995 	 19171.911065 	 19971.613337
   33 	 17875.194995 	 19189.559476 	 19971.613337
   34 	 17875.194995 	 19117.109653 	 19971.613337
   35 	 17875.194995 	 19218.828249 	 19971.613337
   36 	 17875.194995 	 19275.013278 	 19971.613337
   37 	 17875.194995 	 19352.560191 	 19971.613337
   38 	 17875.194995 	 19280.653190 	 19971.613337
   39 	 17875.194995 	 19358.690856 	 19971.613337
   40 	 17875.194995 	 19376.446695 	 19971.613337
   41 	 18164.080437 	 19442.325100 	 19971.613337
   42 	 18164.080437 	 19514.517002 	 19971.613337
   43 	 18456.453398 	 19562.680932 	 19971.613337
   44 	 18456.453398 	 19556.512574 	 19971.613337
   45 	 18456.453398 	 19532.989178 	 19971.613337
   46 	 18456.453398 	 19463.147818 	 19971.613337
   47 	 18456.453398 	 19517.151300 	 19971.613337
   48 	 18456.453398 	 19553.479420 	 19971.613337
   49 	 18456.453398 	 19514.050392 	 19971.613337
 