   0 	 0.408441 	 3862.885605 	 19971.613337
    1 	 363.310720 	 11206.779154 	 19971.613337
    2 	 2354.195039 	 14228.468144 	 19971.613337
    3 	 5565.579345 	 14996.846291 	 19971.613337
    4 	 6862.478915 	 16240.279047 	 19971.613337
    5 	 8053.346232 	 16685.018560 	 19971.613337
    6 	 10696.234580 	 17331.255714 	 19971.613337
    7 	 10892.940302 	 17928.367892 	 19971.613337
    8 	 10502.205106 	 18370.605476 	 19971.613337
    9 	 11092.346767 	 18911.553321 	 19971.613337
   10 	 11092.346767 	 18905.832780 	 19971.613337
   11 	 11092.346767 	 18969.549470 	 19971.613337
   12 	 14670.572625 	 18996.859214 	 19971.613337
   13 	 14670.572625 	 19059.789330 	 19971.613337
   14 	 14670.572625 	 19205.728612 	 19971.613337
   15 	 14670.572625 	 19268.474251 	 19971.613337
   16 	 14670.572625 	 19159.717586 	 19971.613337
   17 	 14670.572625 	 19243.928973 	 19971.613337
   18 	 14670.572625 	 19402.566454 	 19971.613337
   19 	 14670.572625 	 19438.242624 	 19971.613337
   20 	 15172.083653 	 19502.492440 	 19971.613337
   21 	 15172.083653 	 19640.470255 	 19971.613337
   22 	 18164.080437 	 19776.239918 	 19971.613337
   23 	 18164.080437 	 19794.599015 	 19971.613337
   24 	 18752.341833 	 19824.725034 	 19971.613337
   25 	 18752.341833 	 19821.586712 	 19971.613337
   26 	 18456.453398 	 19837.240904 	 19971.613337
   27 	 18752.341833 	 19904.301685 	 19971.613337
   28 	 18752.341833 	 19864.621219 	 19971.613337
   29 	 18752.341833 	 19861.518898 	 19971.613337
   30 	 15427.606917 	 19813.048796 	 19971.613337
   31 	 15427.606917 	 19724.526319 	 19971.613337
   32 	 15427.606917 	 19730.298673 	 19971.613337
   33 	 18752.341833 	 19846.188428 	 19971.613337
   34 	 18752.341833 	 19904.337402 	 19971.613337
   35 	 18752.341833 	 19934.747189 	 19971.613337
   36 	 19354.777508 	 19946.939904 	 19971.613337
   37 	 17589.769228 	 19941.626538 	 19971.613337
   38 	 19354.777508 	 19959.276621 	 19971.613337
   39 	 19354.777508 	 19959.276621 	 19971.613337
   40 	 19354.777508 	 19953.108262 	 19971.613337
   41 	 19354.777508 	 19950.005941 	 19971.613337
   42 	 19354.777508 	 19940.771546 	 19971.613337
   43 	 19354.777508 	 19922.266471 	 19971.613337
   44 	 19354.777508 	 19916.098113 	 19971.613337
   45 	 19354.777508 	 19922.266471 	 19971.613337
   46 	 19354.777508 	 19934.603188 	 19971.613337
   47 	 19354.777508 	 19946.939904 	 19971.613337
   48 	 19354.777508 	 19959.276621 	 19971.613337
   49 	 19354.777508 	 19959.276621 	 19971.613337
 