   0 	 0.505328 	 464.265221 	 3288.963649
    1 	 6.478186 	 1278.411219 	 3546.600239
    2 	 121.482762 	 2057.903910 	 3546.600239
    3 	 203.990930 	 2225.154414 	 3546.600239
    4 	 104.265233 	 2302.679429 	 3581.285126
    5 	 901.110165 	 2475.763846 	 3564.474581
    6 	 329.450344 	 2541.390482 	 3660.975501
    7 	 283.897186 	 2530.783230 	 3660.103013
    8 	 293.524722 	 2591.806100 	 3660.103013
    9 	 398.675381 	 2748.506414 	 3747.627013
   10 	 3.164187 	 2706.833711 	 3607.586999
   11 	 635.502939 	 2899.242949 	 3689.226168
   12 	 368.172299 	 2860.433469 	 3752.086230
   13 	 330.073150 	 2849.376719 	 3732.510857
   14 	 526.078321 	 2928.215956 	 3630.412591
   15 	 279.683481 	 2867.907446 	 3694.942956
   16 	 640.870637 	 3024.005942 	 3709.354293
   17 	 252.994672 	 2911.795422 	 3772.859207
   18 	 326.508292 	 3079.651764 	 3759.617269
   19 	 134.168331 	 3070.297742 	 3790.577446
   20 	 354.363745 	 3149.576465 	 3803.290581
   21 	 747.818357 	 3157.387922 	 3812.218613
   22 	 350.447835 	 3177.725852 	 3838.189774
   23 	 263.000433 	 3194.503769 	 3848.201736
   24 	 338.760044 	 3301.286806 	 3880.189239
   25 	 330.513988 	 3282.111259 	 3880.189239
   26 	 304.512904 	 3362.000297 	 3848.335221
   27 	 396.558897 	 3357.094016 	 3843.190369
   28 	 310.049829 	 3321.649039 	 3890.650135
   29 	 342.772027 	 3326.048304 	 3890.537495
   30 	 816.849608 	 3373.144053 	 3891.213335
   31 	 404.223726 	 3337.877826 	 3846.858220
   32 	 369.164725 	 3351.032175 	 3841.838084
   33 	 61.763125 	 3323.351995 	 3842.863062
   34 	 351.346230 	 3407.336119 	 3852.779837
   35 	 96.579191 	 3252.665457 	 3855.261959
   36 	 100.114211 	 3189.519988 	 3851.826813
   37 	 624.683196 	 3338.990552 	 3851.888861
   38 	 314.575041 	 3334.605011 	 3851.888861
   39 	 405.522277 	 3372.827620 	 3851.888861
   40 	 283.825632 	 3284.594258 	 3869.347914
   41 	 864.580039 	 3409.069896 	 3869.345506
   42 	 308.356094 	 3416.911242 	 3869.272674
   43 	 789.454690 	 3518.980110 	 3869.272674
   44 	 400.802709 	 3479.959749 	 3892.981783
   45 	 379.648358 	 3475.696554 	 3890.779280
   46 	 292.188125 	 3344.226519 	 3851.895613
   47 	 930.172405 	 3450.101529 	 3851.283694
   48 	 378.399026 	 3383.960847 	 3854.852853
   49 	 403.810852 	 3388.647049 	 3850.919662
 