   0 	 1.633548 	 423.212676 	 2300.696276
    1 	 2.118137 	 963.096938 	 3118.405907
    2 	 81.913102 	 1591.519192 	 3456.162285
    3 	 7.468561 	 2166.967735 	 3754.529674
    4 	 286.352750 	 2527.873771 	 3754.646922
    5 	 362.390426 	 2660.907509 	 3818.193812
    6 	 235.452761 	 2893.877960 	 3755.879818
    7 	 1.217520 	 2784.796940 	 3762.676362
    8 	 253.535005 	 2853.739490 	 3760.215067
    9 	 192.464591 	 2889.851566 	 3798.871743
   10 	 225.689034 	 2969.637878 	 3819.613860
   11 	 185.319876 	 2882.497906 	 3819.901252
   12 	 15.968116 	 2820.986989 	 3810.380576
   13 	 361.970921 	 2939.766677 	 3867.267479
   14 	 329.539367 	 2853.353618 	 3849.009006
   15 	 348.626643 	 3046.005284 	 3849.481360
   16 	 791.002945 	 3251.928250 	 3829.517552
   17 	 335.292480 	 3160.550814 	 3831.244349
   18 	 139.891366 	 3064.545003 	 3831.244349
   19 	 372.317095 	 3138.892813 	 3831.244349
   20 	 422.408494 	 3216.857392 	 3806.550730
   21 	 368.055823 	 3166.963074 	 3843.819512
   22 	 395.086919 	 3238.038860 	 3826.324625
   23 	 64.682124 	 3152.216832 	 3805.324843
   24 	 315.830926 	 3254.846225 	 3806.516779
   25 	 401.678253 	 3230.724177 	 3846.696651
   26 	 271.099261 	 3181.885432 	 3823.132539
   27 	 924.110022 	 3324.242091 	 3864.511620
   28 	 359.802058 	 3370.601032 	 3836.926782
   29 	 428.849608 	 3285.332277 	 3810.824192
   30 	 364.764695 	 3296.228328 	 3850.308837
   31 	 363.066555 	 3211.681902 	 3840.805652
   32 	 157.704200 	 3247.555770 	 3810.798000
   33 	 575.750932 	 3242.159705 	 3820.349833
   34 	 381.203611 	 3218.968982 	 3860.580835
   35 	 362.010969 	 3311.437656 	 3835.792292
   36 	 367.005795 	 3342.825324 	 3826.341271
   37 	 350.544039 	 3353.069354 	 3845.412904
   38 	 350.864548 	 3352.346533 	 3857.994097
   39 	 406.753217 	 3332.222255 	 3857.994097
   40 	 863.671709 	 3484.922561 	 3857.997940
   41 	 407.206029 	 3404.939093 	 3836.600327
   42 	 400.026900 	 3377.203143 	 3856.291956
   43 	 353.119661 	 3258.829427 	 3841.329579
   44 	 380.917686 	 3319.617960 	 3841.329579
   45 	 348.245606 	 3224.367290 	 3841.329579
   46 	 1363.281694 	 3272.410687 	 3837.762987
   47 	 374.640577 	 3216.622738 	 3843.739314
   48 	 373.252807 	 3271.593893 	 3831.790910
   49 	 841.742585 	 3331.769744 	 3876.473649
 