   0 	 0.774217 	 518.142427 	 2835.942701
    1 	 2.067993 	 1204.947640 	 3668.382768
    2 	 20.688841 	 1688.956292 	 3831.527890
    3 	 143.320241 	 2147.582273 	 3831.417770
    4 	 20.657192 	 2240.798078 	 3825.255610
    5 	 305.448564 	 2559.631348 	 3825.918650
    6 	 660.500247 	 2757.666017 	 3829.256920
    7 	 206.431707 	 2861.488158 	 3864.221846
    8 	 195.840281 	 2902.801888 	 3840.931900
    9 	 333.628139 	 3014.747558 	 3850.473665
   10 	 387.616565 	 3180.438267 	 3845.249325
   11 	 793.378114 	 3209.141091 	 3857.659933
   12 	 578.802242 	 3264.201708 	 3867.304372
   13 	 408.647797 	 3248.459259 	 3866.887016
   14 	 413.012588 	 3271.131373 	 3886.885354
   15 	 317.832431 	 3316.419887 	 3887.239255
   16 	 406.738414 	 3384.901830 	 3857.270728
   17 	 99.583288 	 3257.511827 	 3853.531069
   18 	 199.640932 	 3127.538884 	 3847.339154
   19 	 209.072360 	 3150.679413 	 3846.604868
   20 	 274.980229 	 3024.563722 	 3886.429708
   21 	 407.977807 	 3069.104324 	 3879.216424
   22 	 208.168089 	 3110.884437 	 3880.115496
   23 	 389.457514 	 3313.421329 	 3880.115496
   24 	 797.420918 	 3358.324053 	 3857.451212
   25 	 1.084766 	 3223.489514 	 3857.451212
   26 	 894.487113 	 3406.586584 	 3843.370328
   27 	 331.770361 	 3399.808047 	 3848.166189
   28 	 351.401329 	 3385.590143 	 3828.580946
   29 	 1321.798921 	 3515.213716 	 3854.616518
   30 	 345.267803 	 3404.630580 	 3832.815512
   31 	 155.843542 	 3349.480692 	 3862.743894
   32 	 774.304845 	 3403.741607 	 3832.815512
   33 	 905.860748 	 3397.426088 	 3867.563153
   34 	 347.314106 	 3441.549096 	 3887.626837
   35 	 1075.461626 	 3541.078624 	 3890.260603
   36 	 388.451560 	 3339.245005 	 3894.234721
   37 	 205.010880 	 3363.902069 	 3895.898196
   38 	 96.333976 	 3382.871448 	 3895.891264
   39 	 772.870083 	 3499.376022 	 3891.408033
   40 	 215.257214 	 3429.745885 	 3885.151480
   41 	 201.781376 	 3358.979596 	 3890.637313
   42 	 965.575531 	 3491.109515 	 3892.270269
   43 	 270.663334 	 3310.189329 	 3896.288342
   44 	 387.818682 	 3351.692271 	 3893.899456
   45 	 418.135265 	 3449.223358 	 3884.193869
   46 	 417.574666 	 3455.190427 	 3883.796109
   47 	 881.741609 	 3404.111716 	 3883.595579
   48 	 1624.033469 	 3490.341898 	 3893.170224
   49 	 840.962249 	 3477.719475 	 3867.597153
 