   0 	 1.198650 	 545.799994 	 3650.975962
    1 	 10.624637 	 1447.060928 	 3748.720035
    2 	 201.684248 	 2245.114353 	 3709.188180
    3 	 37.135374 	 2514.225048 	 3828.066459
    4 	 9.136383 	 2578.943721 	 3828.066459
    5 	 96.655990 	 2758.410195 	 3817.160555
    6 	 260.990096 	 2871.268183 	 3847.348906
    7 	 53.537321 	 2894.340448 	 3819.523654
    8 	 123.472614 	 3054.619727 	 3845.007541
    9 	 469.095232 	 3176.254776 	 3862.700557
   10 	 209.580121 	 3141.009823 	 3827.274544
   11 	 226.713871 	 3183.227783 	 3840.810650
   12 	 297.477514 	 3232.480744 	 3840.875121
   13 	 324.466734 	 3130.736448 	 3827.181766
   14 	 395.990632 	 3239.339843 	 3884.390896
   15 	 719.947023 	 3342.269928 	 3884.390896
   16 	 891.374817 	 3310.522836 	 3884.390896
   17 	 409.827325 	 3286.450254 	 3844.423839
   18 	 830.544273 	 3330.170114 	 3870.287744
   19 	 1110.358654 	 3398.655860 	 3876.466636
   20 	 875.904861 	 3307.171440 	 3884.264356
   21 	 782.204164 	 3278.352283 	 3849.377596
   22 	 336.459810 	 3298.039900 	 3846.133757
   23 	 174.100501 	 3232.872259 	 3876.213845
   24 	 864.406164 	 3309.577356 	 3875.329109
   25 	 1197.950605 	 3349.886117 	 3873.752707
   26 	 0.244743 	 3374.492786 	 3872.836995
   27 	 417.442840 	 3395.682628 	 3875.189251
   28 	 514.537975 	 3422.999410 	 3875.357947
   29 	 514.537975 	 3443.900866 	 3880.813041
   30 	 407.214113 	 3378.252198 	 3881.905170
   31 	 401.585459 	 3350.785553 	 3877.781009
   32 	 411.265454 	 3353.187016 	 3872.842051
   33 	 859.271167 	 3434.953418 	 3872.636003
   34 	 503.285560 	 3429.758267 	 3872.636003
   35 	 209.253732 	 3484.826479 	 3889.733983
   36 	 207.616669 	 3428.379941 	 3872.636003
   37 	 95.637650 	 3509.039969 	 3872.636003
   38 	 783.157780 	 3546.544145 	 3875.520233
   39 	 378.165992 	 3309.885213 	 3885.983957
   40 	 207.427406 	 3301.293807 	 3883.236443
   41 	 394.622017 	 3430.068938 	 3878.623735
   42 	 376.428007 	 3400.490904 	 3885.499080
   43 	 376.401479 	 3396.738077 	 3885.930605
   44 	 587.269853 	 3453.218563 	 3895.697811
   45 	 340.023778 	 3474.459803 	 3895.698926
   46 	 1715.924368 	 3543.258948 	 3896.113466
   47 	 100.924319 	 3420.611305 	 3883.910964
   48 	 869.751341 	 3526.134174 	 3886.289721
   49 	 914.177385 	 3467.464017 	 3886.289721
 