   0 	 1.221797 	 487.843830 	 3630.530720
    1 	 2.737605 	 1399.931224 	 3641.579172
    2 	 81.820325 	 2165.726585 	 3648.448164
    3 	 103.382526 	 2433.397071 	 3651.237994
    4 	 350.603268 	 2525.721707 	 3738.196196
    5 	 47.507842 	 2565.855549 	 3758.214118
    6 	 259.260660 	 2562.564176 	 3758.219194
    7 	 160.213506 	 2673.269497 	 3738.644348
    8 	 394.693276 	 2883.792213 	 3797.437599
    9 	 1455.955605 	 3082.065714 	 3746.746016
   10 	 71.854036 	 2778.141244 	 3788.125421
   11 	 265.575814 	 2800.069583 	 3663.104262
   12 	 323.066046 	 3009.476015 	 3674.545412
   13 	 110.286799 	 2928.649368 	 3660.529311
   14 	 136.512749 	 2816.741987 	 3634.246796
   15 	 370.982073 	 2850.295049 	 3710.933914
   16 	 63.741498 	 2780.983991 	 3710.930890
   17 	 243.311159 	 2856.780283 	 3780.570925
   18 	 238.343182 	 2825.819493 	 3780.570925
   19 	 6.234864 	 2886.125376 	 3780.501805
   20 	 397.171857 	 3057.559248 	 3780.501805
   21 	 765.762427 	 3120.718745 	 3814.444606
   22 	 687.350079 	 2985.201985 	 3659.419239
   23 	 263.437679 	 2996.708161 	 3718.533617
   24 	 331.933117 	 2995.270989 	 3670.990482
   25 	 183.227219 	 3014.214026 	 3719.827767
   26 	 261.834589 	 2911.960700 	 3718.926756
   27 	 161.452536 	 3083.637935 	 3737.775849
   28 	 134.022581 	 3106.316765 	 3816.420534
   29 	 422.463740 	 3084.673006 	 3816.420534
   30 	 828.888528 	 3199.745789 	 3792.363161
   31 	 777.205719 	 3061.775214 	 3831.510088
   32 	 326.765692 	 3085.191174 	 3831.545152
   33 	 358.142497 	 3043.953784 	 3821.650417
   34 	 325.437549 	 3072.687674 	 3821.650417
   35 	 914.590376 	 3206.601117 	 3848.974516
   36 	 387.577694 	 3283.385791 	 3834.805791
   37 	 350.447965 	 3361.026403 	 3832.382271
   38 	 325.319598 	 3350.653354 	 3834.696879
   39 	 324.964702 	 3352.724749 	 3840.891588
   40 	 254.736611 	 3242.462077 	 3840.891588
   41 	 1582.593323 	 3388.167368 	 3777.965722
   42 	 843.185515 	 3247.605727 	 3828.663894
   43 	 1622.869493 	 3367.411021 	 3828.780759
   44 	 339.032567 	 3213.912349 	 3772.983946
   45 	 353.475707 	 3253.083155 	 3860.333266
   46 	 388.366595 	 3293.550938 	 3860.333266
   47 	 242.956228 	 3233.378351 	 3870.845041
   48 	 883.316878 	 3271.730693 	 3873.333525
   49 	 350.920825 	 3201.078724 	 3870.850329
 