   0 	 0.239543 	 429.774306 	 2775.178845
    1 	 4.132473 	 1166.747280 	 3158.150340
    2 	 3.560043 	 1734.800458 	 3506.651393
    3 	 274.940303 	 2122.601929 	 3530.804658
    4 	 3.530968 	 2223.972640 	 3778.384295
    5 	 255.368744 	 2491.981492 	 3778.741895
    6 	 71.480995 	 2466.725797 	 3655.736741
    7 	 325.990956 	 2739.788819 	 3862.736996
    8 	 680.662372 	 2864.046078 	 3753.101092
    9 	 242.272293 	 2755.140811 	 3753.103141
   10 	 240.199180 	 2760.757434 	 3753.101092
   11 	 1071.943470 	 3034.728308 	 3753.064552
   12 	 320.150955 	 3050.033347 	 3890.160891
   13 	 382.880340 	 3085.729459 	 3890.958651
   14 	 640.372033 	 3216.030271 	 3890.958651
   15 	 294.243191 	 3176.933211 	 3859.872290
   16 	 153.233477 	 3114.791093 	 3870.718877
   17 	 231.753717 	 3092.241997 	 3850.178109
   18 	 416.485756 	 3231.774918 	 3853.320100
   19 	 335.017903 	 3180.584523 	 3870.718877
   20 	 220.809645 	 3253.192603 	 3870.454237
   21 	 557.906668 	 3332.603119 	 3835.010984
   22 	 1801.474672 	 3418.530632 	 3868.124004
   23 	 862.828600 	 3485.514205 	 3904.565779
   24 	 657.150266 	 3427.310148 	 3870.905188
   25 	 306.112294 	 3302.119902 	 3869.252452
   26 	 829.839538 	 3371.600362 	 3863.235172
   27 	 377.680533 	 3403.226679 	 3870.482984
   28 	 357.936649 	 3302.478304 	 3880.249845
   29 	 633.855291 	 3372.893364 	 3876.056116
   30 	 726.562000 	 3394.029912 	 3876.056116
   31 	 902.484917 	 3325.567128 	 3840.271519
   32 	 657.944329 	 3449.402494 	 3870.789468
   33 	 410.848616 	 3301.820599 	 3843.114224
   34 	 394.727951 	 3321.803668 	 3843.137784
   35 	 200.890793 	 3237.202327 	 3876.195022
   36 	 297.766052 	 3327.898938 	 3855.723300
   37 	 98.956596 	 3269.833184 	 3830.877521
   38 	 314.881850 	 3212.544266 	 3850.083755
   39 	 331.642080 	 3479.017041 	 3870.122273
   40 	 316.031764 	 3466.408570 	 3870.115280
   41 	 104.066592 	 3359.734481 	 3870.053153
   42 	 912.728901 	 3511.581413 	 3869.151009
   43 	 225.161603 	 3335.131261 	 3869.151009
   44 	 155.818721 	 3349.057808 	 3867.639371
   45 	 899.449249 	 3399.910990 	 3868.866741
   46 	 397.798311 	 3356.934983 	 3867.585141
   47 	 1406.624328 	 3454.193668 	 3891.165158
   48 	 406.986962 	 3383.116243 	 3892.412519
   49 	 362.641973 	 3229.178225 	 3892.412519
 