   0 	 0.259124 	 496.273218 	 3603.417285
    1 	 6.808708 	 1251.377656 	 3636.247780
    2 	 13.943164 	 1837.456363 	 3677.972765
    3 	 43.591711 	 2227.147224 	 3680.600301
    4 	 162.232269 	 2587.888109 	 3762.446746
    5 	 0.692102 	 2706.740652 	 3801.646057
    6 	 159.420147 	 3013.047576 	 3707.100889
    7 	 256.811089 	 3140.799282 	 3760.364974
    8 	 371.196981 	 3130.287709 	 3759.479218
    9 	 654.457693 	 3343.437093 	 3773.550632
   10 	 284.981232 	 3237.789430 	 3763.055586
   11 	 213.556957 	 3189.015982 	 3789.740246
   12 	 637.302629 	 3301.691533 	 3797.074802
   13 	 207.408150 	 3254.742287 	 3789.740246
   14 	 852.952691 	 3318.736076 	 3772.629392
   15 	 385.574330 	 3243.607950 	 3805.387385
   16 	 382.324585 	 3297.018125 	 3828.629566
   17 	 208.327749 	 3210.667834 	 3840.153139
   18 	 72.777183 	 3238.364269 	 3841.153075
   19 	 379.701441 	 3327.620452 	 3841.153075
   20 	 378.485210 	 3217.146667 	 3830.914994
   21 	 727.641734 	 3410.505250 	 3833.546574
   22 	 385.150414 	 3364.590147 	 3845.576035
   23 	 309.392606 	 3430.167062 	 3850.904931
   24 	 405.921853 	 3375.679158 	 3850.849275
   25 	 230.501658 	 3352.767102 	 3852.680105
   26 	 202.574697 	 3400.030627 	 3835.642850
   27 	 897.952196 	 3356.447533 	 3835.293019
   28 	 465.440137 	 3309.927325 	 3847.110227
   29 	 865.162866 	 3305.305119 	 3855.113899
   30 	 424.570042 	 3371.390562 	 3833.885196
   31 	 261.853726 	 3408.452925 	 3847.763353
   32 	 932.391442 	 3441.418993 	 3854.338035
   33 	 412.053891 	 3475.730831 	 3876.579111
   34 	 395.527603 	 3404.988436 	 3876.579111
   35 	 652.686287 	 3388.682843 	 3876.579111
   36 	 930.214357 	 3344.745498 	 3846.276796
   37 	 388.128751 	 3285.478659 	 3893.406245
   38 	 1445.462802 	 3314.162431 	 3883.439510
   39 	 409.518273 	 3352.446875 	 3883.393990
   40 	 376.877164 	 3365.838684 	 3877.963334
   41 	 375.361887 	 3345.944860 	 3865.684249
   42 	 417.078250 	 3426.600512 	 3886.923516
   43 	 403.992217 	 3394.502056 	 3882.357966
   44 	 380.820564 	 3454.491620 	 3882.357966
   45 	 1720.186294 	 3542.516917 	 3889.393783
   46 	 769.274298 	 3559.438254 	 3886.096391
   47 	 347.210490 	 3419.391172 	 3843.607181
   48 	 353.706829 	 3432.070932 	 3887.461365
   49 	 384.612327 	 3403.447704 	 3880.104290
 