   0 	 0.630475 	 401.211546 	 3437.268992
    1 	 0.012224 	 1114.927331 	 3823.337143
    2 	 194.085215 	 1936.984966 	 3824.080567
    3 	 23.034306 	 2145.502561 	 3824.080567
    4 	 154.924928 	 2319.062067 	 3734.816081
    5 	 96.421716 	 2627.343720 	 3725.042087
    6 	 308.082439 	 2764.237617 	 3725.042087
    7 	 350.365579 	 2666.893497 	 3803.403514
    8 	 419.441425 	 2809.270143 	 3847.663703
    9 	 721.458226 	 3020.435046 	 3813.456630
   10 	 355.096428 	 3071.128781 	 3813.456630
   11 	 326.787145 	 3105.095114 	 3813.456630
   12 	 389.540544 	 3110.112645 	 3868.019168
   13 	 647.218278 	 3216.681391 	 3868.008820
   14 	 0.476884 	 3232.547700 	 3883.724335
   15 	 37.550500 	 3147.877055 	 3849.025305
   16 	 418.531872 	 3284.197731 	 3856.441450
   17 	 416.475843 	 3224.130843 	 3818.825971
   18 	 396.700819 	 3298.480344 	 3842.241817
   19 	 1775.037192 	 3391.985992 	 3881.889558
   20 	 398.106533 	 3273.109598 	 3882.480102
   21 	 391.636157 	 3254.535258 	 3885.442845
   22 	 320.476946 	 3317.110279 	 3892.842705
   23 	 414.572793 	 3455.865693 	 3887.836205
   24 	 412.190997 	 3378.735032 	 3888.226497
   25 	 37.678856 	 3356.290780 	 3889.712051
   26 	 403.558549 	 3268.422775 	 3862.771430
   27 	 870.299719 	 3298.324541 	 3894.821677
   28 	 223.065549 	 3231.277199 	 3873.668677
   29 	 390.823639 	 3290.423429 	 3868.668573
   30 	 72.240055 	 3281.838840 	 3887.460179
   31 	 385.600626 	 3373.754225 	 3884.396043
   32 	 1073.191427 	 3418.345507 	 3883.894336
   33 	 403.428046 	 3289.665910 	 3896.609278
   34 	 826.873880 	 3456.819132 	 3896.609278
   35 	 904.439790 	 3430.519953 	 3895.362136
   36 	 1709.069273 	 3487.673701 	 3894.077361
   37 	 102.054651 	 3382.297533 	 3868.765425
   38 	 231.689499 	 3298.684264 	 3865.522099
   39 	 395.942559 	 3331.468554 	 3898.528426
   40 	 323.054032 	 3393.875449 	 3869.279078
   41 	 409.017870 	 3337.064837 	 3895.445850
   42 	 361.498354 	 3417.647874 	 3899.424802
   43 	 484.476386 	 3455.927761 	 3900.029730
   44 	 304.451396 	 3423.321306 	 3900.020026
   45 	 767.183378 	 3443.769509 	 3890.046791
   46 	 764.975221 	 3445.081789 	 3885.095578
   47 	 408.892119 	 3434.000009 	 3893.779862
   48 	 280.245732 	 3368.946528 	 3893.779862
   49 	 726.561186 	 3446.624428 	 3893.508502
 