   0 	 2.206777 	 526.601974 	 3327.001558
    1 	 4.768490 	 1310.748571 	 3396.673201
    2 	 59.422438 	 2128.823974 	 3470.645783
    3 	 66.054866 	 2375.912900 	 3484.175908
    4 	 258.457446 	 2543.631256 	 3584.531559
    5 	 58.123682 	 2594.427435 	 3598.440498
    6 	 10.873589 	 2765.108588 	 3595.025970
    7 	 301.700210 	 2778.886201 	 3465.591812
    8 	 383.862469 	 2728.542198 	 3610.725662
    9 	 636.019109 	 2820.285044 	 3657.119964
   10 	 472.618644 	 2879.327410 	 3841.920106
   11 	 380.579316 	 2898.559751 	 3699.578850
   12 	 330.350202 	 2988.171757 	 3711.751572
   13 	 834.150776 	 3055.357732 	 3731.474738
   14 	 377.531610 	 2967.648613 	 3717.650283
   15 	 314.922910 	 2867.665188 	 3717.736299
   16 	 326.536744 	 2897.794583 	 3792.832487
   17 	 416.510269 	 3108.166486 	 3751.745448
   18 	 589.178430 	 3155.371561 	 3727.551217
   19 	 705.140489 	 3142.976722 	 3731.418647
   20 	 765.486294 	 3257.020375 	 3768.907756
   21 	 1189.465459 	 3212.539169 	 3830.759758
   22 	 782.685969 	 3197.159894 	 3831.131923
   23 	 334.339085 	 3188.028166 	 3761.167278
   24 	 293.485593 	 3118.618129 	 3729.796433
   25 	 295.565745 	 3203.967308 	 3751.362912
   26 	 659.508146 	 3210.540608 	 3853.190977
   27 	 375.928253 	 3185.212476 	 3853.204209
   28 	 227.592227 	 3146.342890 	 3853.204209
   29 	 420.368646 	 3241.221006 	 3853.204209
   30 	 412.356516 	 3234.160350 	 3835.469603
   31 	 383.884499 	 3167.493748 	 3892.640289
   32 	 198.153415 	 3141.680641 	 3865.254097
   33 	 24.578129 	 3116.933699 	 3882.634099
   34 	 404.616966 	 3140.534301 	 3883.232627
   35 	 1254.879436 	 3339.258005 	 3874.687949
   36 	 384.487544 	 3277.118701 	 3875.207882
   37 	 404.752625 	 3329.702990 	 3880.305438
   38 	 921.588683 	 3392.384236 	 3841.017572
   39 	 418.680446 	 3438.323247 	 3810.913045
   40 	 785.276625 	 3445.541706 	 3880.414445
   41 	 760.405763 	 3418.465491 	 3846.133921
   42 	 2.833103 	 3421.861876 	 3875.799821
   43 	 393.542937 	 3436.929908 	 3875.792146
   44 	 409.336664 	 3283.127145 	 3885.631341
   45 	 1638.794021 	 3489.353875 	 3854.875109
   46 	 889.200790 	 3506.474830 	 3880.952530
   47 	 883.296852 	 3429.105108 	 3890.828391
   48 	 405.024084 	 3371.037197 	 3883.645946
   49 	 404.219553 	 3393.226175 	 3883.645946
 