   0 	 0.552352 	 492.442425 	 3136.574029
    1 	 7.058745 	 1403.855170 	 3523.431654
    2 	 0.593443 	 1906.010981 	 3797.219076
    3 	 4.280195 	 2238.302151 	 3793.114130
    4 	 306.641581 	 2674.526685 	 3818.375505
    5 	 306.511021 	 2880.966232 	 3817.872721
    6 	 306.676221 	 2896.918978 	 3838.470765
    7 	 355.253620 	 3026.493768 	 3821.668619
    8 	 276.804501 	 2569.662839 	 3835.642530
    9 	 73.719997 	 2785.308132 	 3751.846986
   10 	 308.059923 	 2968.979612 	 3841.665795
   11 	 190.999042 	 2882.142136 	 3808.282894
   12 	 329.550329 	 2926.175179 	 3815.691833
   13 	 832.439081 	 3100.748735 	 3809.075470
   14 	 363.644980 	 2870.595330 	 3843.981362
   15 	 406.931874 	 2960.619230 	 3843.981362
   16 	 173.927240 	 2861.554836 	 3843.979287
   17 	 422.850760 	 2999.728490 	 3813.313682
   18 	 311.503480 	 3125.381352 	 3823.231632
   19 	 912.735563 	 3193.155997 	 3828.028680
   20 	 102.378057 	 2950.458278 	 3814.548686
   21 	 403.291324 	 3095.952617 	 3832.244373
   22 	 838.318976 	 3221.901859 	 3872.797364
   23 	 267.108210 	 3248.964641 	 3833.836125
   24 	 400.569096 	 3388.250306 	 3854.627397
   25 	 917.523401 	 3444.818272 	 3854.627397
   26 	 398.906620 	 3398.522157 	 3823.410492
   27 	 369.113308 	 3360.636764 	 3873.738333
   28 	 396.290342 	 3349.953887 	 3854.154320
   29 	 406.448519 	 3304.435222 	 3854.154320
   30 	 1512.036464 	 3435.454643 	 3877.896714
   31 	 439.024040 	 3402.758103 	 3887.866648
   32 	 366.161758 	 3341.570612 	 3881.897960
   33 	 886.938101 	 3463.237446 	 3889.106445
   34 	 405.263366 	 3317.431621 	 3889.102093
   35 	 353.271886 	 3336.244285 	 3889.102093
   36 	 403.238285 	 3237.494291 	 3894.278950
   37 	 403.488598 	 3267.482903 	 3828.205564
   38 	 406.704636 	 3290.001744 	 3837.263780
   39 	 855.319483 	 3333.035705 	 3827.927956
   40 	 2.742700 	 3225.693756 	 3827.928060
   41 	 406.386245 	 3350.726814 	 3828.011356
   42 	 1450.986126 	 3399.127445 	 3807.072274
   43 	 370.837028 	 3303.057715 	 3817.684320
   44 	 226.443885 	 3318.492307 	 3803.564077
   45 	 852.806263 	 3414.943084 	 3766.027346
   46 	 1321.777472 	 3395.183619 	 3801.405883
   47 	 259.214183 	 3267.549534 	 3804.373726
   48 	 185.446429 	 3382.437289 	 3823.860126
   49 	 247.108335 	 3349.717282 	 3858.653045
 