   0 	 0.045855 	 521.146974 	 3551.068925
    1 	 42.492790 	 1544.100551 	 3799.712564
    2 	 220.387125 	 2348.410384 	 3868.739337
    3 	 95.140947 	 2544.213781 	 3803.700676
    4 	 329.008104 	 2744.939908 	 3884.319189
    5 	 713.467586 	 2820.880661 	 3799.712564
    6 	 493.936205 	 2891.109593 	 3808.576457
    7 	 339.479642 	 2878.705271 	 3852.024338
    8 	 211.817462 	 2971.460099 	 3835.116040
    9 	 2.146299 	 2911.985824 	 3801.427483
   10 	 301.197318 	 2947.897445 	 3840.675629
   11 	 400.299595 	 2976.249750 	 3804.335690
   12 	 321.133246 	 3000.281790 	 3782.923709
   13 	 232.019875 	 3018.328885 	 3832.890504
   14 	 387.520941 	 3208.023774 	 3785.391511
   15 	 367.909627 	 3157.504491 	 3863.371055
   16 	 312.363391 	 3138.850064 	 3817.009556
   17 	 312.093625 	 3151.782347 	 3795.886641
   18 	 376.556140 	 3076.207358 	 3795.886641
   19 	 308.883982 	 3220.022287 	 3798.164343
   20 	 861.861652 	 3245.253093 	 3859.996322
   21 	 345.071515 	 3192.003955 	 3789.005305
   22 	 10.558281 	 3102.606071 	 3801.213666
   23 	 346.194622 	 3152.343209 	 3841.632473
   24 	 834.880291 	 3198.132258 	 3853.753802
   25 	 108.281101 	 3243.007336 	 3853.753802
   26 	 1461.291785 	 3321.014365 	 3868.170670
   27 	 877.019282 	 3272.105743 	 3884.009892
   28 	 234.325520 	 3135.077075 	 3802.848796
   29 	 411.759136 	 3166.921846 	 3842.217040
   30 	 428.224410 	 3344.026815 	 3842.210497
   31 	 384.411390 	 3311.600054 	 3843.587777
   32 	 617.631380 	 3201.593488 	 3865.073555
   33 	 607.712666 	 3178.429187 	 3872.302979
   34 	 669.618474 	 3132.431483 	 3869.095080
   35 	 306.959617 	 3103.832725 	 3859.658410
   36 	 1132.815442 	 3111.629779 	 3823.292215
   37 	 20.041730 	 3207.497145 	 3858.111202
   38 	 109.670875 	 3156.240187 	 3858.111202
   39 	 313.439427 	 3168.283152 	 3858.111202
   40 	 276.435009 	 3206.683905 	 3812.342674
   41 	 392.995620 	 3264.519435 	 3862.815529
   42 	 224.225464 	 3124.041979 	 3831.452810
   43 	 402.939909 	 3108.233356 	 3787.210161
   44 	 220.759900 	 3257.345539 	 3798.295854
   45 	 318.234430 	 3242.159584 	 3798.337710
   46 	 323.362890 	 3228.389557 	 3809.421239
   47 	 852.509111 	 3277.583229 	 3819.887449
   48 	 632.105665 	 3295.948728 	 3844.910413
   49 	 270.684669 	 3341.289649 	 3832.127046
 