   0 	 0.702500 	 558.237663 	 3413.378339
    1 	 4.301285 	 1371.969937 	 3431.996912
    2 	 5.399981 	 1784.910348 	 3649.647005
    3 	 28.972169 	 2220.381788 	 3654.132125
    4 	 165.514772 	 2274.684196 	 3649.998467
    5 	 390.118745 	 2453.177380 	 3649.998467
    6 	 320.213380 	 2534.946840 	 3692.464352
    7 	 2.756391 	 2665.610836 	 3694.270688
    8 	 146.880208 	 2769.763515 	 3855.423706
    9 	 116.970858 	 2664.070218 	 3874.389751
   10 	 106.332831 	 2754.942242 	 3846.210794
   11 	 182.789022 	 2650.488642 	 3849.561322
   12 	 256.421286 	 2820.333876 	 3850.602302
   13 	 358.367043 	 2942.284316 	 3854.189018
   14 	 8.488729 	 2883.939990 	 3872.159520
   15 	 206.836308 	 2931.275061 	 3871.707548
   16 	 288.563058 	 3031.508114 	 3861.524391
   17 	 495.696116 	 3152.822136 	 3881.470637
   18 	 138.963150 	 3036.385060 	 3861.524391
   19 	 146.604039 	 3020.032568 	 3858.217101
   20 	 243.620330 	 3042.828203 	 3895.685678
   21 	 230.377067 	 3016.186621 	 3866.698166
   22 	 409.227939 	 2969.078759 	 3866.800689
   23 	 402.661246 	 2942.533900 	 3864.313767
   24 	 9.437221 	 3079.807922 	 3865.147943
   25 	 279.798750 	 3098.280779 	 3871.366747
   26 	 445.660577 	 3174.165404 	 3871.366747
   27 	 81.076144 	 3036.964993 	 3871.316122
   28 	 230.655188 	 2963.468709 	 3849.897906
   29 	 409.476413 	 3219.979069 	 3874.724814
   30 	 408.033488 	 3213.438473 	 3863.210906
   31 	 603.130518 	 3323.188013 	 3863.345020
   32 	 424.837132 	 3175.276688 	 3865.494299
   33 	 415.190931 	 3250.031537 	 3865.488839
   34 	 785.612296 	 3245.130053 	 3865.709687
   35 	 795.729736 	 3307.568001 	 3867.724919
   36 	 597.285930 	 3344.559235 	 3870.769424
   37 	 905.166782 	 3400.608049 	 3883.670036
   38 	 750.194579 	 3478.386072 	 3875.443118
   39 	 1530.078496 	 3445.400488 	 3871.560650
   40 	 366.085985 	 3378.135560 	 3872.805011
   41 	 1242.765432 	 3456.380885 	 3874.327768
   42 	 786.605092 	 3379.761087 	 3866.079541
   43 	 650.208805 	 3277.859759 	 3870.509791
   44 	 259.925137 	 3307.062272 	 3867.633196
   45 	 356.949064 	 3290.838809 	 3871.172589
   46 	 357.601096 	 3330.612423 	 3871.175386
   47 	 408.247624 	 3368.433314 	 3877.616589
   48 	 332.480557 	 3276.766125 	 3877.409229
   49 	 710.873936 	 3274.289850 	 3862.565404
 