   0 	 1.612999 	 463.154888 	 2952.101173
    1 	 0.261703 	 1219.907436 	 3102.236640
    2 	 0.963392 	 1777.846152 	 3514.088113
    3 	 0.928215 	 2016.305662 	 3420.701163
    4 	 35.305674 	 2282.036782 	 3768.324050
    5 	 103.709435 	 2445.146864 	 3796.944842
    6 	 132.152139 	 2575.782061 	 3580.628063
    7 	 58.190549 	 2707.669511 	 3658.808734
    8 	 309.623040 	 2820.059894 	 3810.242281
    9 	 307.168694 	 2834.407444 	 3731.101290
   10 	 49.091895 	 2746.744562 	 3830.234478
   11 	 694.024922 	 2944.371738 	 3857.183838
   12 	 937.796561 	 3098.046860 	 3877.002790
   13 	 306.889874 	 3075.725806 	 3877.002790
   14 	 419.955391 	 3067.628353 	 3839.856149
   15 	 300.708176 	 3133.053437 	 3838.149774
   16 	 320.152036 	 3113.163926 	 3838.353294
   17 	 353.421501 	 3256.628473 	 3843.282277
   18 	 353.560657 	 3187.984438 	 3839.019638
   19 	 309.869824 	 3252.200897 	 3877.391406
   20 	 296.730360 	 3134.129606 	 3862.674909
   21 	 301.659997 	 3103.333282 	 3770.058272
   22 	 267.236731 	 3121.541633 	 3800.828579
   23 	 361.167751 	 3076.865824 	 3785.758563
   24 	 513.780943 	 3168.827673 	 3810.951005
   25 	 513.986383 	 3201.916646 	 3871.291819
   26 	 183.124725 	 3204.486007 	 3825.300496
   27 	 428.634242 	 3278.631380 	 3855.681517
   28 	 246.010943 	 3141.305268 	 3830.293959
   29 	 627.459498 	 3249.657619 	 3855.710937
   30 	 1126.533437 	 3303.309318 	 3862.752601
   31 	 273.484445 	 3280.090318 	 3828.069640
   32 	 1284.171118 	 3364.696470 	 3856.339051
   33 	 220.015995 	 3320.116529 	 3875.400140
   34 	 361.337884 	 3252.605857 	 3875.436644
   35 	 343.414954 	 3270.099129 	 3846.446891
   36 	 370.912765 	 3287.189601 	 3845.639779
   37 	 343.394701 	 3327.877423 	 3858.607760
   38 	 273.158462 	 3101.918220 	 3845.766355
   39 	 371.187037 	 3166.145775 	 3856.881097
   40 	 359.629722 	 3138.570635 	 3881.749537
   41 	 495.422139 	 3317.558495 	 3865.010834
   42 	 344.822451 	 3213.671195 	 3848.181727
   43 	 352.095622 	 3306.821731 	 3868.056722
   44 	 98.430570 	 3340.197862 	 3868.056722
   45 	 647.605985 	 3266.660588 	 3827.224927
   46 	 752.448927 	 3331.925290 	 3860.727576
   47 	 392.069427 	 3346.518421 	 3859.485289
   48 	 229.843599 	 3320.518853 	 3868.193311
   49 	 717.105710 	 3309.641906 	 3853.788673
 