   0 	 2.188278 	 553.295481 	 3103.900732
    1 	 2.906021 	 1382.268388 	 3262.606824
    2 	 8.802638 	 1916.035749 	 3675.096302
    3 	 126.585425 	 2127.293716 	 3873.708616
    4 	 126.585425 	 2278.145508 	 3877.777457
    5 	 136.854566 	 2313.147522 	 3873.708616
    6 	 219.837997 	 2460.899664 	 3870.176658
    7 	 231.904728 	 2550.421079 	 3878.088979
    8 	 786.502841 	 2799.516374 	 3797.859059
    9 	 299.963709 	 2801.416265 	 3857.186273
   10 	 847.710255 	 2892.763430 	 3877.761276
   11 	 228.476854 	 2773.574012 	 3777.957494
   12 	 401.851588 	 2832.786042 	 3789.929094
   13 	 124.930668 	 2794.111706 	 3814.096485
   14 	 242.401342 	 2935.824022 	 3818.762676
   15 	 223.037068 	 2887.038564 	 3838.871836
   16 	 231.862912 	 2877.837494 	 3811.294944
   17 	 226.838778 	 2856.026575 	 3843.488005
   18 	 353.373659 	 2990.536824 	 3883.324851
   19 	 304.155469 	 3180.826630 	 3883.324851
   20 	 426.709300 	 3227.822388 	 3888.887728
   21 	 417.675921 	 3337.337706 	 3841.890603
   22 	 398.303796 	 3193.841039 	 3828.494770
   23 	 404.805770 	 3289.340495 	 3837.178340
   24 	 820.095309 	 3290.250679 	 3824.250044
   25 	 888.500162 	 3273.835099 	 3839.009631
   26 	 375.192967 	 3173.962007 	 3837.807455
   27 	 363.585421 	 3112.489344 	 3837.807455
   28 	 388.475585 	 3124.721475 	 3803.640143
   29 	 205.211277 	 3103.907092 	 3852.636015
   30 	 361.358778 	 3096.684055 	 3852.640436
   31 	 397.867913 	 3232.313792 	 3880.093321
   32 	 102.770750 	 3304.890280 	 3878.848416
   33 	 397.810236 	 3333.457207 	 3856.200296
   34 	 296.195893 	 3361.354477 	 3845.832899
   35 	 411.490624 	 3345.822916 	 3870.955666
   36 	 418.665094 	 3353.969929 	 3861.803204
   37 	 899.476359 	 3370.593863 	 3878.240909
   38 	 401.431272 	 3286.167094 	 3878.238297
   39 	 379.173754 	 3308.566075 	 3878.238297
   40 	 869.294219 	 3331.762294 	 3809.228692
   41 	 222.758377 	 3272.724194 	 3809.244037
   42 	 401.573776 	 3226.336114 	 3803.544239
   43 	 227.050591 	 3276.987160 	 3843.058874
   44 	 221.377467 	 3322.066701 	 3853.420265
   45 	 331.178897 	 3264.167359 	 3845.961734
   46 	 876.394127 	 3325.751409 	 3844.543994
   47 	 102.252457 	 3186.171339 	 3844.543994
   48 	 0.836746 	 3317.475112 	 3851.423077
   49 	 398.982578 	 3275.277277 	 3851.423077
 