   0 	 0.790060 	 513.823973 	 2858.872751
    1 	 6.001048 	 1287.867149 	 3385.675804
    2 	 96.412291 	 1862.545568 	 3445.629842
    3 	 226.029331 	 2271.918089 	 3803.724752
    4 	 25.506347 	 2379.871359 	 3722.966193
    5 	 361.117403 	 2356.737084 	 3818.715016
    6 	 176.682229 	 2440.002077 	 3839.509680
    7 	 318.068037 	 2487.145802 	 3763.751893
    8 	 579.497810 	 2751.334235 	 3847.299732
    9 	 827.113310 	 2780.888242 	 3729.746004
   10 	 300.908941 	 2846.123100 	 3830.183237
   11 	 421.448168 	 2871.410258 	 3884.217484
   12 	 386.741912 	 2859.133538 	 3884.331884
   13 	 396.359164 	 2854.087347 	 3873.986647
   14 	 190.350881 	 2841.082378 	 3877.957999
   15 	 390.384489 	 2779.981451 	 3827.314942
   16 	 386.575960 	 2837.730712 	 3864.182869
   17 	 234.378877 	 3052.419835 	 3858.303856
   18 	 398.583114 	 3228.360026 	 3848.691820
   19 	 344.842336 	 2996.604758 	 3877.714786
   20 	 379.888225 	 2989.437009 	 3858.303856
   21 	 213.163873 	 3154.636223 	 3885.916638
   22 	 210.769620 	 3045.101316 	 3827.617381
   23 	 421.113441 	 3154.898951 	 3708.213129
   24 	 98.227560 	 3044.798908 	 3719.884961
   25 	 394.043517 	 3110.261987 	 3791.228994
   26 	 384.666234 	 3102.259717 	 3802.374663
   27 	 102.737880 	 2997.643034 	 3877.374156
   28 	 303.886616 	 3053.228237 	 3877.374156
   29 	 325.994046 	 3049.941139 	 3882.351776
   30 	 372.430779 	 2852.322369 	 3884.830126
   31 	 380.225265 	 2993.427365 	 3882.351776
   32 	 402.850071 	 3052.327527 	 3876.871488
   33 	 407.695025 	 2958.177193 	 3879.359863
   34 	 95.620781 	 3158.599575 	 3851.880231
   35 	 376.586285 	 3060.914782 	 3866.161409
   36 	 226.307239 	 3194.164492 	 3862.685701
   37 	 360.993204 	 3180.723615 	 3860.202229
   38 	 9.110358 	 3094.190266 	 3886.494618
   39 	 6.988065 	 3076.448826 	 3874.020488
   40 	 364.392321 	 3064.901403 	 3867.156852
   41 	 398.067675 	 3260.388085 	 3849.286777
   42 	 376.674900 	 3219.094452 	 3873.970462
   43 	 381.867169 	 3318.596690 	 3861.270833
   44 	 251.784039 	 3259.245015 	 3858.391973
   45 	 382.017305 	 3066.937014 	 3847.120202
   46 	 397.863655 	 3123.846627 	 3847.675978
   47 	 460.317736 	 3373.277069 	 3867.027126
   48 	 186.746426 	 3411.264127 	 3835.967299
   49 	 367.707912 	 3352.540755 	 3858.015353
 