   0 	 0.288721 	 573.511222 	 3631.307065
    1 	 4.595256 	 1907.327225 	 3683.890009
    2 	 69.868912 	 2515.585906 	 3701.940718
    3 	 2.201029 	 2701.869674 	 3734.150330
    4 	 153.000109 	 2564.092249 	 3747.189688
    5 	 114.172088 	 2604.393881 	 3772.812087
    6 	 75.503501 	 2669.398231 	 3739.849977
    7 	 370.774527 	 2821.724520 	 3759.675497
    8 	 297.770033 	 2931.792317 	 3785.924691
    9 	 70.342157 	 2942.819506 	 3803.973101
   10 	 200.482906 	 2898.993219 	 3741.708189
   11 	 278.190967 	 2870.653666 	 3785.862311
   12 	 440.870373 	 3001.272015 	 3759.855422
   13 	 400.824904 	 2983.290623 	 3771.237409
   14 	 1146.072799 	 3292.549019 	 3764.829898
   15 	 747.989484 	 3282.664126 	 3780.874862
   16 	 740.411612 	 3238.908311 	 3788.917691
   17 	 517.248768 	 3163.461801 	 3797.317052
   18 	 638.896317 	 3168.317724 	 3807.869899
   19 	 638.910605 	 3055.627957 	 3791.768376
   20 	 811.497961 	 3091.373905 	 3788.080378
   21 	 635.068729 	 3216.533781 	 3774.894312
   22 	 339.848825 	 3345.006013 	 3831.747988
   23 	 294.932500 	 3297.796950 	 3852.007530
   24 	 1357.312723 	 3344.891410 	 3846.010705
   25 	 409.358216 	 3263.962705 	 3837.922266
   26 	 268.830693 	 3127.124852 	 3837.924838
   27 	 93.017709 	 3185.636691 	 3798.893678
   28 	 304.704285 	 3177.223739 	 3785.148235
   29 	 464.430156 	 3184.926440 	 3777.009851
   30 	 603.856074 	 3277.125180 	 3784.385302
   31 	 382.842155 	 3248.546133 	 3863.337833
   32 	 384.750679 	 3131.168188 	 3822.639699
   33 	 283.106945 	 3249.374133 	 3823.876335
   34 	 148.497975 	 3286.479556 	 3842.479535
   35 	 1257.275614 	 3307.160449 	 3830.904428
   36 	 267.519792 	 3311.116719 	 3832.563811
   37 	 1594.437756 	 3452.668678 	 3863.974890
   38 	 829.655583 	 3415.728657 	 3863.974890
   39 	 409.856306 	 3316.153014 	 3863.974890
   40 	 415.384360 	 3344.115196 	 3862.677858
   41 	 385.657088 	 3372.222389 	 3844.584284
   42 	 973.968052 	 3492.889602 	 3853.174385
   43 	 1484.765406 	 3455.897560 	 3832.460013
   44 	 326.037573 	 3331.209870 	 3859.197747
   45 	 404.714979 	 3366.127609 	 3868.659727
   46 	 404.356995 	 3352.917307 	 3877.707096
   47 	 315.689927 	 3356.727898 	 3869.192383
   48 	 378.270830 	 3356.125950 	 3864.426104
   49 	 806.536906 	 3346.333268 	 3854.278565
 