   0 	 1.440572 	 453.112536 	 3043.401088
    1 	 1.173706 	 1080.305420 	 3369.493757
    2 	 12.224228 	 1671.012292 	 3469.919564
    3 	 33.670074 	 2108.593166 	 3718.287446
    4 	 5.467074 	 2220.196774 	 3718.287446
    5 	 296.847259 	 2525.371271 	 3723.100275
    6 	 292.094837 	 2600.326360 	 3775.037968
    7 	 834.293785 	 2745.862113 	 3784.744891
    8 	 312.978848 	 2677.701567 	 3787.205162
    9 	 645.256534 	 2714.463151 	 3847.006478
   10 	 0.095433 	 2432.155218 	 3840.220765
   11 	 82.499551 	 2554.954678 	 3845.123535
   12 	 300.483672 	 2800.699741 	 3850.137488
   13 	 418.002392 	 2891.786003 	 3867.421744
   14 	 418.673511 	 2913.057331 	 3876.225870
   15 	 233.890042 	 2902.317139 	 3857.731948
   16 	 15.056514 	 2992.711191 	 3863.510456
   17 	 351.336765 	 3151.463140 	 3843.278601
   18 	 309.028859 	 3236.339123 	 3813.430354
   19 	 309.735957 	 3221.448088 	 3829.090943
   20 	 323.361454 	 3177.398507 	 3788.955188
   21 	 309.026351 	 3297.642119 	 3835.469929
   22 	 776.857870 	 3402.214952 	 3851.169748
   23 	 903.017300 	 3306.496338 	 3835.469929
   24 	 415.467255 	 3302.721675 	 3873.956584
   25 	 402.322721 	 3225.077712 	 3827.304496
   26 	 370.770386 	 3243.159858 	 3819.110719
   27 	 325.867240 	 3243.952060 	 3848.831186
   28 	 365.572275 	 3280.201755 	 3858.538206
   29 	 320.227474 	 3192.602122 	 3822.506099
   30 	 320.185693 	 3280.097119 	 3841.167247
   31 	 1451.668360 	 3323.824933 	 3850.982313
   32 	 1449.273998 	 3345.549310 	 3839.928243
   33 	 356.152238 	 3293.558108 	 3854.977321
   34 	 905.558070 	 3284.539418 	 3836.036653
   35 	 309.907376 	 3206.927208 	 3849.822840
   36 	 304.505187 	 3172.548171 	 3849.819557
   37 	 256.838500 	 3161.627026 	 3876.473271
   38 	 302.191050 	 3178.470517 	 3797.430555
   39 	 363.186821 	 3212.598732 	 3805.126573
   40 	 736.173759 	 3250.164758 	 3803.893168
   41 	 405.639447 	 3271.677122 	 3829.366077
   42 	 355.216021 	 3190.814439 	 3839.185060
   43 	 710.386238 	 3208.699139 	 3802.175598
   44 	 395.059623 	 3261.707544 	 3787.667868
   45 	 608.644378 	 3320.764643 	 3806.623686
   46 	 388.355428 	 3224.945919 	 3765.814892
   47 	 398.061770 	 3295.350264 	 3787.154404
   48 	 154.031759 	 3274.096953 	 3839.724321
   49 	 1516.374295 	 3408.761429 	 3842.898995
 