   0 	 1.210381 	 504.770992 	 2617.395205
    1 	 1.075502 	 1417.652006 	 3518.482846
    2 	 1.666767 	 1905.247862 	 3605.840137
    3 	 70.190942 	 2165.476781 	 3746.263470
    4 	 130.638000 	 2323.688781 	 3775.684009
    5 	 1097.010332 	 2585.745906 	 3800.556768
    6 	 329.204845 	 2571.538004 	 3820.784987
    7 	 5.826779 	 2460.553346 	 3845.523499
    8 	 159.673356 	 2608.096134 	 3844.982014
    9 	 1.305556 	 2796.965995 	 3823.880753
   10 	 379.505605 	 2812.106008 	 3785.351237
   11 	 224.005593 	 2781.710793 	 3790.910229
   12 	 302.599902 	 3009.490312 	 3784.969285
   13 	 6.524110 	 2876.181792 	 3794.598922
   14 	 282.901741 	 2943.191200 	 3795.759399
   15 	 135.205976 	 2926.201858 	 3808.588002
   16 	 2.001682 	 2847.908336 	 3798.194144
   17 	 350.178134 	 2855.600633 	 3796.270729
   18 	 308.807730 	 3025.682755 	 3801.919169
   19 	 368.399128 	 3034.076573 	 3804.385954
   20 	 371.202183 	 2811.548287 	 3804.385954
   21 	 287.840205 	 2705.683680 	 3801.470934
   22 	 200.317436 	 2880.808782 	 3789.719794
   23 	 239.445982 	 2946.426072 	 3828.417523
   24 	 126.150153 	 2935.342930 	 3806.105624
   25 	 291.551871 	 2893.681940 	 3725.061745
   26 	 369.083941 	 3072.293980 	 3799.314903
   27 	 197.264609 	 2968.186627 	 3831.037494
   28 	 377.457813 	 3173.702740 	 3821.475372
   29 	 207.438439 	 3049.010009 	 3834.120418
   30 	 171.913629 	 3059.338740 	 3833.989016
   31 	 401.727252 	 3117.093669 	 3881.599934
   32 	 345.462375 	 2991.083024 	 3877.087237
   33 	 321.479759 	 2988.215189 	 3877.087237
   34 	 321.964747 	 2848.691673 	 3877.087237
   35 	 191.309226 	 2858.565410 	 3887.242879
   36 	 105.111488 	 2948.387922 	 3884.044927
   37 	 222.238418 	 3123.305692 	 3890.279636
   38 	 441.730470 	 3125.044487 	 3874.612158
   39 	 244.666947 	 3121.030919 	 3865.379800
   40 	 316.417514 	 3059.314731 	 3900.221754
   41 	 483.817110 	 3163.514351 	 3897.738670
   42 	 409.746991 	 3275.745952 	 3884.272343
   43 	 374.688466 	 3366.589845 	 3890.287020
   44 	 97.558330 	 3338.845464 	 3882.424643
   45 	 1646.318645 	 3431.345371 	 3885.546419
   46 	 380.059656 	 3298.038817 	 3810.039007
   47 	 394.229641 	 3232.302191 	 3871.362339
   48 	 777.578943 	 3440.375786 	 3809.867688
   49 	 777.578943 	 3322.338478 	 3857.300379
 