   0 	 0.053369 	 505.451067 	 3217.165847
    1 	 3.000114 	 1431.272108 	 3484.193119
    2 	 25.074009 	 2057.972757 	 3623.755552
    3 	 273.145915 	 2361.803173 	 3760.570805
    4 	 0.904484 	 2482.471910 	 3760.184108
    5 	 198.789300 	 2668.677219 	 3787.038168
    6 	 202.857999 	 2660.038585 	 3787.042884
    7 	 292.709948 	 2880.423062 	 3764.474997
    8 	 209.006652 	 2911.418232 	 3833.116934
    9 	 390.756015 	 2937.288589 	 3814.853400
   10 	 242.526362 	 3063.936594 	 3813.619255
   11 	 296.931105 	 3182.132233 	 3816.372811
   12 	 400.225366 	 3153.924951 	 3764.907134
   13 	 315.680137 	 3067.612807 	 3817.813140
   14 	 883.749682 	 3143.415016 	 3799.321023
   15 	 318.948146 	 3144.082822 	 3811.736209
   16 	 47.620261 	 3122.417056 	 3834.538354
   17 	 353.895422 	 3266.558972 	 3837.282166
   18 	 96.731281 	 3193.715805 	 3842.379043
   19 	 354.635425 	 3209.331497 	 3870.484804
   20 	 331.983230 	 3346.271500 	 3870.484804
   21 	 896.361362 	 3296.591745 	 3850.093572
   22 	 90.105268 	 3226.348688 	 3855.507002
   23 	 347.846819 	 3209.488680 	 3855.507002
   24 	 408.637256 	 3319.459414 	 3855.569906
   25 	 314.805581 	 3277.625379 	 3852.755995
   26 	 314.429214 	 3367.695424 	 3854.148015
   27 	 390.819723 	 3339.864741 	 3854.150500
   28 	 70.152498 	 3331.899782 	 3863.788782
   29 	 1343.874010 	 3455.421544 	 3867.419524
   30 	 377.071724 	 3411.198079 	 3868.793397
   31 	 191.104479 	 3305.209902 	 3874.116322
   32 	 402.827082 	 3304.342093 	 3862.337439
   33 	 335.395762 	 3338.738909 	 3858.168946
   34 	 335.377085 	 3420.681937 	 3852.097570
   35 	 324.409556 	 3392.414982 	 3837.535083
   36 	 853.288609 	 3404.590154 	 3847.429176
   37 	 34.891045 	 3471.916768 	 3869.491246
   38 	 763.679747 	 3482.730306 	 3843.751203
   39 	 875.663560 	 3521.836870 	 3879.453524
   40 	 402.222578 	 3434.394695 	 3879.769832
   41 	 605.985852 	 3476.032482 	 3874.831087
   42 	 421.969688 	 3422.570441 	 3878.568808
   43 	 363.655500 	 3447.092147 	 3873.442669
   44 	 394.075861 	 3465.049667 	 3870.121957
   45 	 411.303496 	 3538.266090 	 3866.657499
   46 	 395.954787 	 3473.870764 	 3866.734959
   47 	 373.576540 	 3410.025107 	 3864.253812
   48 	 266.592195 	 3426.194464 	 3864.896104
   49 	 306.247952 	 3427.161764 	 3866.138152
 