   0 	 0.801300 	 496.788367 	 2909.049152
    1 	 2.602926 	 1302.769837 	 3568.178865
    2 	 28.400032 	 1844.878009 	 3555.766859
    3 	 26.050598 	 2076.672050 	 3555.903615
    4 	 152.925269 	 2241.195152 	 3575.125693
    5 	 90.503101 	 2509.373733 	 3687.543449
    6 	 93.631309 	 2516.671457 	 3758.316858
    7 	 244.190856 	 2747.164234 	 3764.445563
    8 	 366.020761 	 2652.996847 	 3765.254042
    9 	 120.124321 	 2718.321020 	 3782.686907
   10 	 122.507327 	 2728.476442 	 3776.409901
   11 	 240.716386 	 2785.470804 	 3793.652109
   12 	 388.397725 	 2856.593901 	 3875.094376
   13 	 89.021894 	 2716.247063 	 3895.387598
   14 	 327.519320 	 2895.749332 	 3895.764558
   15 	 351.029744 	 2800.150271 	 3814.610424
   16 	 289.973605 	 2897.467994 	 3814.610424
   17 	 697.044842 	 3092.378848 	 3833.160732
   18 	 424.937879 	 2971.685140 	 3803.501839
   19 	 351.505091 	 2917.724112 	 3812.366348
   20 	 421.628261 	 3076.838206 	 3812.433524
   21 	 607.549481 	 3145.934749 	 3864.009814
   22 	 16.129270 	 3022.720239 	 3834.168482
   23 	 831.749346 	 3179.674361 	 3853.404687
   24 	 1.589008 	 3048.779776 	 3841.623859
   25 	 311.748076 	 3090.979896 	 3837.631283
   26 	 37.951577 	 3081.575593 	 3824.335794
   27 	 426.016349 	 3163.188941 	 3743.016660
   28 	 371.130979 	 3212.869990 	 3784.773281
   29 	 332.938589 	 3164.710394 	 3812.188189
   30 	 397.851387 	 3078.756258 	 3789.684500
   31 	 491.472745 	 3238.105153 	 3790.142612
   32 	 1574.097264 	 3292.956364 	 3785.841332
   33 	 618.563689 	 3304.301537 	 3825.073888
   34 	 621.891674 	 3276.791993 	 3814.505401
   35 	 80.837747 	 3303.487817 	 3814.440889
   36 	 346.176514 	 3339.184556 	 3813.806561
   37 	 401.806413 	 3311.366729 	 3855.397732
   38 	 741.035682 	 3331.505022 	 3811.176520
   39 	 397.941456 	 3212.110128 	 3762.268674
   40 	 224.240805 	 3243.058638 	 3822.512521
   41 	 1472.330708 	 3330.900588 	 3820.054192
   42 	 542.008909 	 3328.205552 	 3837.024304
   43 	 55.672457 	 3122.470485 	 3856.812541
   44 	 897.566348 	 3253.312202 	 3865.042778
   45 	 893.920908 	 3280.663769 	 3857.698039
   46 	 329.346739 	 3217.860903 	 3797.754920
   47 	 331.902674 	 3205.648683 	 3827.382676
   48 	 899.278442 	 3256.211247 	 3865.108685
   49 	 405.004487 	 3163.576001 	 3868.217037
 