   0 	 0.440027 	 613.290713 	 3210.392792
    1 	 5.527736 	 1287.442277 	 3756.264996
    2 	 106.607876 	 1846.859816 	 3692.919603
    3 	 90.025090 	 2152.163766 	 3784.122573
    4 	 2.943581 	 2281.537121 	 3830.475210
    5 	 154.234013 	 2415.569336 	 3780.435911
    6 	 111.750821 	 2604.501580 	 3820.619517
    7 	 54.317515 	 2706.986889 	 3819.238461
    8 	 141.220001 	 2577.275565 	 3800.709383
    9 	 109.363636 	 2744.751131 	 3845.868970
   10 	 110.354780 	 2952.284677 	 3830.744465
   11 	 3.142326 	 2867.917830 	 3851.921104
   12 	 644.861645 	 2944.555205 	 3876.665195
   13 	 222.956918 	 2917.000623 	 3846.942384
   14 	 106.107181 	 3023.791775 	 3817.641898
   15 	 208.042746 	 2964.401823 	 3814.173200
   16 	 396.958838 	 3022.871030 	 3817.691323
   17 	 354.847006 	 3157.262211 	 3834.262665
   18 	 72.823216 	 2946.805614 	 3845.412974
   19 	 383.171787 	 3257.694575 	 3843.120143
   20 	 1094.276851 	 3308.439455 	 3871.417680
   21 	 349.762110 	 3270.046778 	 3851.482959
   22 	 235.140541 	 3174.195671 	 3850.699182
   23 	 286.181487 	 3210.441518 	 3850.582359
   24 	 355.919651 	 3130.493330 	 3847.805445
   25 	 208.882803 	 2991.176287 	 3868.159222
   26 	 265.641644 	 3049.933108 	 3882.022601
   27 	 311.308020 	 2989.998719 	 3882.097104
   28 	 286.383069 	 3089.032287 	 3870.479543
   29 	 356.978424 	 3247.685567 	 3891.012502
   30 	 410.579307 	 3157.557329 	 3888.419366
   31 	 899.132096 	 3206.452771 	 3885.875580
   32 	 401.573456 	 3193.254579 	 3846.930217
   33 	 482.307442 	 3087.419330 	 3825.907354
   34 	 714.978233 	 3287.564199 	 3848.697299
   35 	 198.878422 	 3283.405859 	 3850.580391
   36 	 381.699799 	 3338.287710 	 3841.189100
   37 	 337.842422 	 3341.256570 	 3882.042121
   38 	 351.941283 	 3415.473502 	 3860.697965
   39 	 316.649767 	 3345.711266 	 3856.523437
   40 	 910.528953 	 3426.839001 	 3854.007821
   41 	 182.050795 	 3418.397122 	 3850.463060
   42 	 226.255076 	 3361.598156 	 3850.457785
   43 	 401.900784 	 3227.328888 	 3871.855094
   44 	 913.995431 	 3348.200025 	 3870.968857
   45 	 356.952449 	 3241.133343 	 3845.758250
   46 	 1537.134824 	 3422.939403 	 3868.449346
   47 	 353.950648 	 3401.906400 	 3868.456098
   48 	 933.963689 	 3427.284396 	 3852.508174
   49 	 332.639242 	 3429.520043 	 3868.483426
 