   0 	 0.930246 	 424.339727 	 3701.924470
    1 	 0.338419 	 1070.770963 	 3748.311347
    2 	 21.004292 	 1797.760424 	 3749.535906
    3 	 71.150381 	 2042.503056 	 3556.150434
    4 	 11.502033 	 2207.053054 	 3591.273596
    5 	 239.685625 	 2282.351436 	 3608.774658
    6 	 91.494021 	 2345.593887 	 3618.364378
    7 	 182.084866 	 2491.485630 	 3744.584754
    8 	 203.264132 	 2545.347735 	 3669.662078
    9 	 101.643616 	 2367.489812 	 3775.522604
   10 	 40.123344 	 2630.944710 	 3775.522604
   11 	 265.464726 	 2694.215018 	 3853.485945
   12 	 243.713725 	 2810.133646 	 3834.545899
   13 	 249.171250 	 2953.427767 	 3813.151189
   14 	 299.356796 	 2825.132159 	 3793.416712
   15 	 289.392732 	 3078.996328 	 3790.953503
   16 	 69.113767 	 2933.140014 	 3839.130661
   17 	 285.153590 	 2938.205669 	 3829.717961
   18 	 292.099389 	 3125.451418 	 3883.548207
   19 	 22.745013 	 2800.830794 	 3883.548207
   20 	 249.661136 	 2937.577768 	 3869.046661
   21 	 397.451773 	 3243.556800 	 3843.108027
   22 	 52.690191 	 2928.418707 	 3876.899217
   23 	 64.552241 	 3061.378604 	 3838.876245
   24 	 14.040059 	 3098.968419 	 3839.532885
   25 	 326.828297 	 2989.195298 	 3861.862835
   26 	 284.912779 	 3175.070892 	 3809.000735
   27 	 285.382878 	 3235.453223 	 3811.694399
   28 	 776.740616 	 3143.291708 	 3811.694399
   29 	 294.966092 	 3174.332770 	 3849.808935
   30 	 97.567782 	 3247.584193 	 3854.199847
   31 	 298.581891 	 3238.426105 	 3854.199847
   32 	 404.115366 	 3243.153689 	 3831.919857
   33 	 288.795415 	 3282.564766 	 3840.432540
   34 	 299.238761 	 3260.110347 	 3853.959376
   35 	 207.651289 	 3224.045478 	 3870.435380
   36 	 608.997434 	 3250.245631 	 3864.246526
   37 	 287.714020 	 3280.184088 	 3864.246526
   38 	 745.167785 	 3339.641150 	 3856.839323
   39 	 387.791468 	 3302.949362 	 3856.839323
   40 	 643.417688 	 3273.468557 	 3867.172343
   41 	 375.955846 	 3287.680911 	 3869.024759
   42 	 348.595985 	 3300.381298 	 3873.408720
   43 	 320.815019 	 3340.088748 	 3873.408720
   44 	 879.700921 	 3381.118306 	 3871.263108
   45 	 495.837842 	 3355.950399 	 3887.066440
   46 	 385.547641 	 3396.390826 	 3866.024186
   47 	 821.648216 	 3358.699248 	 3866.024186
   48 	 294.895165 	 3382.524909 	 3864.238965
   49 	 316.569655 	 3286.493320 	 3864.584377
 