   0 	 0.198890 	 515.275633 	 3246.298105
    1 	 2.047816 	 1535.933829 	 3665.473252
    2 	 102.301321 	 2001.140619 	 3785.256439
    3 	 208.766339 	 2224.652531 	 3810.774882
    4 	 90.216956 	 2599.688156 	 3851.803200
    5 	 92.302466 	 2734.475403 	 3862.931272
    6 	 93.435993 	 2904.772519 	 3858.228406
    7 	 280.379395 	 2925.537505 	 3856.969652
    8 	 820.418025 	 3242.511571 	 3877.281076
    9 	 414.685617 	 3177.551002 	 3859.982585
   10 	 301.170108 	 3249.144150 	 3863.403917
   11 	 98.855787 	 3326.769761 	 3865.132205
   12 	 98.741884 	 3251.807515 	 3865.058157
   13 	 3.589942 	 3242.528684 	 3884.035635
   14 	 367.649816 	 3406.750591 	 3883.620934
   15 	 423.665530 	 3468.659826 	 3882.522056
   16 	 199.263412 	 3390.453462 	 3878.896796
   17 	 308.873576 	 3394.705495 	 3878.758757
   18 	 879.560496 	 3437.962183 	 3870.049109
   19 	 992.431318 	 3506.157225 	 3865.099552
   20 	 1401.609551 	 3449.020102 	 3862.346319
   21 	 416.497197 	 3389.384286 	 3866.584363
   22 	 332.043426 	 3438.434117 	 3864.436410
   23 	 248.355836 	 3418.097198 	 3877.761709
   24 	 340.861845 	 3375.430131 	 3877.761709
   25 	 374.691601 	 3382.177265 	 3848.997930
   26 	 331.699543 	 3382.446729 	 3834.492258
   27 	 341.352866 	 3307.300630 	 3827.651956
   28 	 404.578975 	 3133.425051 	 3815.836899
   29 	 4.209084 	 3194.045896 	 3831.560943
   30 	 150.665914 	 3287.064638 	 3830.978304
   31 	 369.544440 	 3266.453842 	 3877.764253
   32 	 327.317783 	 3267.618147 	 3877.764253
   33 	 811.494366 	 3257.948657 	 3808.765839
   34 	 807.077189 	 3274.292160 	 3832.072557
   35 	 870.521744 	 3276.548999 	 3851.559003
   36 	 60.597895 	 3109.987392 	 3851.551371
   37 	 107.562242 	 3102.662553 	 3886.872436
   38 	 225.608321 	 3230.140676 	 3862.513697
   39 	 220.457601 	 3241.100028 	 3838.806567
   40 	 306.000258 	 3259.269392 	 3848.385776
   41 	 1689.605400 	 3311.690364 	 3843.720191
   42 	 1705.856004 	 3365.401499 	 3848.968683
   43 	 1696.187395 	 3399.118850 	 3847.895475
   44 	 1682.484487 	 3393.296790 	 3840.981000
   45 	 412.124295 	 3227.937416 	 3850.878645
   46 	 903.657562 	 3316.800834 	 3849.874340
   47 	 389.328044 	 3186.392356 	 3841.889727
   48 	 106.435651 	 3270.726173 	 3851.805760
   49 	 397.521083 	 3274.628139 	 3845.273392
 