   0 	 0.229257 	 494.098784 	 3284.280697
    1 	 0.917814 	 1189.176604 	 3380.527036
    2 	 61.737662 	 1893.521471 	 3519.262081
    3 	 7.732996 	 2076.175125 	 3684.763631
    4 	 23.672558 	 2192.845832 	 3685.490671
    5 	 9.032770 	 2488.991936 	 3603.836015
    6 	 314.506377 	 2594.849561 	 3752.259026
    7 	 47.579341 	 2674.145526 	 3759.839023
    8 	 277.590173 	 2701.844023 	 3804.261265
    9 	 277.136253 	 2635.109329 	 3699.129767
   10 	 51.087911 	 2800.926666 	 3682.307325
   11 	 274.916386 	 2781.200165 	 3685.197884
   12 	 0.339490 	 2966.435211 	 3702.456097
   13 	 367.382594 	 3127.046586 	 3766.339847
   14 	 303.585388 	 3060.884747 	 3766.345959
   15 	 378.567836 	 3138.716126 	 3774.458169
   16 	 335.397925 	 3151.928218 	 3791.072464
   17 	 6.597056 	 3068.739369 	 3834.462879
   18 	 878.917465 	 3270.964051 	 3834.508446
   19 	 290.545214 	 3177.131540 	 3836.711926
   20 	 515.703070 	 3106.777820 	 3816.388353
   21 	 512.165881 	 3145.261628 	 3846.728199
   22 	 402.610720 	 3215.819661 	 3862.120986
   23 	 408.088942 	 3252.457110 	 3861.643974
   24 	 257.581345 	 3206.878939 	 3861.646406
   25 	 408.604466 	 3279.960619 	 3857.918780
   26 	 290.510241 	 3325.814558 	 3839.794690
   27 	 409.223096 	 3474.794000 	 3839.791243
   28 	 239.824859 	 3472.264325 	 3839.386474
   29 	 305.683650 	 3456.625248 	 3858.796663
   30 	 401.910601 	 3520.915525 	 3858.664110
   31 	 717.908124 	 3502.634066 	 3874.608414
   32 	 90.325377 	 3335.423335 	 3856.438383
   33 	 409.344252 	 3433.110469 	 3866.437141
   34 	 417.698660 	 3452.233992 	 3881.656694
   35 	 417.161709 	 3396.958496 	 3886.649671
   36 	 348.713104 	 3450.662355 	 3881.656694
   37 	 832.890669 	 3529.913807 	 3881.656694
   38 	 410.443134 	 3429.325564 	 3881.656694
   39 	 1517.856306 	 3444.192122 	 3855.528765
   40 	 335.760767 	 3408.626683 	 3845.196072
   41 	 666.934469 	 3433.682398 	 3866.388390
   42 	 1595.232618 	 3502.806740 	 3866.388390
   43 	 370.782042 	 3367.416788 	 3881.235702
   44 	 1236.827589 	 3452.370735 	 3881.235702
   45 	 402.731185 	 3365.640904 	 3861.897414
   46 	 1015.471299 	 3319.466923 	 3861.896399
   47 	 1428.197636 	 3443.323462 	 3860.653657
   48 	 884.193712 	 3393.451135 	 3865.034799
   49 	 228.402833 	 3295.074435 	 3873.053001
 