   0 	 0.325543 	 421.129262 	 3564.151531
    1 	 4.188780 	 1574.461163 	 3573.710010
    2 	 48.905777 	 2233.927393 	 3656.619372
    3 	 131.908866 	 2570.732273 	 3681.409219
    4 	 148.577813 	 2722.696560 	 3765.416391
    5 	 125.611938 	 2815.622054 	 3679.739991
    6 	 125.710091 	 2914.472166 	 3820.434598
    7 	 243.935252 	 2959.541628 	 3820.436978
    8 	 361.659371 	 3015.378947 	 3828.951232
    9 	 103.723279 	 2881.430861 	 3821.620155
   10 	 330.810626 	 2956.090396 	 3818.752955
   11 	 183.528185 	 3001.849372 	 3828.646589
   12 	 365.366131 	 3159.506953 	 3888.258173
   13 	 227.395459 	 3124.981000 	 3810.307973
   14 	 359.190375 	 3118.243159 	 3813.792336
   15 	 227.267523 	 3100.521408 	 3881.689619
   16 	 277.737976 	 3071.392246 	 3881.689619
   17 	 418.196915 	 3242.462713 	 3841.931481
   18 	 1167.664466 	 3253.867213 	 3833.349225
   19 	 364.693573 	 3232.637540 	 3844.777836
   20 	 366.745752 	 3304.487609 	 3833.763338
   21 	 410.564005 	 3238.290311 	 3862.014219
   22 	 359.298937 	 3376.896341 	 3833.755250
   23 	 361.667501 	 3283.613003 	 3879.058904
   24 	 863.750783 	 3166.240850 	 3872.336201
   25 	 317.588916 	 3222.153590 	 3872.336201
   26 	 350.088004 	 3219.363194 	 3843.789224
   27 	 195.769986 	 3190.583441 	 3791.956845
   28 	 1379.240879 	 3278.158973 	 3786.516105
   29 	 808.816495 	 3261.095809 	 3823.608080
   30 	 355.754045 	 3152.826699 	 3802.273357
   31 	 291.360725 	 3213.221680 	 3839.041161
   32 	 344.896797 	 3304.857647 	 3839.041161
   33 	 1291.940045 	 3333.435934 	 3843.420224
   34 	 1120.082909 	 3301.411079 	 3830.568529
   35 	 361.676615 	 3327.101286 	 3848.640809
   36 	 822.362414 	 3400.509918 	 3849.900080
   37 	 391.619041 	 3270.030461 	 3850.733330
   38 	 357.223524 	 3284.301044 	 3843.814384
   39 	 360.773137 	 3306.326939 	 3818.628536
   40 	 318.796579 	 3267.628684 	 3818.607768
   41 	 373.779564 	 3222.980330 	 3856.242949
   42 	 104.540153 	 3266.008645 	 3856.242949
   43 	 418.173050 	 3280.640039 	 3828.263228
   44 	 179.487734 	 3363.064788 	 3806.574562
   45 	 364.692262 	 3245.294682 	 3811.597301
   46 	 6.489105 	 3292.478646 	 3836.397954
   47 	 354.325501 	 3339.054993 	 3828.541838
   48 	 925.721459 	 3388.721671 	 3803.768647
   49 	 353.863088 	 3345.516666 	 3825.720711
 