   0 	 0.640023 	 544.043048 	 3055.353325
    1 	 18.915883 	 1264.945890 	 3434.954836
    2 	 8.652427 	 1935.388159 	 3683.251346
    3 	 57.487046 	 2310.966334 	 3740.318581
    4 	 156.874857 	 2460.438360 	 3787.045254
    5 	 4.775649 	 2610.866532 	 3740.327285
    6 	 171.314482 	 2718.245337 	 3749.051706
    7 	 70.239936 	 2683.374669 	 3853.591516
    8 	 311.616705 	 3043.348846 	 3787.503894
    9 	 305.650452 	 2836.158265 	 3845.127661
   10 	 305.650452 	 3021.981655 	 3844.794349
   11 	 189.979345 	 2871.392053 	 3804.584885
   12 	 757.334141 	 2990.109023 	 3805.817905
   13 	 326.750132 	 3070.830827 	 3821.795218
   14 	 398.674112 	 3129.728484 	 3815.878418
   15 	 491.208779 	 3114.166052 	 3777.233226
   16 	 194.168566 	 3086.456893 	 3770.565229
   17 	 383.868407 	 3068.471397 	 3773.858468
   18 	 384.316715 	 3110.606471 	 3771.266677
   19 	 211.063098 	 2984.174501 	 3775.085730
   20 	 58.586291 	 2966.538263 	 3777.905635
   21 	 285.616690 	 2967.825238 	 3777.905635
   22 	 396.784202 	 3083.804812 	 3802.781127
   23 	 378.624740 	 3076.491903 	 3844.394130
   24 	 386.354395 	 3190.763522 	 3844.397418
   25 	 18.245958 	 3339.265519 	 3884.181764
   26 	 1717.008226 	 3346.111825 	 3884.184419
   27 	 381.018343 	 3287.296063 	 3799.208084
   28 	 412.864891 	 3286.708113 	 3846.612213
   29 	 294.177042 	 3281.723023 	 3790.504490
   30 	 403.428250 	 3325.404012 	 3800.987541
   31 	 328.217116 	 3339.248164 	 3790.258706
   32 	 353.600494 	 3255.228900 	 3790.059562
   33 	 872.448366 	 3258.338784 	 3791.218730
   34 	 369.421602 	 3347.210118 	 3791.569706
   35 	 387.921528 	 3345.560039 	 3824.196332
   36 	 378.569482 	 3292.672101 	 3811.096275
   37 	 272.761725 	 3257.221642 	 3888.437393
   38 	 1247.310397 	 3377.239091 	 3893.422437
   39 	 469.126153 	 3251.039225 	 3878.242990
   40 	 371.614640 	 3227.121109 	 3878.339533
   41 	 376.672917 	 3289.139227 	 3861.271068
   42 	 846.367737 	 3350.805099 	 3861.335772
   43 	 304.168706 	 3153.581778 	 3848.917077
   44 	 381.247587 	 3203.825890 	 3858.219998
   45 	 1595.853506 	 3272.908483 	 3845.330897
   46 	 331.165698 	 3353.384144 	 3860.872404
   47 	 331.317043 	 3252.587661 	 3827.468963
   48 	 355.516016 	 3274.140016 	 3831.717262
   49 	 482.610640 	 3345.610724 	 3816.714140
 