   0 	 0.045120 	 558.592666 	 3436.782485
    1 	 6.631426 	 1320.912955 	 3518.505685
    2 	 39.883972 	 1798.716209 	 3576.534340
    3 	 4.383480 	 2216.493813 	 3728.995633
    4 	 10.804013 	 2411.808906 	 3748.559233
    5 	 353.001872 	 2409.949779 	 3753.520615
    6 	 169.083602 	 2651.286604 	 3699.425130
    7 	 129.871858 	 2535.388339 	 3772.742309
    8 	 385.628576 	 2651.912342 	 3701.761282
    9 	 1169.549026 	 2763.723519 	 3762.007122
   10 	 156.535564 	 2710.618955 	 3762.007122
   11 	 799.590187 	 2898.411123 	 3804.462033
   12 	 406.317508 	 2909.095360 	 3801.581185
   13 	 315.577779 	 2873.425459 	 3806.123649
   14 	 714.142534 	 3012.284695 	 3806.123649
   15 	 1169.106521 	 3060.603318 	 3801.620572
   16 	 230.989307 	 3023.007247 	 3829.943424
   17 	 413.914441 	 3068.329606 	 3830.663592
   18 	 371.365035 	 3167.641950 	 3835.483200
   19 	 310.739473 	 3159.287649 	 3879.631784
   20 	 593.321247 	 3084.976984 	 3879.309736
   21 	 272.326875 	 3235.573417 	 3885.232540
   22 	 390.614724 	 3208.076083 	 3884.400436
   23 	 421.922177 	 3233.734605 	 3894.378522
   24 	 929.748547 	 3306.533501 	 3890.944358
   25 	 107.177730 	 3349.913143 	 3892.165927
   26 	 825.922771 	 3358.484880 	 3893.319310
   27 	 338.581885 	 3325.654884 	 3893.476665
   28 	 340.047849 	 3424.820482 	 3889.425910
   29 	 79.929529 	 3245.534142 	 3890.865344
   30 	 883.541177 	 3360.199326 	 3886.697857
   31 	 867.656869 	 3402.906143 	 3875.604205
   32 	 216.766326 	 3329.951028 	 3894.327574
   33 	 406.339447 	 3359.558587 	 3892.108849
   34 	 984.607825 	 3396.323072 	 3893.838169
   35 	 644.694759 	 3396.672753 	 3894.548328
   36 	 250.381872 	 3337.327612 	 3893.605465
   37 	 699.202572 	 3325.914984 	 3875.637301
   38 	 416.541850 	 3296.551461 	 3895.503843
   39 	 1076.714573 	 3415.697551 	 3896.045283
   40 	 397.902964 	 3361.732296 	 3878.142192
   41 	 404.625294 	 3406.650144 	 3886.011605
   42 	 35.033620 	 3302.481751 	 3878.592480
   43 	 354.007069 	 3237.806912 	 3889.203818
   44 	 355.447542 	 3291.362650 	 3889.203818
   45 	 320.995031 	 3316.066775 	 3889.203818
   46 	 1610.605825 	 3379.743319 	 3894.425626
   47 	 371.921350 	 3273.702766 	 3884.191244
   48 	 355.097429 	 3244.479030 	 3884.161715
   49 	 627.747207 	 3318.240789 	 3894.152170
 