   0 	 0.347645 	 542.319271 	 3282.788368
    1 	 1.222168 	 1327.905912 	 3617.095524
    2 	 145.716919 	 2028.820147 	 3622.012866
    3 	 339.119069 	 2425.826074 	 3715.658304
    4 	 347.565049 	 2461.854237 	 3758.552174
    5 	 423.927784 	 2813.837088 	 3859.158474
    6 	 377.495455 	 2773.752016 	 3859.158474
    7 	 329.539546 	 2814.660741 	 3859.023349
    8 	 419.392861 	 2903.262916 	 3859.023349
    9 	 787.914204 	 2905.956394 	 3823.055630
   10 	 136.987028 	 2771.720755 	 3832.349070
   11 	 264.126938 	 2887.150849 	 3834.395049
   12 	 150.066007 	 2928.749380 	 3803.989212
   13 	 287.169689 	 3065.191518 	 3804.111941
   14 	 1.684865 	 3109.191326 	 3791.802659
   15 	 407.123913 	 3074.993825 	 3788.864287
   16 	 406.599186 	 3186.908213 	 3842.575145
   17 	 109.179366 	 2990.148155 	 3783.385621
   18 	 369.299637 	 2986.274569 	 3811.694830
   19 	 164.533741 	 3079.723856 	 3821.675603
   20 	 516.471460 	 3172.425382 	 3821.675603
   21 	 377.912098 	 3011.411456 	 3779.693836
   22 	 158.519724 	 3057.309567 	 3779.693836
   23 	 309.765412 	 3113.921406 	 3804.441925
   24 	 356.012870 	 3057.069402 	 3873.674962
   25 	 756.557034 	 3178.113414 	 3806.621617
   26 	 363.375694 	 3144.681096 	 3830.225617
   27 	 318.014135 	 3015.423106 	 3806.627717
   28 	 356.546710 	 3040.347089 	 3803.687983
   29 	 552.677884 	 3113.334659 	 3851.792568
   30 	 350.962461 	 3151.991940 	 3850.869537
   31 	 315.326289 	 3156.562937 	 3851.799713
   32 	 401.016526 	 3003.093267 	 3858.461452
   33 	 105.884901 	 2929.873810 	 3878.120662
   34 	 359.396895 	 2981.888349 	 3879.725398
   35 	 796.430317 	 3184.085283 	 3879.748854
   36 	 408.534664 	 3120.835831 	 3880.272982
   37 	 760.695682 	 3103.116879 	 3874.952258
   38 	 941.371528 	 3178.791260 	 3896.822445
   39 	 400.295128 	 3233.914392 	 3894.277019
   40 	 629.290818 	 3336.367590 	 3849.655925
   41 	 1286.248118 	 3346.424364 	 3895.292877
   42 	 890.265580 	 3297.755919 	 3896.654797
   43 	 1363.244210 	 3356.485607 	 3869.924072
   44 	 321.993600 	 3396.105996 	 3886.001780
   45 	 396.553888 	 3332.958705 	 3868.676688
   46 	 161.582499 	 3420.708589 	 3891.532549
   47 	 1525.233970 	 3472.340471 	 3891.531237
   48 	 1326.087039 	 3464.752646 	 3891.585627
   49 	 421.540190 	 3349.441565 	 3891.530629
 