   0 	 0.612455 	 541.217119 	 3402.131432
    1 	 5.234639 	 1296.743492 	 3863.567287
    2 	 34.425603 	 1926.511921 	 3867.505591
    3 	 252.782329 	 2434.342772 	 3871.143544
    4 	 289.071077 	 2706.487866 	 3790.445477
    5 	 314.853203 	 3026.919065 	 3819.562205
    6 	 50.877140 	 2988.456574 	 3849.692921
    7 	 405.533725 	 3017.188087 	 3841.199405
    8 	 345.676291 	 2987.426831 	 3881.443564
    9 	 356.154335 	 2909.401965 	 3865.601639
   10 	 109.810357 	 2825.629806 	 3866.216086
   11 	 300.574556 	 3086.303998 	 3871.282306
   12 	 235.501306 	 3067.316686 	 3873.094147
   13 	 373.818029 	 3228.076185 	 3871.282306
   14 	 374.467024 	 3245.978663 	 3862.923616
   15 	 304.895595 	 3179.721139 	 3865.261408
   16 	 369.194243 	 3296.965462 	 3886.119383
   17 	 2.723503 	 3193.907389 	 3875.148993
   18 	 808.651484 	 3228.071725 	 3888.882649
   19 	 375.730426 	 3199.290685 	 3888.882649
   20 	 889.880799 	 3330.051701 	 3860.019957
   21 	 393.217683 	 3254.001713 	 3846.652373
   22 	 764.280248 	 3240.972427 	 3869.407063
   23 	 343.581604 	 3238.318453 	 3875.173926
   24 	 1362.925997 	 3386.736884 	 3875.342309
   25 	 906.823402 	 3381.701931 	 3887.857111
   26 	 416.313603 	 3312.807986 	 3889.273271
   27 	 369.176793 	 3310.147616 	 3886.316966
   28 	 807.177068 	 3383.711393 	 3890.448863
   29 	 391.791817 	 3275.635710 	 3887.579529
   30 	 650.149226 	 3396.119328 	 3851.925531
   31 	 650.149226 	 3204.187080 	 3836.972643
   32 	 81.231966 	 3276.145716 	 3859.115164
   33 	 398.007255 	 3333.854584 	 3874.828423
   34 	 401.253285 	 3394.463687 	 3866.571887
   35 	 417.085525 	 3296.728210 	 3848.468092
   36 	 368.639037 	 3365.469656 	 3871.566972
   37 	 420.107922 	 3343.767389 	 3882.832490
   38 	 418.481296 	 3438.675881 	 3882.400319
   39 	 862.632836 	 3434.617890 	 3871.333881
   40 	 385.101761 	 3340.260349 	 3874.072761
   41 	 408.313084 	 3286.180147 	 3871.584786
   42 	 88.120643 	 3110.810938 	 3836.208121
   43 	 1.265756 	 3234.682707 	 3834.690065
   44 	 415.771717 	 3295.078770 	 3864.057800
   45 	 606.868634 	 3307.210577 	 3830.596947
   46 	 591.334291 	 3285.923741 	 3833.451861
   47 	 1856.852985 	 3364.140141 	 3828.669344
   48 	 376.047978 	 3354.037044 	 3824.878105
   49 	 1724.265076 	 3349.231782 	 3830.520745
 