   0 	 0.119848 	 500.188741 	 3801.942563
    1 	 4.108857 	 1239.460998 	 3798.379744
    2 	 26.582667 	 1768.629469 	 3783.884157
    3 	 288.323491 	 2015.631915 	 3684.610902
    4 	 160.830000 	 2086.977402 	 3398.503950
    5 	 147.077477 	 2363.779941 	 3570.680882
    6 	 290.804868 	 2443.469489 	 3473.243450
    7 	 51.643548 	 2353.550377 	 3713.237800
    8 	 99.765018 	 2314.557830 	 3834.297850
    9 	 103.536301 	 2447.330341 	 3607.106022
   10 	 1.960383 	 2370.558811 	 3785.145699
   11 	 151.640673 	 2477.002637 	 3655.827625
   12 	 146.014293 	 2770.423729 	 3635.128614
   13 	 146.164238 	 2717.095513 	 3685.097924
   14 	 232.059564 	 2688.493795 	 3757.377720
   15 	 89.555461 	 2714.075037 	 3792.142342
   16 	 242.148985 	 2754.659667 	 3757.926297
   17 	 80.859499 	 2692.290007 	 3773.765949
   18 	 192.948484 	 2659.488841 	 3783.925090
   19 	 105.562820 	 2781.803891 	 3815.924855
   20 	 342.903552 	 2772.190460 	 3808.165980
   21 	 212.808479 	 2982.519509 	 3808.165980
   22 	 295.816217 	 2936.734312 	 3832.360396
   23 	 306.842925 	 2979.514902 	 3778.113754
   24 	 664.535954 	 3084.825961 	 3806.304097
   25 	 11.839200 	 3014.421473 	 3735.692387
   26 	 573.776783 	 3023.371008 	 3790.273761
   27 	 297.382617 	 2916.622258 	 3774.721025
   28 	 286.837140 	 2991.941404 	 3829.706715
   29 	 486.133315 	 3100.360912 	 3829.705523
   30 	 1010.513932 	 3207.604253 	 3829.707018
   31 	 322.858354 	 3208.255149 	 3878.084392
   32 	 269.670099 	 3164.716239 	 3852.858652
   33 	 793.729239 	 3205.777987 	 3827.232041
   34 	 295.894582 	 3244.114216 	 3833.420985
   35 	 613.434204 	 3168.534315 	 3736.706785
   36 	 394.328810 	 3195.081178 	 3750.851069
   37 	 291.820155 	 3072.137309 	 3749.566824
   38 	 255.387617 	 3008.127116 	 3727.668757
   39 	 660.037845 	 3072.851871 	 3779.182963
   40 	 685.202928 	 3078.631735 	 3786.964658
   41 	 882.293398 	 3142.247708 	 3782.704040
   42 	 1374.207787 	 3216.287083 	 3857.447155
   43 	 480.519432 	 3194.270629 	 3812.097999
   44 	 1439.712448 	 3247.689490 	 3812.858319
   45 	 30.518361 	 3211.177653 	 3812.879559
   46 	 868.951205 	 3247.906966 	 3817.232241
   47 	 1695.093488 	 3297.942696 	 3805.925418
   48 	 292.784251 	 3158.521375 	 3788.864942
   49 	 297.760474 	 3097.522904 	 3803.480174
 