   0 	 -0.200000 	 -0.005867 	 0.200000
    1 	 0.000000 	 0.000000 	 0.000000
    2 	 0.000000 	 0.000000 	 0.000000
    3 	 -0.200000 	 -0.002000 	 0.000000
    4 	 0.000000 	 0.000000 	 0.000000
    5 	 -0.100000 	 -0.001000 	 0.000000
    6 	 0.000000 	 0.000000 	 0.000000
    7 	 0.000000 	 0.000000 	 0.000000
    8 	 0.000000 	 0.000000 	 0.000000
    9 	 -0.200000 	 -0.001500 	 0.050000
   10 	 0.000000 	 0.000000 	 0.000000
   11 	 0.000000 	 0.000000 	 0.000000
   12 	 -0.100000 	 -0.002000 	 0.000000
   13 	 0.000000 	 0.000000 	 0.000000
   14 	 0.000000 	 0.000000 	 0.000000
   15 	 0.000000 	 0.000000 	 0.000000
   16 	 0.000000 	 0.000500 	 0.050000
   17 	 0.050000 	 0.050000 	 0.050000
   18 	 0.050000 	 0.050000 	 0.050000
   19 	 0.050000 	 0.050000 	 0.050000
   20 	 0.050000 	 0.050000 	 0.050000
   21 	 0.050000 	 0.050000 	 0.050000
   22 	 0.050000 	 0.050000 	 0.050000
   23 	 0.050000 	 0.050000 	 0.050000
   24 	 0.050000 	 0.051500 	 0.200000
   25 	 0.050000 	 0.060500 	 0.200000
   26 	 0.050000 	 0.095167 	 0.200000
   27 	 0.050000 	 0.147500 	 0.200000
   28 	 0.050000 	 0.184000 	 0.200000
   29 	 0.050000 	 0.192500 	 0.200000
   30 	 0.050000 	 0.198500 	 0.200000
   31 	 0.050000 	 0.198500 	 0.200000
   32 	 0.000000 	 0.198000 	 0.200000
   33 	 -0.066667 	 0.197333 	 0.200000
   34 	 0.200000 	 0.200000 	 0.200000
   35 	 0.100000 	 0.199000 	 0.200000
   36 	 -0.066667 	 0.194333 	 0.200000
   37 	 0.100000 	 0.197000 	 0.200000
   38 	 0.050000 	 0.198500 	 0.200000
   39 	 0.050000 	 0.197500 	 0.200000
   40 	 0.100000 	 0.199000 	 0.200000
   41 	 0.200000 	 0.200000 	 0.200000
   42 	 0.200000 	 0.200000 	 0.200000
   43 	 0.200000 	 0.200000 	 0.200000
   44 	 0.000000 	 0.198000 	 0.200000
   45 	 0.000000 	 0.198000 	 0.200000
   46 	 0.200000 	 0.200000 	 0.200000
   47 	 0.200000 	 0.200000 	 0.200000
   48 	 0.000000 	 0.197000 	 0.200000
   49 	 0.200000 	 0.200000 	 0.200000
 