   0 	 -0.200000 	 -0.019567 	 0.200000
    1 	 -0.100000 	 -0.068667 	 -0.066667
    2 	 -0.066667 	 -0.066000 	 0.000000
    3 	 -0.066667 	 -0.066667 	 -0.066667
    4 	 -0.066667 	 -0.066667 	 -0.066667
    5 	 -0.066667 	 -0.064000 	 0.200000
    6 	 -0.100000 	 -0.067000 	 -0.066667
    7 	 -0.066667 	 -0.066667 	 -0.066667
    8 	 -0.100000 	 -0.067000 	 -0.066667
    9 	 -0.066667 	 -0.066667 	 -0.066667
   10 	 -0.100000 	 -0.066333 	 0.000000
   11 	 -0.066667 	 -0.066667 	 -0.066667
   12 	 -0.066667 	 -0.066667 	 -0.066667
   13 	 -0.066667 	 -0.064000 	 0.200000
   14 	 -0.066667 	 -0.066667 	 -0.066667
   15 	 -0.066667 	 -0.066667 	 -0.066667
   16 	 -0.066667 	 -0.066667 	 -0.066667
   17 	 -0.066667 	 -0.066667 	 -0.066667
   18 	 -0.066667 	 -0.066667 	 -0.066667
   19 	 -0.066667 	 -0.066667 	 -0.066667
   20 	 -0.066667 	 -0.066667 	 -0.066667
   21 	 -0.066667 	 -0.066667 	 -0.066667
   22 	 -0.066667 	 -0.066667 	 -0.066667
   23 	 -0.066667 	 -0.066667 	 -0.066667
   24 	 -0.066667 	 -0.066667 	 -0.066667
   25 	 -0.100000 	 -0.064333 	 0.200000
   26 	 -0.066667 	 -0.066000 	 0.000000
   27 	 -0.066667 	 -0.066667 	 -0.066667
   28 	 -0.066667 	 -0.066000 	 0.000000
   29 	 -0.066667 	 -0.066000 	 0.000000
   30 	 -0.100000 	 -0.067000 	 -0.066667
   31 	 -0.066667 	 -0.066667 	 -0.066667
   32 	 -0.066667 	 -0.066667 	 -0.066667
   33 	 -0.066667 	 -0.066667 	 -0.066667
   34 	 -0.066667 	 -0.064000 	 0.200000
   35 	 -0.066667 	 -0.066667 	 -0.066667
   36 	 -0.066667 	 -0.066667 	 -0.066667
   37 	 -0.066667 	 -0.066667 	 -0.066667
   38 	 -0.066667 	 -0.066667 	 -0.066667
   39 	 -0.066667 	 -0.064000 	 0.200000
   40 	 -0.066667 	 -0.064000 	 0.200000
   41 	 -0.066667 	 -0.066667 	 -0.066667
   42 	 -0.066667 	 -0.066667 	 -0.066667
   43 	 -0.066667 	 -0.066667 	 -0.066667
   44 	 -0.066667 	 -0.066667 	 -0.066667
   45 	 -0.066667 	 -0.066667 	 -0.066667
   46 	 -0.066667 	 -0.066667 	 -0.066667
   47 	 -0.066667 	 -0.066667 	 -0.066667
   48 	 -0.066667 	 -0.066000 	 0.000000
   49 	 -0.066667 	 -0.066667 	 -0.066667
 