   0 	 -0.200000 	 -0.009933 	 0.200000
    1 	 0.000000 	 0.000000 	 0.000000
    2 	 0.000000 	 0.000000 	 0.000000
    3 	 0.000000 	 0.000000 	 0.000000
    4 	 -0.200000 	 -0.002000 	 0.000000
    5 	 0.000000 	 0.000000 	 0.000000
    6 	 0.000000 	 0.000000 	 0.000000
    7 	 0.000000 	 0.000000 	 0.000000
    8 	 -0.066667 	 -0.000667 	 0.000000
    9 	 0.000000 	 0.000000 	 0.000000
   10 	 0.000000 	 0.000000 	 0.000000
   11 	 0.000000 	 0.000500 	 0.050000
   12 	 0.050000 	 0.050000 	 0.050000
   13 	 0.050000 	 0.050000 	 0.050000
   14 	 0.040000 	 0.049900 	 0.050000
   15 	 0.050000 	 0.050000 	 0.050000
   16 	 0.050000 	 0.050000 	 0.050000
   17 	 0.050000 	 0.050000 	 0.050000
   18 	 0.040000 	 0.049900 	 0.050000
   19 	 0.000000 	 0.049300 	 0.050000
   20 	 0.050000 	 0.050000 	 0.050000
   21 	 0.040000 	 0.049900 	 0.050000
   22 	 0.040000 	 0.049900 	 0.050000
   23 	 0.050000 	 0.050000 	 0.050000
   24 	 0.050000 	 0.050000 	 0.050000
   25 	 0.050000 	 0.050000 	 0.050000
   26 	 0.050000 	 0.050000 	 0.050000
   27 	 0.050000 	 0.050000 	 0.050000
   28 	 0.050000 	 0.050000 	 0.050000
   29 	 0.050000 	 0.050000 	 0.050000
   30 	 0.050000 	 0.050167 	 0.066667
   31 	 0.000000 	 0.049500 	 0.050000
   32 	 0.050000 	 0.050000 	 0.050000
   33 	 0.050000 	 0.050000 	 0.050000
   34 	 0.050000 	 0.051500 	 0.200000
   35 	 0.050000 	 0.056000 	 0.200000
   36 	 0.040000 	 0.073900 	 0.200000
   37 	 0.050000 	 0.110000 	 0.200000
   38 	 0.050000 	 0.158000 	 0.200000
   39 	 0.000000 	 0.184000 	 0.200000
   40 	 0.050000 	 0.194000 	 0.200000
   41 	 0.200000 	 0.200000 	 0.200000
   42 	 0.200000 	 0.200000 	 0.200000
   43 	 0.200000 	 0.200000 	 0.200000
   44 	 0.100000 	 0.199000 	 0.200000
   45 	 0.100000 	 0.198000 	 0.200000
   46 	 0.200000 	 0.200000 	 0.200000
   47 	 0.200000 	 0.200000 	 0.200000
   48 	 0.200000 	 0.200000 	 0.200000
   49 	 0.200000 	 0.200000 	 0.200000
 