   0 	 -0.200000 	 -0.007400 	 0.200000
    1 	 -0.100000 	 -0.039167 	 0.200000
    2 	 -0.050000 	 -0.050000 	 -0.050000
    3 	 -0.050000 	 -0.050000 	 -0.050000
    4 	 -0.050000 	 -0.050000 	 -0.050000
    5 	 -0.050000 	 -0.050000 	 -0.050000
    6 	 -0.050000 	 -0.050000 	 -0.050000
    7 	 -0.050000 	 -0.050000 	 -0.050000
    8 	 -0.100000 	 -0.050167 	 0.000000
    9 	 -0.050000 	 -0.050000 	 -0.050000
   10 	 -0.050000 	 -0.050000 	 -0.050000
   11 	 -0.050000 	 -0.049900 	 -0.040000
   12 	 -0.050000 	 -0.050000 	 -0.050000
   13 	 -0.050000 	 -0.050000 	 -0.050000
   14 	 -0.050000 	 -0.050000 	 -0.050000
   15 	 -0.100000 	 -0.050500 	 -0.050000
   16 	 -0.100000 	 -0.050000 	 0.000000
   17 	 -0.050000 	 -0.050000 	 -0.050000
   18 	 -0.050000 	 -0.050000 	 -0.050000
   19 	 -0.100000 	 -0.050667 	 -0.050000
   20 	 -0.050000 	 -0.050000 	 -0.050000
   21 	 -0.050000 	 -0.050000 	 -0.050000
   22 	 -0.100000 	 -0.050500 	 -0.050000
   23 	 -0.050000 	 -0.050000 	 -0.050000
   24 	 -0.050000 	 -0.049500 	 0.000000
   25 	 -0.050000 	 -0.050000 	 -0.050000
   26 	 -0.050000 	 -0.050000 	 -0.050000
   27 	 -0.050000 	 -0.050000 	 -0.050000
   28 	 -0.100000 	 -0.050500 	 -0.050000
   29 	 -0.050000 	 -0.049900 	 -0.040000
   30 	 -0.050000 	 -0.050000 	 -0.050000
   31 	 -0.066667 	 -0.050167 	 -0.050000
   32 	 -0.066667 	 -0.050167 	 -0.050000
   33 	 -0.050000 	 -0.049900 	 -0.040000
   34 	 -0.050000 	 -0.050000 	 -0.050000
   35 	 -0.050000 	 -0.050000 	 -0.050000
   36 	 -0.050000 	 -0.049500 	 0.000000
   37 	 -0.050000 	 -0.050000 	 -0.050000
   38 	 -0.100000 	 -0.050500 	 -0.050000
   39 	 -0.050000 	 -0.049500 	 0.000000
   40 	 -0.050000 	 -0.050000 	 -0.050000
   41 	 -0.100000 	 -0.050500 	 -0.050000
   42 	 -0.050000 	 -0.050000 	 -0.050000
   43 	 -0.050000 	 -0.050000 	 -0.050000
   44 	 -0.050000 	 -0.050000 	 -0.050000
   45 	 -0.100000 	 -0.051000 	 -0.050000
   46 	 -0.050000 	 -0.050000 	 -0.050000
   47 	 -0.050000 	 -0.050000 	 -0.050000
   48 	 -0.050000 	 -0.050000 	 -0.050000
   49 	 -0.050000 	 -0.050000 	 -0.050000
 