   0 	 -0.200000 	 0.016900 	 0.200000
    1 	 0.000000 	 0.160000 	 0.200000
    2 	 0.000000 	 0.163833 	 0.200000
    3 	 0.000000 	 0.166333 	 0.200000
    4 	 0.000000 	 0.168333 	 0.200000
    5 	 0.000000 	 0.176000 	 0.200000
    6 	 0.000000 	 0.186000 	 0.200000
    7 	 0.000000 	 0.181000 	 0.200000
    8 	 0.000000 	 0.183000 	 0.200000
    9 	 0.000000 	 0.178000 	 0.200000
   10 	 0.000000 	 0.175000 	 0.200000
   11 	 0.000000 	 0.174000 	 0.200000
   12 	 0.000000 	 0.170000 	 0.200000
   13 	 0.000000 	 0.173000 	 0.200000
   14 	 0.000000 	 0.172000 	 0.200000
   15 	 0.000000 	 0.183000 	 0.200000
   16 	 0.000000 	 0.187000 	 0.200000
   17 	 0.000000 	 0.190000 	 0.200000
   18 	 0.000000 	 0.188000 	 0.200000
   19 	 0.000000 	 0.189000 	 0.200000
   20 	 0.000000 	 0.187000 	 0.200000
   21 	 0.000000 	 0.190500 	 0.200000
   22 	 0.050000 	 0.195500 	 0.200000
   23 	 0.000000 	 0.192000 	 0.200000
   24 	 0.100000 	 0.198000 	 0.200000
   25 	 0.000000 	 0.196000 	 0.200000
   26 	 0.000000 	 0.187000 	 0.200000
   27 	 0.000000 	 0.196000 	 0.200000
   28 	 0.100000 	 0.196000 	 0.200000
   29 	 0.050000 	 0.196500 	 0.200000
   30 	 0.100000 	 0.198000 	 0.200000
   31 	 0.000000 	 0.195500 	 0.200000
   32 	 0.000000 	 0.192000 	 0.200000
   33 	 0.100000 	 0.196000 	 0.200000
   34 	 0.100000 	 0.198000 	 0.200000
   35 	 0.200000 	 0.200000 	 0.200000
   36 	 0.200000 	 0.200000 	 0.200000
   37 	 0.000000 	 0.198000 	 0.200000
   38 	 0.200000 	 0.200000 	 0.200000
   39 	 0.200000 	 0.200000 	 0.200000
   40 	 0.000000 	 0.198000 	 0.200000
   41 	 0.200000 	 0.200000 	 0.200000
   42 	 0.000000 	 0.197000 	 0.200000
   43 	 0.000000 	 0.194000 	 0.200000
   44 	 0.100000 	 0.199000 	 0.200000
   45 	 0.000000 	 0.197000 	 0.200000
   46 	 0.100000 	 0.198000 	 0.200000
   47 	 0.100000 	 0.195000 	 0.200000
   48 	 -0.100000 	 0.192000 	 0.200000
   49 	 0.100000 	 0.198000 	 0.200000
 