   0 	 0.000053 	 0.012295 	 0.081665
    1 	 0.000706 	 0.056992 	 0.081784
    2 	 0.012688 	 0.070951 	 0.081784
    3 	 0.000609 	 0.071536 	 0.081784
    4 	 0.000363 	 0.071008 	 0.081784
    5 	 0.000392 	 0.071672 	 0.081776
    6 	 0.000485 	 0.074010 	 0.081784
    7 	 0.007832 	 0.075159 	 0.081784
    8 	 0.036950 	 0.077346 	 0.081784
    9 	 0.004360 	 0.077539 	 0.081784
   10 	 0.000727 	 0.077248 	 0.081784
   11 	 0.036950 	 0.078703 	 0.081784
   12 	 0.004785 	 0.076306 	 0.081776
   13 	 0.000392 	 0.078363 	 0.081776
   14 	 0.010762 	 0.079277 	 0.081784
   15 	 0.000727 	 0.079273 	 0.081784
   16 	 0.008691 	 0.078194 	 0.081784
   17 	 0.000645 	 0.077042 	 0.081784
   18 	 0.000392 	 0.077439 	 0.081784
   19 	 0.000363 	 0.077496 	 0.081784
   20 	 0.000727 	 0.077475 	 0.081784
   21 	 0.000706 	 0.078345 	 0.081784
   22 	 0.000645 	 0.076602 	 0.081784
   23 	 0.062628 	 0.079682 	 0.081784
   24 	 0.016808 	 0.078795 	 0.081784
   25 	 0.000146 	 0.076315 	 0.081784
   26 	 0.003482 	 0.078761 	 0.081776
   27 	 0.003192 	 0.075449 	 0.081784
   28 	 0.007832 	 0.076791 	 0.081784
   29 	 0.000472 	 0.078012 	 0.081784
   30 	 0.000645 	 0.078136 	 0.081776
   31 	 0.004360 	 0.078834 	 0.081776
   32 	 0.006086 	 0.079118 	 0.081784
   33 	 0.000645 	 0.078195 	 0.081775
   34 	 0.000727 	 0.078704 	 0.081784
   35 	 0.000402 	 0.076962 	 0.081775
   36 	 0.004165 	 0.077761 	 0.081784
   37 	 0.049623 	 0.079249 	 0.081784
   38 	 0.000485 	 0.078135 	 0.081784
   39 	 0.000485 	 0.079232 	 0.081784
   40 	 0.022373 	 0.079340 	 0.081776
   41 	 0.004360 	 0.077984 	 0.081776
   42 	 0.000627 	 0.077628 	 0.081784
   43 	 0.000773 	 0.078391 	 0.081784
   44 	 0.066525 	 0.080044 	 0.081775
   45 	 0.000727 	 0.079346 	 0.081775
   46 	 0.000485 	 0.077979 	 0.081775
   47 	 0.004785 	 0.078698 	 0.081776
   48 	 0.000750 	 0.077896 	 0.081776
   49 	 0.000460 	 0.077158 	 0.081776
 