   0 	 0.000050 	 0.010664 	 0.081776
    1 	 0.000099 	 0.063989 	 0.081784
    2 	 0.000609 	 0.072768 	 0.081784
    3 	 0.000609 	 0.072735 	 0.081784
    4 	 0.000513 	 0.075076 	 0.081784
    5 	 0.012688 	 0.077917 	 0.081776
    6 	 0.000436 	 0.077328 	 0.081784
    7 	 0.000372 	 0.077076 	 0.081776
    8 	 0.002811 	 0.077779 	 0.081776
    9 	 0.005795 	 0.077242 	 0.081776
   10 	 0.000935 	 0.077859 	 0.081776
   11 	 0.005795 	 0.078674 	 0.081776
   12 	 0.005795 	 0.077189 	 0.081776
   13 	 0.000472 	 0.075878 	 0.081776
   14 	 0.000528 	 0.077016 	 0.081784
   15 	 0.013414 	 0.078002 	 0.081784
   16 	 0.000543 	 0.078382 	 0.081784
   17 	 0.000485 	 0.076878 	 0.081776
   18 	 0.000543 	 0.078637 	 0.081776
   19 	 0.000392 	 0.076326 	 0.081776
   20 	 0.000609 	 0.078561 	 0.081784
   21 	 0.000402 	 0.077140 	 0.081784
   22 	 0.000543 	 0.079109 	 0.081776
   23 	 0.000773 	 0.079346 	 0.081784
   24 	 0.003980 	 0.077057 	 0.081776
   25 	 0.000485 	 0.076337 	 0.081776
   26 	 0.015007 	 0.079005 	 0.081776
   27 	 0.019950 	 0.079139 	 0.081776
   28 	 0.000558 	 0.076006 	 0.081776
   29 	 0.003333 	 0.077961 	 0.081776
   30 	 0.000513 	 0.077675 	 0.081784
   31 	 0.000591 	 0.076121 	 0.081784
   32 	 0.000392 	 0.075590 	 0.081784
   33 	 0.003805 	 0.078096 	 0.081784
   34 	 0.000528 	 0.077557 	 0.081784
   35 	 0.005520 	 0.075927 	 0.081784
   36 	 0.000436 	 0.074631 	 0.081784
   37 	 0.000591 	 0.077049 	 0.081784
   38 	 0.000575 	 0.076414 	 0.081784
   39 	 0.003333 	 0.079565 	 0.081784
   40 	 0.000665 	 0.079056 	 0.081784
   41 	 0.006086 	 0.079857 	 0.081784
   42 	 0.000609 	 0.079707 	 0.081784
   43 	 0.000513 	 0.078220 	 0.081784
   44 	 0.000513 	 0.076431 	 0.081784
   45 	 0.000543 	 0.077010 	 0.081784
   46 	 0.060562 	 0.079363 	 0.081776
   47 	 0.000528 	 0.077564 	 0.081776
   48 	 0.006395 	 0.078480 	 0.081776
   49 	 0.000665 	 0.078968 	 0.081776
 