   0 	 0.000054 	 0.017345 	 0.081776
    1 	 0.000609 	 0.061231 	 0.081784
    2 	 0.000392 	 0.066979 	 0.081784
    3 	 0.000575 	 0.069955 	 0.081784
    4 	 0.000528 	 0.075441 	 0.081776
    5 	 0.004360 	 0.076838 	 0.081784
    6 	 0.000543 	 0.077607 	 0.081784
    7 	 0.000558 	 0.076155 	 0.081784
    8 	 0.045232 	 0.079513 	 0.081784
    9 	 0.010762 	 0.079312 	 0.081784
   10 	 0.000685 	 0.077826 	 0.081784
   11 	 0.000575 	 0.078998 	 0.081784
   12 	 0.009162 	 0.079334 	 0.081784
   13 	 0.000528 	 0.077992 	 0.081784
   14 	 0.000558 	 0.076432 	 0.081784
   15 	 0.000558 	 0.077823 	 0.081784
   16 	 0.028091 	 0.080046 	 0.081784
   17 	 0.047415 	 0.080559 	 0.081784
   18 	 0.008691 	 0.079807 	 0.081784
   19 	 0.000750 	 0.078614 	 0.081784
   20 	 0.000575 	 0.075717 	 0.081784
   21 	 0.007070 	 0.079464 	 0.081784
   22 	 0.010762 	 0.079360 	 0.081784
   23 	 0.000392 	 0.078775 	 0.081784
   24 	 0.000472 	 0.078510 	 0.081776
   25 	 0.004785 	 0.077353 	 0.081784
   26 	 0.026548 	 0.080089 	 0.081776
   27 	 0.070027 	 0.081118 	 0.081776
   28 	 0.000528 	 0.076816 	 0.081776
   29 	 0.006086 	 0.078449 	 0.081776
   30 	 0.000485 	 0.077527 	 0.081776
   31 	 0.006086 	 0.079280 	 0.081784
   32 	 0.000591 	 0.078527 	 0.081784
   33 	 0.000750 	 0.079632 	 0.081784
   34 	 0.000392 	 0.078788 	 0.081784
   35 	 0.007070 	 0.078078 	 0.081784
   36 	 0.000472 	 0.077602 	 0.081784
   37 	 0.000436 	 0.074490 	 0.081776
   38 	 0.000591 	 0.078171 	 0.081776
   39 	 0.035031 	 0.080270 	 0.081784
   40 	 0.000591 	 0.077975 	 0.081784
   41 	 0.000685 	 0.075918 	 0.081784
   42 	 0.007070 	 0.079073 	 0.081784
   43 	 0.000485 	 0.077465 	 0.081784
   44 	 0.038936 	 0.079546 	 0.081776
   45 	 0.000609 	 0.077920 	 0.081776
   46 	 0.000543 	 0.078258 	 0.081776
   47 	 0.006723 	 0.079232 	 0.081776
   48 	 0.007070 	 0.079153 	 0.081784
   49 	 0.000609 	 0.079066 	 0.081784
 