   0 	 0.000050 	 0.017973 	 0.081776
    1 	 0.000304 	 0.058631 	 0.081784
    2 	 0.000392 	 0.066955 	 0.081776
    3 	 0.000095 	 0.070924 	 0.081784
    4 	 0.017793 	 0.075552 	 0.081784
    5 	 0.004566 	 0.074913 	 0.081784
    6 	 0.000312 	 0.075120 	 0.081784
    7 	 0.005016 	 0.076550 	 0.081784
    8 	 0.000447 	 0.077186 	 0.081784
    9 	 0.006723 	 0.077320 	 0.081776
   10 	 0.000685 	 0.075983 	 0.081784
   11 	 0.000485 	 0.074697 	 0.081784
   12 	 0.000750 	 0.075764 	 0.081784
   13 	 0.003333 	 0.077544 	 0.081784
   14 	 0.008249 	 0.077286 	 0.081784
   15 	 0.000447 	 0.076136 	 0.081784
   16 	 0.000214 	 0.075769 	 0.081784
   17 	 0.060562 	 0.078283 	 0.081784
   18 	 0.000609 	 0.076165 	 0.081784
   19 	 0.000750 	 0.077341 	 0.081784
   20 	 0.000472 	 0.075024 	 0.081784
   21 	 0.000447 	 0.074865 	 0.081756
   22 	 0.000773 	 0.074271 	 0.081776
   23 	 0.000372 	 0.074190 	 0.081784
   24 	 0.015007 	 0.077182 	 0.081784
   25 	 0.051842 	 0.077482 	 0.081784
   26 	 0.006395 	 0.076800 	 0.081784
   27 	 0.000436 	 0.076029 	 0.081784
   28 	 0.000609 	 0.075187 	 0.081784
   29 	 0.008691 	 0.077441 	 0.081784
   30 	 0.000276 	 0.075064 	 0.081784
   31 	 0.006723 	 0.077590 	 0.081784
   32 	 0.000372 	 0.076080 	 0.081784
   33 	 0.004785 	 0.077912 	 0.081776
   34 	 0.000336 	 0.075870 	 0.081776
   35 	 0.000363 	 0.076328 	 0.081784
   36 	 0.006395 	 0.077554 	 0.081784
   37 	 0.006723 	 0.076193 	 0.081784
   38 	 0.000436 	 0.075151 	 0.081784
   39 	 0.015880 	 0.076951 	 0.081784
   40 	 0.000750 	 0.076521 	 0.081784
   41 	 0.006723 	 0.075931 	 0.081784
   42 	 0.000447 	 0.075461 	 0.081776
   43 	 0.004566 	 0.073059 	 0.081784
   44 	 0.000472 	 0.074615 	 0.081784
   45 	 0.007070 	 0.078193 	 0.081784
   46 	 0.000750 	 0.078254 	 0.081776
   47 	 0.000460 	 0.078326 	 0.081776
   48 	 0.000460 	 0.078573 	 0.081776
   49 	 0.000472 	 0.076218 	 0.081784
 