   0 	 0.000050 	 0.017356 	 0.081776
    1 	 0.000328 	 0.064612 	 0.081776
    2 	 0.005016 	 0.074410 	 0.081776
    3 	 0.005016 	 0.074168 	 0.081784
    4 	 0.000392 	 0.075703 	 0.081784
    5 	 0.051842 	 0.079817 	 0.081776
    6 	 0.009663 	 0.078857 	 0.081776
    7 	 0.000575 	 0.077527 	 0.081784
    8 	 0.000382 	 0.075278 	 0.081784
    9 	 0.000382 	 0.075947 	 0.081784
   10 	 0.006395 	 0.077549 	 0.081776
   11 	 0.009162 	 0.077137 	 0.081784
   12 	 0.060562 	 0.079348 	 0.081776
   13 	 0.000609 	 0.076985 	 0.081776
   14 	 0.004566 	 0.076948 	 0.081776
   15 	 0.001683 	 0.076471 	 0.081776
   16 	 0.010762 	 0.078269 	 0.081776
   17 	 0.010762 	 0.077873 	 0.081776
   18 	 0.000773 	 0.078039 	 0.081784
   19 	 0.007070 	 0.079565 	 0.081776
   20 	 0.000575 	 0.076802 	 0.081776
   21 	 0.038936 	 0.080555 	 0.081776
   22 	 0.000591 	 0.077850 	 0.081776
   23 	 0.000750 	 0.078262 	 0.081784
   24 	 0.006086 	 0.079112 	 0.081776
   25 	 0.000543 	 0.079189 	 0.081776
   26 	 0.000528 	 0.076707 	 0.081784
   27 	 0.007832 	 0.079700 	 0.081784
   28 	 0.058435 	 0.080284 	 0.081784
   29 	 0.000750 	 0.078006 	 0.081784
   30 	 0.028091 	 0.080114 	 0.081784
   31 	 0.000665 	 0.077260 	 0.081784
   32 	 0.000609 	 0.078753 	 0.081784
   33 	 0.031409 	 0.080742 	 0.081784
   34 	 0.000750 	 0.078094 	 0.081784
   35 	 0.000773 	 0.077747 	 0.081784
   36 	 0.021127 	 0.078116 	 0.081784
   37 	 0.000558 	 0.079214 	 0.081784
   38 	 0.008249 	 0.078476 	 0.081784
   39 	 0.005520 	 0.079188 	 0.081776
   40 	 0.058435 	 0.080727 	 0.081784
   41 	 0.000645 	 0.076143 	 0.081784
   42 	 0.000773 	 0.076365 	 0.081784
   43 	 0.000727 	 0.078307 	 0.081784
   44 	 0.000304 	 0.076347 	 0.081776
   45 	 0.000528 	 0.077519 	 0.081776
   46 	 0.000685 	 0.076890 	 0.081776
   47 	 0.006723 	 0.077990 	 0.081784
   48 	 0.040984 	 0.079544 	 0.081784
   49 	 0.005261 	 0.076505 	 0.081784
 