   0 	 0.000050 	 0.014506 	 0.081776
    1 	 0.000276 	 0.059176 	 0.081784
    2 	 0.000209 	 0.069502 	 0.081784
    3 	 0.003192 	 0.072651 	 0.081784
    4 	 0.000485 	 0.074980 	 0.081776
    5 	 0.007070 	 0.077191 	 0.081784
    6 	 0.000436 	 0.077643 	 0.081784
    7 	 0.010195 	 0.077384 	 0.081784
    8 	 0.000773 	 0.077715 	 0.081776
    9 	 0.023690 	 0.079064 	 0.081776
   10 	 0.000665 	 0.077971 	 0.081784
   11 	 0.000485 	 0.077444 	 0.081776
   12 	 0.000750 	 0.077915 	 0.081776
   13 	 0.000447 	 0.079698 	 0.081776
   14 	 0.000750 	 0.078789 	 0.081784
   15 	 0.002811 	 0.079992 	 0.081784
   16 	 0.000543 	 0.077131 	 0.081784
   17 	 0.001263 	 0.077874 	 0.081784
   18 	 0.033183 	 0.079463 	 0.081784
   19 	 0.000609 	 0.077449 	 0.081784
   20 	 0.000460 	 0.074777 	 0.081784
   21 	 0.002117 	 0.077074 	 0.081784
   22 	 0.000773 	 0.077086 	 0.081784
   23 	 0.000257 	 0.077740 	 0.081784
   24 	 0.031409 	 0.079646 	 0.081784
   25 	 0.008691 	 0.079057 	 0.081784
   26 	 0.008249 	 0.078654 	 0.081784
   27 	 0.010195 	 0.079604 	 0.081784
   28 	 0.000645 	 0.077696 	 0.081784
   29 	 0.000645 	 0.077640 	 0.081784
   30 	 0.001958 	 0.077620 	 0.081784
   31 	 0.000706 	 0.076392 	 0.081784
   32 	 0.000591 	 0.078550 	 0.081784
   33 	 0.010195 	 0.078820 	 0.081784
   34 	 0.008249 	 0.078792 	 0.081784
   35 	 0.000750 	 0.078755 	 0.081784
   36 	 0.009162 	 0.080443 	 0.081784
   37 	 0.000528 	 0.076056 	 0.081784
   38 	 0.000750 	 0.078463 	 0.081776
   39 	 0.000685 	 0.079005 	 0.081784
   40 	 0.000727 	 0.076632 	 0.081776
   41 	 0.000706 	 0.080134 	 0.081784
   42 	 0.000472 	 0.078195 	 0.081784
   43 	 0.000499 	 0.077652 	 0.081776
   44 	 0.003192 	 0.079776 	 0.081776
   45 	 0.000773 	 0.077819 	 0.081776
   46 	 0.004360 	 0.078963 	 0.081784
   47 	 0.056263 	 0.080360 	 0.081784
   48 	 0.000447 	 0.079687 	 0.081784
   49 	 0.000773 	 0.077209 	 0.081784
 