   0 	 0.000051 	 0.014602 	 0.081707
    1 	 0.000283 	 0.064393 	 0.081784
    2 	 0.000413 	 0.072012 	 0.081776
    3 	 0.000727 	 0.072799 	 0.081776
    4 	 0.000257 	 0.072414 	 0.081784
    5 	 0.015007 	 0.076969 	 0.081784
    6 	 0.000685 	 0.077958 	 0.081784
    7 	 0.004785 	 0.077668 	 0.081784
    8 	 0.000773 	 0.074793 	 0.081784
    9 	 0.004165 	 0.076495 	 0.081784
   10 	 0.000354 	 0.074813 	 0.081784
   11 	 0.000460 	 0.075077 	 0.081776
   12 	 0.000336 	 0.077002 	 0.081776
   13 	 0.000372 	 0.075710 	 0.081784
   14 	 0.000685 	 0.078195 	 0.081776
   15 	 0.062628 	 0.078564 	 0.081776
   16 	 0.000229 	 0.074960 	 0.081776
   17 	 0.000392 	 0.077002 	 0.081776
   18 	 0.007832 	 0.077691 	 0.081776
   19 	 0.000447 	 0.076042 	 0.081776
   20 	 0.000219 	 0.073829 	 0.081776
   21 	 0.000727 	 0.078045 	 0.081784
   22 	 0.054061 	 0.078543 	 0.081784
   23 	 0.000485 	 0.076926 	 0.081784
   24 	 0.010762 	 0.078777 	 0.081776
   25 	 0.040984 	 0.077766 	 0.081776
   26 	 0.009663 	 0.075844 	 0.081776
   27 	 0.000363 	 0.075225 	 0.081784
   28 	 0.006723 	 0.075905 	 0.081784
   29 	 0.000750 	 0.076215 	 0.081784
   30 	 0.010762 	 0.077968 	 0.081776
   31 	 0.000485 	 0.076551 	 0.081776
   32 	 0.000609 	 0.074786 	 0.081776
   33 	 0.000609 	 0.076975 	 0.081776
   34 	 0.004566 	 0.075885 	 0.081776
   35 	 0.000485 	 0.074037 	 0.081776
   36 	 0.000392 	 0.075940 	 0.081776
   37 	 0.000750 	 0.075779 	 0.081776
   38 	 0.010195 	 0.076556 	 0.081776
   39 	 0.000180 	 0.072628 	 0.081776
   40 	 0.000609 	 0.074590 	 0.081784
   41 	 0.000392 	 0.074333 	 0.081776
   42 	 0.004785 	 0.076496 	 0.081784
   43 	 0.000609 	 0.075307 	 0.081784
   44 	 0.000436 	 0.074949 	 0.081776
   45 	 0.000727 	 0.076144 	 0.081776
   46 	 0.000685 	 0.075549 	 0.081776
   47 	 0.000665 	 0.076576 	 0.081776
   48 	 0.058435 	 0.078539 	 0.081776
   49 	 0.064620 	 0.078678 	 0.081776
 