   0 	 0.000050 	 0.013680 	 0.081747
    1 	 0.000115 	 0.058101 	 0.081776
    2 	 0.000706 	 0.071611 	 0.081776
    3 	 0.003192 	 0.075397 	 0.081784
    4 	 0.000706 	 0.075366 	 0.081776
    5 	 0.000575 	 0.077717 	 0.081784
    6 	 0.000543 	 0.075852 	 0.081784
    7 	 0.000645 	 0.078681 	 0.081776
    8 	 0.004165 	 0.078272 	 0.081776
    9 	 0.000727 	 0.077249 	 0.081784
   10 	 0.004165 	 0.077747 	 0.081784
   11 	 0.010762 	 0.078311 	 0.081784
   12 	 0.010762 	 0.079122 	 0.081776
   13 	 0.000575 	 0.078340 	 0.081784
   14 	 0.070027 	 0.081421 	 0.081784
   15 	 0.000609 	 0.080218 	 0.081784
   16 	 0.000706 	 0.080054 	 0.081784
   17 	 0.004785 	 0.079237 	 0.081784
   18 	 0.000706 	 0.077408 	 0.081784
   19 	 0.008691 	 0.079335 	 0.081784
   20 	 0.000513 	 0.078410 	 0.081784
   21 	 0.000513 	 0.078085 	 0.081784
   22 	 0.000499 	 0.079442 	 0.081784
   23 	 0.000627 	 0.079180 	 0.081784
   24 	 0.000727 	 0.079672 	 0.081784
   25 	 0.000528 	 0.079345 	 0.081784
   26 	 0.001622 	 0.080562 	 0.081776
   27 	 0.008249 	 0.080117 	 0.081776
   28 	 0.000727 	 0.078452 	 0.081784
   29 	 0.073062 	 0.081518 	 0.081784
   30 	 0.000645 	 0.079229 	 0.081784
   31 	 0.000591 	 0.076190 	 0.081784
   32 	 0.006723 	 0.079946 	 0.081784
   33 	 0.000591 	 0.078291 	 0.081784
   34 	 0.009162 	 0.077454 	 0.081784
   35 	 0.000750 	 0.075718 	 0.081776
   36 	 0.000609 	 0.075303 	 0.081776
   37 	 0.000685 	 0.078857 	 0.081776
   38 	 0.000706 	 0.078113 	 0.081784
   39 	 0.000706 	 0.079858 	 0.081784
   40 	 0.000750 	 0.077675 	 0.081776
   41 	 0.000436 	 0.078811 	 0.081776
   42 	 0.000558 	 0.078680 	 0.081776
   43 	 0.001683 	 0.079190 	 0.081776
   44 	 0.010762 	 0.080356 	 0.081776
   45 	 0.026548 	 0.080981 	 0.081776
   46 	 0.000750 	 0.079710 	 0.081776
   47 	 0.000706 	 0.078413 	 0.081776
   48 	 0.000591 	 0.077595 	 0.081776
   49 	 0.002385 	 0.078499 	 0.081776
 