   0 	 0.000052 	 0.017615 	 0.081756
    1 	 0.003482 	 0.063625 	 0.081784
    2 	 0.000257 	 0.069221 	 0.081784
    3 	 0.000685 	 0.072921 	 0.081784
    4 	 0.000424 	 0.074518 	 0.081784
    5 	 0.007440 	 0.075852 	 0.081784
    6 	 0.001355 	 0.077780 	 0.081784
    7 	 0.000575 	 0.076741 	 0.081776
    8 	 0.002696 	 0.076440 	 0.081784
    9 	 0.000750 	 0.077663 	 0.081784
   10 	 0.010195 	 0.079715 	 0.081784
   11 	 0.000528 	 0.079018 	 0.081784
   12 	 0.000750 	 0.078058 	 0.081784
   13 	 0.003482 	 0.079188 	 0.081784
   14 	 0.000354 	 0.075676 	 0.081784
   15 	 0.000528 	 0.079330 	 0.081784
   16 	 0.000528 	 0.078075 	 0.081784
   17 	 0.000528 	 0.076283 	 0.081784
   18 	 0.000528 	 0.078497 	 0.081784
   19 	 0.006723 	 0.078528 	 0.081784
   20 	 0.000558 	 0.078352 	 0.081784
   21 	 0.009162 	 0.078153 	 0.081784
   22 	 0.000591 	 0.077151 	 0.081784
   23 	 0.000528 	 0.077133 	 0.081784
   24 	 0.043085 	 0.080111 	 0.081784
   25 	 0.000750 	 0.080147 	 0.081784
   26 	 0.008249 	 0.079372 	 0.081776
   27 	 0.000706 	 0.079776 	 0.081784
   28 	 0.000528 	 0.077987 	 0.081756
   29 	 0.000558 	 0.080322 	 0.081776
   30 	 0.000424 	 0.077802 	 0.081784
   31 	 0.000773 	 0.079118 	 0.081756
   32 	 0.005520 	 0.079860 	 0.081784
   33 	 0.004566 	 0.077160 	 0.081784
   34 	 0.006723 	 0.078825 	 0.081756
   35 	 0.064620 	 0.080431 	 0.081776
   36 	 0.000472 	 0.078145 	 0.081776
   37 	 0.000485 	 0.078736 	 0.081776
   38 	 0.000750 	 0.078831 	 0.081776
   39 	 0.000665 	 0.079693 	 0.081784
   40 	 0.004165 	 0.078783 	 0.081776
   41 	 0.000472 	 0.077920 	 0.081776
   42 	 0.000591 	 0.079375 	 0.081784
   43 	 0.000750 	 0.080089 	 0.081776
   44 	 0.000685 	 0.080231 	 0.081784
   45 	 0.000392 	 0.080007 	 0.081784
   46 	 0.000750 	 0.080059 	 0.081784
   47 	 0.047415 	 0.080131 	 0.081784
   48 	 0.051842 	 0.080615 	 0.081784
   49 	 0.000750 	 0.080229 	 0.081784
 