   0 	 0.408233 	 4165.055177 	 19971.613337
    1 	 8.192847 	 11381.740165 	 19971.613337
    2 	 996.965132 	 15590.449806 	 19971.613337
    3 	 996.965132 	 17265.231158 	 19971.613337
    4 	 11092.346767 	 17978.112672 	 19971.613337
    5 	 12565.893937 	 18138.490595 	 19971.613337
    6 	 503.573618 	 18133.183531 	 19971.613337
    7 	 13941.747261 	 18791.922271 	 19971.613337
    8 	 11092.346767 	 18785.395592 	 19971.613337
    9 	 11092.346767 	 18782.871603 	 19971.613337
   10 	 4361.279696 	 18744.846434 	 19971.613337
   11 	 14670.572625 	 19004.914290 	 19971.613337
   12 	 14919.747761 	 19169.943125 	 19971.613337
   13 	 1135.440816 	 18764.585494 	 19971.613337
   14 	 1135.440816 	 18904.784057 	 19971.613337
   15 	 11294.478583 	 18983.582606 	 19971.613337
   16 	 11294.478583 	 19155.047788 	 19971.613337
   17 	 17875.194995 	 19281.282188 	 19971.613337
   18 	 17875.194995 	 19271.907184 	 19971.613337
   19 	 17875.194995 	 19253.441495 	 19971.613337
   20 	 18164.080437 	 19197.969332 	 19971.613337
   21 	 18164.080437 	 19201.324222 	 19971.613337
   22 	 18164.080437 	 19189.451270 	 19971.613337
   23 	 18456.453398 	 19201.217631 	 19971.613337
   24 	 18456.453398 	 19198.259878 	 19971.613337
   25 	 18456.453398 	 19210.415742 	 19971.613337
   26 	 18456.453398 	 19244.034717 	 19971.613337
   27 	 18164.080437 	 19244.500747 	 19971.613337
   28 	 11707.017256 	 19154.225473 	 19971.613337
   29 	 14670.572625 	 19242.897207 	 19971.613337
   30 	 19051.773810 	 19277.329971 	 19971.613337
   31 	 17875.194995 	 19283.852405 	 19971.613337
   32 	 5933.421192 	 19042.005393 	 19971.613337
   33 	 16753.973206 	 19288.149810 	 19971.613337
   34 	 18456.453398 	 19326.782292 	 19971.613337
   35 	 17029.185898 	 19273.437769 	 19971.613337
   36 	 17029.185898 	 19237.193059 	 19971.613337
   37 	 11499.360469 	 19158.050214 	 19971.613337
   38 	 16753.973206 	 19262.698003 	 19971.613337
   39 	 16753.973206 	 19183.923070 	 19971.613337
   40 	 17589.769228 	 19197.686293 	 19971.613337
   41 	 11294.478583 	 19114.300184 	 19971.613337
   42 	 10696.234580 	 19120.223306 	 19971.613337
   43 	 17875.194995 	 19344.886639 	 19971.613337
   44 	 5808.841996 	 19272.781071 	 19971.613337
   45 	 17875.194995 	 19437.938383 	 19971.613337
   46 	 17875.194995 	 19520.438763 	 19971.613337
   47 	 17875.194995 	 19487.462433 	 19971.613337
   48 	 6319.203036 	 19447.879892 	 19971.613337
   49 	 5933.421192 	 19312.986551 	 19971.613337
 