   0 	 0.408241 	 4103.704170 	 18164.080437
    1 	 681.029434 	 11594.750540 	 19661.381216
    2 	 681.029434 	 13972.780606 	 19661.381216
    3 	 5330.038742 	 15291.468988 	 19971.613337
    4 	 5102.055018 	 15999.222990 	 19971.613337
    5 	 7589.973878 	 16059.433259 	 19971.613337
    6 	 7146.891808 	 16654.030962 	 19971.613337
    7 	 7146.891808 	 16948.506654 	 19971.613337
    8 	 7146.891808 	 16831.255233 	 19971.613337
    9 	 9216.899473 	 17048.617461 	 19971.613337
   10 	 12346.887005 	 17259.687928 	 19971.613337
   11 	 13012.635488 	 17841.527857 	 19971.613337
   12 	 13704.951216 	 17947.513326 	 19971.613337
   13 	 11917.473886 	 18072.460565 	 19971.613337
   14 	 13704.951216 	 18336.964723 	 19971.613337
   15 	 13704.951216 	 18466.679716 	 19971.613337
   16 	 4461.820232 	 18351.443296 	 19971.613337
   17 	 4461.820232 	 18453.601083 	 19971.613337
   18 	 3883.822743 	 18350.613503 	 19971.613337
   19 	 6319.203036 	 18324.655074 	 19971.613337
   20 	 14670.572625 	 18824.974465 	 19971.613337
   21 	 14670.572625 	 18908.273255 	 19971.613337
   22 	 14919.747761 	 19020.838928 	 19971.613337
   23 	 14919.747761 	 19194.234080 	 19971.613337
   24 	 14919.747761 	 19176.695033 	 19971.613337
   25 	 14919.747761 	 19097.686223 	 19971.613337
   26 	 1248.404820 	 18872.486776 	 19971.613337
   27 	 1064.514484 	 18869.551862 	 19971.613337
   28 	 14919.747761 	 18869.524467 	 19971.613337
   29 	 15172.083653 	 19137.308532 	 19971.613337
   30 	 14919.747761 	 19219.419811 	 19971.613337
   31 	 14670.572625 	 19217.958591 	 19971.613337
   32 	 14670.572625 	 19318.887676 	 19971.613337
   33 	 14670.572625 	 19469.501069 	 19971.613337
   34 	 18456.453398 	 19516.775692 	 19971.613337
   35 	 18456.453398 	 19476.628919 	 19971.613337
   36 	 18752.341833 	 19427.499186 	 19971.613337
   37 	 5933.421192 	 19351.216614 	 19971.613337
   38 	 18456.453398 	 19430.276089 	 19971.613337
   39 	 5933.421192 	 19292.960205 	 19971.613337
   40 	 19051.773810 	 19402.321181 	 19971.613337
   41 	 19051.773810 	 19417.435082 	 19971.613337
   42 	 19051.773810 	 19457.330700 	 19971.613337
   43 	 11294.478583 	 19358.439489 	 19971.613337
   44 	 19051.773810 	 19466.745948 	 19971.613337
   45 	 15172.083653 	 19449.664443 	 19971.613337
   46 	 19051.773810 	 19537.627926 	 19971.613337
   47 	 19051.773810 	 19522.224605 	 19971.613337
   48 	 19051.773810 	 19531.495284 	 19971.613337
   49 	 19051.773810 	 19559.343039 	 19971.613337
 