   0 	 0.408233 	 3412.452983 	 19661.381216
    1 	 379.005392 	 10010.757893 	 19971.613337
    2 	 1638.240149 	 13419.272366 	 19971.613337
    3 	 3883.822743 	 14617.230339 	 19971.613337
    4 	 7003.602577 	 15673.763282 	 19971.613337
    5 	 10122.077472 	 16961.003983 	 19971.613337
    6 	 11294.478583 	 17291.691183 	 19971.613337
    7 	 11092.346767 	 17873.618178 	 19971.613337
    8 	 11294.478583 	 18105.459195 	 19971.613337
    9 	 565.445651 	 18173.785691 	 19971.613337
   10 	 11499.360469 	 18646.761935 	 19971.613337
   11 	 9935.930879 	 18539.738067 	 19971.613337
   12 	 11499.360469 	 18699.559022 	 19971.613337
   13 	 11499.360469 	 18965.300884 	 19971.613337
   14 	 11499.360469 	 19242.709503 	 19971.613337
   15 	 11499.360469 	 19259.075517 	 19971.613337
   16 	 11499.360469 	 19212.592457 	 19971.613337
   17 	 11092.346767 	 19268.954280 	 19971.613337
   18 	 16482.109929 	 19217.154821 	 19971.613337
   19 	 15172.083653 	 19143.433402 	 19971.613337
   20 	 14919.747761 	 19187.071039 	 19971.613337
   21 	 16213.568780 	 19246.164490 	 19971.613337
   22 	 16213.568780 	 19354.059067 	 19971.613337
   23 	 16213.568780 	 19322.768535 	 19971.613337
   24 	 16213.568780 	 19406.268661 	 19971.613337
   25 	 1248.404820 	 19266.563477 	 19971.613337
   26 	 17307.775402 	 19468.088564 	 19971.613337
   27 	 17307.775402 	 19465.980571 	 19971.613337
   28 	 1064.514484 	 19199.217034 	 19971.613337
   29 	 1209.854839 	 19196.660657 	 19971.613337
   30 	 17307.775402 	 19285.717137 	 19971.613337
   31 	 16753.973206 	 19083.276249 	 19971.613337
   32 	 16753.973206 	 18996.836128 	 19971.613337
   33 	 16213.568780 	 18950.703315 	 19971.613337
   34 	 16482.109929 	 18950.092770 	 19971.613337
   35 	 16753.973206 	 18991.517100 	 19971.613337
   36 	 9935.930879 	 18907.012670 	 19971.613337
   37 	 9935.930879 	 19034.957299 	 19971.613337
   38 	 16753.973206 	 19271.637045 	 19971.613337
   39 	 5933.421192 	 19213.352054 	 19971.613337
   40 	 1209.854839 	 19157.672961 	 19971.613337
   41 	 16753.973206 	 19419.150848 	 19971.613337
   42 	 11499.360469 	 19363.915441 	 19971.613337
   43 	 6319.203036 	 19262.609907 	 19971.613337
   44 	 6319.203036 	 19250.275431 	 19971.613337
   45 	 6319.203036 	 19259.868108 	 19971.613337
   46 	 17029.185898 	 19431.538245 	 19971.613337
   47 	 17029.185898 	 19330.564414 	 19971.613337
   48 	 17029.185898 	 19309.534135 	 19971.613337
   49 	 17029.185898 	 19341.344712 	 19971.613337
 