   0 	 0.409112 	 4700.374483 	 19971.613337
    1 	 243.017376 	 11878.672154 	 19971.613337
    2 	 1890.778026 	 13849.186167 	 19971.613337
    3 	 4881.464792 	 14790.195714 	 19971.613337
    4 	 6451.882602 	 15242.030595 	 19971.613337
    5 	 6586.640689 	 16395.031029 	 19971.613337
    6 	 6586.640689 	 16778.838054 	 19971.613337
    7 	 6451.882602 	 17122.054132 	 19971.613337
    8 	 12130.755414 	 17198.596545 	 19971.613337
    9 	 9752.363665 	 17459.545031 	 19971.613337
   10 	 12787.801597 	 17640.926484 	 19971.613337
   11 	 12787.801597 	 17923.950165 	 19971.613337
   12 	 4461.820232 	 18055.559067 	 19971.613337
   13 	 12565.893937 	 18589.245317 	 19971.613337
   14 	 12787.801597 	 18583.663117 	 19971.613337
   15 	 11294.478583 	 18632.537590 	 19971.613337
   16 	 6059.993646 	 18826.733109 	 19971.613337
   17 	 16482.109929 	 19092.029254 	 19971.613337
   18 	 16482.109929 	 18890.919587 	 19971.613337
   19 	 16213.568780 	 18957.008238 	 19971.613337
   20 	 15686.344281 	 18995.600407 	 19971.613337
   21 	 16753.973206 	 19103.621691 	 19971.613337
   22 	 11092.346767 	 19113.909159 	 19971.613337
   23 	 11092.346767 	 19032.387580 	 19971.613337
   24 	 11092.346767 	 18922.970318 	 19971.613337
   25 	 11092.346767 	 19187.190960 	 19971.613337
   26 	 15427.606917 	 19347.414723 	 19971.613337
   27 	 15172.083653 	 19465.480319 	 19971.613337
   28 	 14919.747761 	 19335.281954 	 19971.613337
   29 	 15172.083653 	 19450.868709 	 19971.613337
   30 	 1209.854839 	 19218.321864 	 19971.613337
   31 	 15172.083653 	 19547.642643 	 19971.613337
   32 	 15172.083653 	 19540.931159 	 19971.613337
   33 	 19051.773810 	 19727.399645 	 19971.613337
   34 	 19051.773810 	 19687.431174 	 19971.613337
   35 	 19051.773810 	 19672.100705 	 19971.613337
   36 	 19051.773810 	 19656.950804 	 19971.613337
   37 	 19051.773810 	 19672.317557 	 19971.613337
   38 	 19051.773810 	 19635.560544 	 19971.613337
   39 	 19051.773810 	 19617.236322 	 19971.613337
   40 	 18752.341833 	 19614.242570 	 19971.613337
   41 	 19051.773810 	 19607.713074 	 19971.613337
   42 	 19051.773810 	 19607.749642 	 19971.613337
   43 	 19051.773810 	 19614.098569 	 19971.613337
   44 	 19051.773810 	 19583.364778 	 19971.613337
   45 	 18456.453398 	 19592.742327 	 19971.613337
   46 	 14919.747761 	 19591.283383 	 19971.613337
   47 	 15172.083653 	 19636.840114 	 19971.613337
   48 	 16753.973206 	 19662.038257 	 19971.613337
   49 	 6319.203036 	 19498.063253 	 19971.613337
 