   0 	 0.410645 	 3745.043263 	 19971.613337
    1 	 656.610837 	 11176.345407 	 19971.613337
    2 	 1890.778026 	 13750.297653 	 19971.613337
    3 	 3047.537508 	 15152.469414 	 19971.613337
    4 	 3047.537508 	 15263.314610 	 19971.613337
    5 	 8703.794617 	 15671.164363 	 19971.613337
    6 	 8703.794617 	 15576.534433 	 19971.613337
    7 	 8537.619040 	 15915.410286 	 19971.613337
    8 	 12130.755414 	 16107.847340 	 19971.613337
    9 	 12130.755414 	 16494.883816 	 19971.613337
   10 	 12565.893937 	 16815.404178 	 19971.613337
   11 	 6319.203036 	 16878.281159 	 19971.613337
   12 	 6319.203036 	 17003.091972 	 19971.613337
   13 	 12565.893937 	 17338.545891 	 19971.613337
   14 	 13240.421220 	 17265.423378 	 19971.613337
   15 	 871.563460 	 17130.198523 	 19971.613337
   16 	 12346.887005 	 17722.815639 	 19971.613337
   17 	 13012.635488 	 17867.944293 	 19971.613337
   18 	 12346.887005 	 18086.274254 	 19971.613337
   19 	 10122.077472 	 18457.951522 	 19971.613337
   20 	 16213.568780 	 18932.011354 	 19971.613337
   21 	 16213.568780 	 19037.553316 	 19971.613337
   22 	 16482.109929 	 19192.998850 	 19971.613337
   23 	 16213.568780 	 19270.075994 	 19971.613337
   24 	 16482.109929 	 19327.496772 	 19971.613337
   25 	 16482.109929 	 19214.875172 	 19971.613337
   26 	 4881.464792 	 19135.624397 	 19971.613337
   27 	 4881.464792 	 18963.136844 	 19971.613337
   28 	 11499.360469 	 19253.134546 	 19971.613337
   29 	 16482.109929 	 19404.448053 	 19971.613337
   30 	 16482.109929 	 19259.829811 	 19971.613337
   31 	 15686.344281 	 19255.684604 	 19971.613337
   32 	 11707.017256 	 19067.066804 	 19971.613337
   33 	 16482.109929 	 19341.323704 	 19971.613337
   34 	 16482.109929 	 19330.723779 	 19971.613337
   35 	 16213.568780 	 19398.929775 	 19971.613337
   36 	 16213.568780 	 19386.664557 	 19971.613337
   37 	 17875.194995 	 19392.590456 	 19971.613337
   38 	 6319.203036 	 19151.066300 	 19971.613337
   39 	 18164.080437 	 19399.400799 	 19971.613337
   40 	 1135.440816 	 18981.333918 	 19971.613337
   41 	 16482.109929 	 19169.815786 	 19971.613337
   42 	 16213.568780 	 19116.831740 	 19971.613337
   43 	 16213.568780 	 19199.394533 	 19971.613337
   44 	 1209.854839 	 19103.154197 	 19971.613337
   45 	 16482.109929 	 19334.413622 	 19971.613337
   46 	 16482.109929 	 19238.542759 	 19971.613337
   47 	 16482.109929 	 19281.679967 	 19971.613337
   48 	 17589.769228 	 19341.597169 	 19971.613337
   49 	 17875.194995 	 19338.463354 	 19971.613337
 