   0 	 0.408441 	 3862.885605 	 19971.613337
    1 	 105.723879 	 11016.700420 	 19971.613337
    2 	 1499.409749 	 14300.036407 	 19971.613337
    3 	 4881.464792 	 15533.279914 	 19971.613337
    4 	 1030.324535 	 16068.626291 	 19971.613337
    5 	 6451.882602 	 17033.142226 	 19971.613337
    6 	 9392.871732 	 17941.030794 	 19971.613337
    7 	 12130.755414 	 18281.303281 	 19971.613337
    8 	 12787.801597 	 18701.233352 	 19971.613337
    9 	 13240.421220 	 18706.679990 	 19971.613337
   10 	 14181.598713 	 18755.750612 	 19971.613337
   11 	 14181.598713 	 18952.311783 	 19971.613337
   12 	 14424.531740 	 18998.289367 	 19971.613337
   13 	 16482.109929 	 19238.157198 	 19971.613337
   14 	 16482.109929 	 19268.608668 	 19971.613337
   15 	 16213.568780 	 19112.391961 	 19971.613337
   16 	 16213.568780 	 19168.896887 	 19971.613337
   17 	 16482.109929 	 19323.912435 	 19971.613337
   18 	 6319.203036 	 19341.166292 	 19971.613337
   19 	 11707.017256 	 19501.305774 	 19971.613337
   20 	 11707.017256 	 19489.683704 	 19971.613337
   21 	 17589.769228 	 19618.431786 	 19971.613337
   22 	 1209.854839 	 19287.342462 	 19971.613337
   23 	 11707.017256 	 19614.714179 	 19971.613337
   24 	 10310.827494 	 19654.626150 	 19971.613337
   25 	 18164.080437 	 19811.772349 	 19971.613337
   26 	 1172.204877 	 19605.846937 	 19971.613337
   27 	 6319.203036 	 19532.286543 	 19971.613337
   28 	 1248.404820 	 19508.815718 	 19971.613337
   29 	 1248.404820 	 19619.367513 	 19971.613337
   30 	 17589.769228 	 19800.148034 	 19971.613337
   31 	 15427.606917 	 19794.496154 	 19971.613337
   32 	 6059.993646 	 19559.750552 	 19971.613337
   33 	 1248.404820 	 19518.959288 	 19971.613337
   34 	 1248.404820 	 19630.403147 	 19971.613337
   35 	 15427.606917 	 19736.040010 	 19971.613337
   36 	 1248.404820 	 19496.470712 	 19971.613337
   37 	 15427.606917 	 19743.676396 	 19971.613337
   38 	 17029.185898 	 19683.824742 	 19971.613337
   39 	 1248.404820 	 19432.683802 	 19971.613337
   40 	 15427.606917 	 19772.721408 	 19971.613337
   41 	 15427.606917 	 19754.180049 	 19971.613337
   42 	 8703.794617 	 19612.676397 	 19971.613337
   43 	 17029.185898 	 19792.416272 	 19971.613337
   44 	 17029.185898 	 19834.213547 	 19971.613337
   45 	 17029.185898 	 19848.235067 	 19971.613337
   46 	 17029.185898 	 19816.037223 	 19971.613337
   47 	 17589.769228 	 19875.484581 	 19971.613337
   48 	 17589.769228 	 19905.471380 	 19971.613337
   49 	 19354.777508 	 19965.444979 	 19971.613337
 