   0 	 0.408233 	 3565.334894 	 18456.453398
    1 	 609.750455 	 10429.770725 	 19661.381216
    2 	 503.573618 	 12870.580411 	 19971.613337
    3 	 3202.785954 	 15248.123230 	 19971.613337
    4 	 3531.002015 	 15585.825686 	 19971.613337
    5 	 3883.822743 	 16280.824990 	 19971.613337
    6 	 12346.887005 	 16760.984952 	 19971.613337
    7 	 12346.887005 	 16783.048822 	 19971.613337
    8 	 12346.887005 	 17034.051521 	 19971.613337
    9 	 12346.887005 	 17441.182305 	 19971.613337
   10 	 11917.473886 	 17554.319123 	 19971.613337
   11 	 1064.514484 	 17506.128979 	 19971.613337
   12 	 10310.827494 	 17789.351544 	 19971.613337
   13 	 15686.344281 	 17900.426964 	 19971.613337
   14 	 15686.344281 	 18141.145992 	 19971.613337
   15 	 1030.324535 	 17966.323695 	 19971.613337
   16 	 10310.827494 	 18313.110178 	 19971.613337
   17 	 15686.344281 	 18501.154322 	 19971.613337
   18 	 15686.344281 	 18505.546913 	 19971.613337
   19 	 5686.235022 	 18275.100798 	 19971.613337
   20 	 11092.346767 	 18427.649653 	 19971.613337
   21 	 10696.234580 	 18523.592871 	 19971.613337
   22 	 11499.360469 	 18566.802216 	 19971.613337
   23 	 11499.360469 	 18640.436279 	 19971.613337
   24 	 16753.973206 	 18731.504133 	 19971.613337
   25 	 16753.973206 	 18737.267590 	 19971.613337
   26 	 15686.344281 	 18791.588598 	 19971.613337
   27 	 15686.344281 	 18856.631640 	 19971.613337
   28 	 16213.568780 	 18842.786310 	 19971.613337
   29 	 1064.514484 	 18655.156257 	 19971.613337
   30 	 10310.827494 	 18835.331517 	 19971.613337
   31 	 5933.421192 	 18853.545174 	 19971.613337
   32 	 16213.568780 	 19008.192496 	 19971.613337
   33 	 17875.194995 	 19007.088637 	 19971.613337
   34 	 15172.083653 	 19021.520139 	 19661.381216
   35 	 11499.360469 	 18994.344260 	 19971.613337
   36 	 17875.194995 	 19043.097259 	 19971.613337
   37 	 6188.580508 	 18996.967579 	 19661.381216
   38 	 10696.234580 	 18969.786418 	 19661.381216
   39 	 1209.854839 	 18630.931392 	 19971.613337
   40 	 17875.194995 	 18867.323012 	 19971.613337
   41 	 16213.568780 	 18757.026170 	 19971.613337
   42 	 14181.598713 	 18676.775378 	 19971.613337
   43 	 5686.235022 	 18501.747174 	 19971.613337
   44 	 5808.841996 	 18542.657166 	 19971.613337
   45 	 5686.235022 	 18553.938020 	 19971.613337
   46 	 14181.598713 	 18656.778371 	 19971.613337
   47 	 10696.234580 	 18669.558977 	 19971.613337
   48 	 14181.598713 	 18851.160592 	 19971.613337
   49 	 18456.453398 	 18848.814348 	 19971.613337
 