   0 	 0.408233 	 3607.598542 	 18456.453398
    1 	 0.639087 	 11418.952154 	 19971.613337
    2 	 1411.891190 	 13769.891915 	 19971.613337
    3 	 7896.596826 	 16012.781326 	 19971.613337
    4 	 7896.596826 	 16838.317872 	 19971.613337
    5 	 395.203665 	 17791.654375 	 19971.613337
    6 	 10310.827494 	 18208.006593 	 19971.613337
    7 	 11499.360469 	 18199.095797 	 19971.613337
    8 	 10892.940302 	 18377.109979 	 19971.613337
    9 	 11499.360469 	 18610.936971 	 19971.613337
   10 	 14181.598713 	 18676.018189 	 19971.613337
   11 	 14181.598713 	 18746.479962 	 19971.613337
   12 	 14181.598713 	 18726.426861 	 19971.613337
   13 	 14181.598713 	 18739.007407 	 19971.613337
   14 	 5933.421192 	 18648.291565 	 19971.613337
   15 	 15172.083653 	 18876.433930 	 19971.613337
   16 	 17875.194995 	 19112.949059 	 19971.613337
   17 	 17875.194995 	 19191.165595 	 19971.613337
   18 	 13941.747261 	 19192.150562 	 19971.613337
   19 	 11499.360469 	 19132.176338 	 19971.613337
   20 	 5446.854152 	 19122.475999 	 19971.613337
   21 	 13704.951216 	 19179.729837 	 19971.613337
   22 	 17875.194995 	 19338.533546 	 19971.613337
   23 	 15172.083653 	 19203.447889 	 19971.613337
   24 	 6188.580508 	 19287.557659 	 19971.613337
   25 	 996.965132 	 19280.844854 	 19971.613337
   26 	 17875.194995 	 19456.614496 	 19971.613337
   27 	 17307.775402 	 19450.122444 	 19971.613337
   28 	 15686.344281 	 19337.468609 	 19971.613337
   29 	 1209.854839 	 19133.598072 	 19971.613337
   30 	 17875.194995 	 19249.025609 	 19971.613337
   31 	 17875.194995 	 19226.704417 	 19661.381216
   32 	 17875.194995 	 19250.412328 	 19661.381216
   33 	 17875.194995 	 19112.516669 	 19661.381216
   34 	 5446.854152 	 18943.343488 	 19661.381216
   35 	 6188.580508 	 18811.074488 	 19971.613337
   36 	 6188.580508 	 18722.785891 	 19971.613337
   37 	 5446.854152 	 18546.525675 	 19971.613337
   38 	 10892.940302 	 18624.263678 	 19661.381216
   39 	 16213.568780 	 18686.184721 	 19661.381216
   40 	 16213.568780 	 18685.736898 	 19661.381216
   41 	 11092.346767 	 18628.262677 	 19661.381216
   42 	 5446.854152 	 18614.530027 	 19971.613337
   43 	 17875.194995 	 18903.982981 	 19971.613337
   44 	 1135.440816 	 18712.661526 	 19971.613337
   45 	 17875.194995 	 18865.229208 	 19661.381216
   46 	 17875.194995 	 18876.999779 	 19661.381216
   47 	 14670.572625 	 18825.263959 	 19661.381216
   48 	 5686.235022 	 18764.905363 	 19661.381216
   49 	 17875.194995 	 18934.249321 	 19661.381216
 