   0 	 0.408233 	 4275.083700 	 19971.613337
    1 	 190.760449 	 11453.359193 	 19971.613337
    2 	 1838.082931 	 14258.387893 	 19971.613337
    3 	 5933.421192 	 15575.725026 	 19971.613337
    4 	 1135.440816 	 15964.937023 	 19971.613337
    5 	 11092.346767 	 16504.912081 	 19971.613337
    6 	 7896.596826 	 16923.026032 	 19971.613337
    7 	 11092.346767 	 17510.145319 	 19971.613337
    8 	 11707.017256 	 18024.609289 	 19971.613337
    9 	 11707.017256 	 18234.886271 	 19971.613337
   10 	 11707.017256 	 18402.461680 	 19971.613337
   11 	 11707.017256 	 18741.374559 	 19971.613337
   12 	 11499.360469 	 18754.146120 	 19971.613337
   13 	 11499.360469 	 18695.091450 	 19971.613337
   14 	 16753.973206 	 18745.390919 	 19971.613337
   15 	 1135.440816 	 18647.329240 	 19971.613337
   16 	 16753.973206 	 18907.458729 	 19971.613337
   17 	 16753.973206 	 18910.756940 	 19971.613337
   18 	 16753.973206 	 18915.119106 	 19971.613337
   19 	 16753.973206 	 18933.031585 	 19971.613337
   20 	 16213.568780 	 18968.599444 	 19971.613337
   21 	 9935.930879 	 18910.684330 	 19971.613337
   22 	 16213.568780 	 18951.590233 	 19971.613337
   23 	 16213.568780 	 19187.521244 	 19971.613337
   24 	 16213.568780 	 19319.190723 	 19971.613337
   25 	 16213.568780 	 19430.349713 	 19971.613337
   26 	 16213.568780 	 19543.218905 	 19971.613337
   27 	 18456.453398 	 19614.384025 	 19971.613337
   28 	 10696.234580 	 19418.024135 	 19971.613337
   29 	 17307.775402 	 19621.975782 	 19971.613337
   30 	 17029.185898 	 19661.829802 	 19971.613337
   31 	 18456.453398 	 19694.465815 	 19971.613337
   32 	 18164.080437 	 19700.559344 	 19971.613337
   33 	 18752.341833 	 19740.386355 	 19971.613337
   34 	 15427.606917 	 19667.530539 	 19971.613337
   35 	 11294.478583 	 19545.498034 	 19971.613337
   36 	 18456.453398 	 19691.939216 	 19971.613337
   37 	 18456.453398 	 19704.490521 	 19971.613337
   38 	 17307.775402 	 19526.506596 	 19971.613337
   39 	 17307.775402 	 19437.952052 	 19971.613337
   40 	 17307.775402 	 19436.953618 	 19971.613337
   41 	 17307.775402 	 19407.572886 	 19971.613337
   42 	 17307.775402 	 19425.545562 	 19971.613337
   43 	 15172.083653 	 19346.829140 	 19971.613337
   44 	 18164.080437 	 19446.304435 	 19971.613337
   45 	 18164.080437 	 19498.109006 	 19971.613337
   46 	 18456.453398 	 19532.163101 	 19971.613337
   47 	 1209.854839 	 19302.767351 	 19971.613337
   48 	 18456.453398 	 19590.528363 	 19971.613337
   49 	 18456.453398 	 19611.881776 	 19971.613337
 