   0 	 0.408233 	 3958.009450 	 18752.341833
    1 	 1064.514484 	 12284.147425 	 19971.613337
    2 	 2615.510971 	 15236.159801 	 19971.613337
    3 	 3883.822743 	 16417.845295 	 19971.613337
    4 	 3883.822743 	 16951.756695 	 19971.613337
    5 	 1099.548650 	 17161.794268 	 19971.613337
    6 	 1172.204877 	 17556.012720 	 19971.613337
    7 	 11092.346767 	 18151.679746 	 19971.613337
    8 	 13941.747261 	 18303.302498 	 19971.613337
    9 	 14424.531740 	 18502.211108 	 19971.613337
   10 	 14919.747761 	 18676.679038 	 19971.613337
   11 	 14424.531740 	 18748.968973 	 19971.613337
   12 	 14424.531740 	 18775.941030 	 19971.613337
   13 	 13941.747261 	 18819.467726 	 19971.613337
   14 	 15948.322585 	 19006.324124 	 19971.613337
   15 	 15948.322585 	 18960.874689 	 19971.613337
   16 	 5686.235022 	 18830.316805 	 19971.613337
   17 	 17029.185898 	 19003.719866 	 19971.613337
   18 	 16482.109929 	 18948.255237 	 19971.613337
   19 	 1172.204877 	 18849.979688 	 19971.613337
   20 	 11294.478583 	 18919.054272 	 19971.613337
   21 	 17875.194995 	 19060.371370 	 19971.613337
   22 	 17875.194995 	 19109.071347 	 19971.613337
   23 	 17875.194995 	 19111.001267 	 19971.613337
   24 	 17875.194995 	 19125.618229 	 19971.613337
   25 	 17875.194995 	 19067.650945 	 19971.613337
   26 	 5446.854152 	 18993.667719 	 19971.613337
   27 	 5446.854152 	 19033.057918 	 19971.613337
   28 	 17875.194995 	 19213.749979 	 19971.613337
   29 	 18164.080437 	 19336.921543 	 19971.613337
   30 	 18164.080437 	 19309.752435 	 19971.613337
   31 	 17875.194995 	 19257.162928 	 19971.613337
   32 	 18164.080437 	 19321.233052 	 19971.613337
   33 	 18164.080437 	 19293.853587 	 19971.613337
   34 	 14424.531740 	 19197.089908 	 19971.613337
   35 	 14670.572625 	 19190.957724 	 19971.613337
   36 	 11294.478583 	 19183.625479 	 19971.613337
   37 	 17875.194995 	 19240.343377 	 19971.613337
   38 	 18164.080437 	 19227.079680 	 19971.613337
   39 	 18164.080437 	 19272.459371 	 19971.613337
   40 	 17875.194995 	 19225.724738 	 19971.613337
   41 	 17875.194995 	 19313.568584 	 19971.613337
   42 	 17875.194995 	 19437.601890 	 19971.613337
   43 	 1209.854839 	 19278.436731 	 19971.613337
   44 	 17875.194995 	 19526.059987 	 19971.613337
   45 	 17589.769228 	 19623.634901 	 19971.613337
   46 	 18456.453398 	 19677.474461 	 19971.613337
   47 	 18456.453398 	 19680.573952 	 19971.613337
   48 	 18456.453398 	 19677.182493 	 19971.613337
   49 	 18456.453398 	 19716.826673 	 19971.613337
 