   0 	 0.408241 	 4170.899894 	 18752.341833
    1 	 231.797066 	 11376.685140 	 18752.341833
    2 	 1369.597725 	 13476.724653 	 19971.613337
    3 	 7896.596826 	 14366.211116 	 18752.341833
    4 	 292.026161 	 15165.115743 	 19971.613337
    5 	 8872.384351 	 15023.280738 	 19971.613337
    6 	 7146.891808 	 15517.278775 	 19971.613337
    7 	 9392.871732 	 15786.282752 	 19971.613337
    8 	 10122.077472 	 15917.731367 	 19971.613337
    9 	 10122.077472 	 15856.681149 	 19971.613337
   10 	 11917.473886 	 16481.510652 	 19971.613337
   11 	 11917.473886 	 16744.112063 	 19971.613337
   12 	 11917.473886 	 16742.111873 	 19971.613337
   13 	 11917.473886 	 16702.002353 	 19971.613337
   14 	 11917.473886 	 16504.854806 	 19971.613337
   15 	 11917.473886 	 16764.797768 	 19971.613337
   16 	 12346.887005 	 17035.561402 	 19971.613337
   17 	 758.385829 	 17244.024150 	 19971.613337
   18 	 12130.755414 	 17206.273336 	 19971.613337
   19 	 11917.473886 	 17336.882990 	 19971.613337
   20 	 12787.801597 	 17434.953550 	 19971.613337
   21 	 12787.801597 	 17736.919726 	 19971.613337
   22 	 12787.801597 	 17824.098372 	 19971.613337
   23 	 12787.801597 	 17955.241679 	 19971.613337
   24 	 16213.568780 	 18170.568533 	 19971.613337
   25 	 15948.322585 	 18239.368966 	 19971.613337
   26 	 15172.083653 	 18411.797205 	 19971.613337
   27 	 15172.083653 	 18326.798818 	 19971.613337
   28 	 4668.106467 	 18237.599332 	 19971.613337
   29 	 4881.464792 	 18216.013623 	 19971.613337
   30 	 5215.112523 	 18374.198723 	 19971.613337
   31 	 15948.322585 	 18578.293154 	 19971.613337
   32 	 1172.204877 	 18375.424003 	 19971.613337
   33 	 15686.344281 	 18753.063237 	 19971.613337
   34 	 15686.344281 	 18763.817424 	 19971.613337
   35 	 15686.344281 	 18788.699277 	 19971.613337
   36 	 15948.322585 	 19016.505119 	 19971.613337
   37 	 6319.203036 	 18854.172138 	 19971.613337
   38 	 16482.109929 	 19150.598209 	 19971.613337
   39 	 14181.598713 	 19163.537569 	 19971.613337
   40 	 14424.531740 	 19103.772581 	 19971.613337
   41 	 14424.531740 	 19234.025712 	 19971.613337
   42 	 14424.531740 	 19189.637393 	 19971.613337
   43 	 1248.404820 	 19053.623409 	 19971.613337
   44 	 15427.606917 	 19305.468881 	 19971.613337
   45 	 15427.606917 	 19423.658962 	 19971.613337
   46 	 1248.404820 	 19344.293965 	 19971.613337
   47 	 18456.453398 	 19568.311786 	 19971.613337
   48 	 6059.993646 	 19188.102676 	 19971.613337
   49 	 6059.993646 	 19265.683368 	 19971.613337
 