   0 	 0.408233 	 3609.379735 	 19971.613337
    1 	 266.677007 	 8904.427695 	 19971.613337
    2 	 27.168390 	 12487.038386 	 19971.613337
    3 	 3363.892281 	 14933.332757 	 19971.613337
    4 	 3363.892281 	 16335.087986 	 19971.613337
    5 	 6319.203036 	 17153.811477 	 19971.613337
    6 	 10502.205106 	 17820.428571 	 19971.613337
    7 	 10502.205106 	 17798.595477 	 19971.613337
    8 	 10502.205106 	 17835.727910 	 19971.613337
    9 	 9392.871732 	 17904.950780 	 19971.613337
   10 	 12565.893937 	 17706.020685 	 19971.613337
   11 	 11917.473886 	 17850.789129 	 19971.613337
   12 	 14181.598713 	 18179.320717 	 19971.613337
   13 	 12565.893937 	 18188.719542 	 19971.613337
   14 	 1099.548650 	 18075.841193 	 19971.613337
   15 	 10122.077472 	 18254.728541 	 19971.613337
   16 	 10122.077472 	 18563.241413 	 19971.613337
   17 	 10122.077472 	 18605.098687 	 19971.613337
   18 	 14424.531740 	 18806.741868 	 19971.613337
   19 	 15948.322585 	 18665.647448 	 19971.613337
   20 	 16213.568780 	 18682.654013 	 19971.613337
   21 	 16213.568780 	 18817.516608 	 19971.613337
   22 	 15948.322585 	 18919.195650 	 19971.613337
   23 	 16213.568780 	 19004.380330 	 19971.613337
   24 	 16213.568780 	 19049.635974 	 19971.613337
   25 	 14424.531740 	 19155.833360 	 19971.613337
   26 	 14424.531740 	 19215.319498 	 19971.613337
   27 	 14424.531740 	 19239.229121 	 19971.613337
   28 	 14424.531740 	 19245.105987 	 19971.613337
   29 	 16753.973206 	 19265.579665 	 19971.613337
   30 	 16753.973206 	 19317.630303 	 19971.613337
   31 	 1099.548650 	 18957.162544 	 19971.613337
   32 	 15686.344281 	 19239.291020 	 19971.613337
   33 	 6319.203036 	 19138.503217 	 19971.613337
   34 	 17307.775402 	 19372.499456 	 19971.613337
   35 	 17589.769228 	 19254.555736 	 19971.613337
   36 	 16213.568780 	 19140.153797 	 19971.613337
   37 	 16213.568780 	 19335.511575 	 19971.613337
   38 	 16482.109929 	 19400.437464 	 19971.613337
   39 	 17589.769228 	 19349.221447 	 19971.613337
   40 	 17589.769228 	 19452.613736 	 19971.613337
   41 	 10892.940302 	 19342.678140 	 19971.613337
   42 	 10892.940302 	 19273.244827 	 19971.613337
   43 	 1172.204877 	 19273.704376 	 19971.613337
   44 	 18164.080437 	 19354.178830 	 19971.613337
   45 	 1248.404820 	 19200.031372 	 19971.613337
   46 	 17875.194995 	 19308.613220 	 19971.613337
   47 	 6319.203036 	 19277.333027 	 19971.613337
   48 	 6319.203036 	 19265.633602 	 19971.613337
   49 	 6319.203036 	 19271.405396 	 19971.613337
 