   0 	 0.408241 	 3339.240763 	 15427.606917
    1 	 411.916198 	 8964.191227 	 17589.769228
    2 	 2055.678089 	 12167.871176 	 19971.613337
    3 	 4564.089257 	 12480.765994 	 19971.613337
    4 	 7003.602577 	 13066.098373 	 19661.381216
    5 	 6586.640689 	 13859.335399 	 19971.613337
    6 	 6586.640689 	 14562.427114 	 19971.613337
    7 	 706.123225 	 14807.359399 	 19971.613337
    8 	 4564.089257 	 15339.726775 	 19971.613337
    9 	 2292.047000 	 15730.826548 	 19971.613337
   10 	 1209.854839 	 16535.301489 	 19971.613337
   11 	 7003.602577 	 17418.484452 	 19971.613337
   12 	 8537.619040 	 17830.134406 	 19971.613337
   13 	 6188.580508 	 17788.990198 	 19971.613337
   14 	 1248.404820 	 17637.221948 	 19971.613337
   15 	 1248.404820 	 17802.004669 	 19971.613337
   16 	 8537.619040 	 18502.498694 	 19971.613337
   17 	 8703.794617 	 18737.200180 	 19971.613337
   18 	 11707.017256 	 18900.820784 	 19971.613337
   19 	 12787.801597 	 18947.591061 	 19971.613337
   20 	 14919.747761 	 19306.474937 	 19971.613337
   21 	 6059.993646 	 19176.685145 	 19971.613337
   22 	 15427.606917 	 19319.276483 	 19971.613337
   23 	 15427.606917 	 19297.437038 	 19971.613337
   24 	 15172.083653 	 19142.612437 	 19971.613337
   25 	 16753.973206 	 19371.886575 	 19971.613337
   26 	 13471.184517 	 19265.480720 	 19971.613337
   27 	 6059.993646 	 19139.399328 	 19971.613337
   28 	 17029.185898 	 19478.099137 	 19971.613337
   29 	 17029.185898 	 19472.354075 	 19971.613337
   30 	 17029.185898 	 19529.761393 	 19971.613337
   31 	 17029.185898 	 19557.646542 	 19971.613337
   32 	 6319.203036 	 19391.506750 	 19971.613337
   33 	 17307.775402 	 19559.675972 	 19971.613337
   34 	 17307.775402 	 19622.998275 	 19971.613337
   35 	 17307.775402 	 19646.997285 	 19971.613337
   36 	 16753.973206 	 19662.856844 	 19971.613337
   37 	 17589.769228 	 19679.564961 	 19971.613337
   38 	 17307.775402 	 19569.996456 	 19971.613337
   39 	 17307.775402 	 19503.346852 	 19971.613337
   40 	 1248.404820 	 19265.277779 	 19971.613337
   41 	 6319.203036 	 19438.412061 	 19971.613337
   42 	 5933.421192 	 19455.317556 	 19971.613337
   43 	 16753.973206 	 19607.896965 	 19971.613337
   44 	 17589.769228 	 19603.009725 	 19971.613337
   45 	 17589.769228 	 19552.729791 	 19971.613337
   46 	 11707.017256 	 19445.410113 	 19971.613337
   47 	 1248.404820 	 19220.120029 	 19971.613337
   48 	 15427.606917 	 19504.495943 	 19971.613337
   49 	 17307.775402 	 19541.342275 	 19971.613337
 