   0 	 0.408241 	 3998.770526 	 19354.777508
    1 	 16.269623 	 11790.653688 	 19971.613337
    2 	 4773.891672 	 14931.013442 	 19971.613337
    3 	 4881.464792 	 15147.678805 	 19971.613337
    4 	 7292.368648 	 15952.688133 	 19971.613337
    5 	 9752.363665 	 16768.758919 	 19971.613337
    6 	 9752.363665 	 17161.085672 	 19971.613337
    7 	 10310.827494 	 17583.775627 	 19971.613337
    8 	 1099.548650 	 17501.554652 	 19971.613337
    9 	 10310.827494 	 17705.766798 	 19971.613337
   10 	 10310.827494 	 17817.422544 	 19971.613337
   11 	 10696.234580 	 18135.345928 	 19971.613337
   12 	 10696.234580 	 18473.998907 	 19971.613337
   13 	 9392.871732 	 18578.074866 	 19971.613337
   14 	 15948.322585 	 18682.300969 	 19971.613337
   15 	 1099.548650 	 18567.369913 	 19971.613337
   16 	 15686.344281 	 18828.650435 	 19971.613337
   17 	 15686.344281 	 18827.570041 	 19971.613337
   18 	 16482.109929 	 18860.304208 	 19971.613337
   19 	 5808.841996 	 18792.307777 	 19971.613337
   20 	 17307.775402 	 18869.702700 	 19971.613337
   21 	 17307.775402 	 18933.667638 	 19971.613337
   22 	 17307.775402 	 18899.870924 	 19971.613337
   23 	 17307.775402 	 18894.576002 	 19971.613337
   24 	 18164.080437 	 18918.012204 	 19971.613337
   25 	 18164.080437 	 18887.030929 	 19971.613337
   26 	 18164.080437 	 18886.603442 	 19971.613337
   27 	 18164.080437 	 18898.796157 	 19971.613337
   28 	 14424.531740 	 18820.906507 	 19971.613337
   29 	 14424.531740 	 18724.230556 	 19971.613337
   30 	 10892.940302 	 18753.070208 	 19971.613337
   31 	 10892.940302 	 18741.021494 	 19971.613337
   32 	 18164.080437 	 18801.540181 	 19971.613337
   33 	 18164.080437 	 18783.892339 	 19971.613337
   34 	 18164.080437 	 18807.850282 	 19971.613337
   35 	 18164.080437 	 18789.347466 	 19971.613337
   36 	 18752.341833 	 18801.112694 	 19971.613337
   37 	 18752.341833 	 18837.690839 	 19971.613337
   38 	 18752.341833 	 18935.232559 	 19971.613337
   39 	 1099.548650 	 18568.306054 	 19971.613337
   40 	 1099.548650 	 18709.933767 	 19971.613337
   41 	 18752.341833 	 18910.847129 	 19971.613337
   42 	 18752.341833 	 18971.810704 	 19971.613337
   43 	 18752.341833 	 18984.003419 	 19971.613337
   44 	 18752.341833 	 19032.774279 	 19971.613337
   45 	 5808.841996 	 18915.531996 	 19971.613337
   46 	 18752.341833 	 19105.930570 	 19971.613337
   47 	 10892.940302 	 19027.336554 	 19971.613337
   48 	 14424.531740 	 19013.881608 	 19971.613337
   49 	 1248.404820 	 18799.712275 	 19971.613337
 