   0 	 0.408241 	 4995.311038 	 19354.777508
    1 	 544.221946 	 11411.207154 	 19971.613337
    2 	 2055.678089 	 14373.567501 	 19971.613337
    3 	 3282.597829 	 16016.397632 	 19971.613337
    4 	 7440.055250 	 17043.676835 	 19971.613337
    5 	 12130.755414 	 17291.923188 	 19971.613337
    6 	 12346.887005 	 17527.344056 	 19971.613337
    7 	 1172.204877 	 17428.805549 	 19971.613337
    8 	 12130.755414 	 17515.717981 	 19971.613337
    9 	 12130.755414 	 17662.412240 	 19971.613337
   10 	 785.579641 	 17678.753520 	 19971.613337
   11 	 11294.478583 	 18204.586471 	 19971.613337
   12 	 11294.478583 	 18303.344313 	 19971.613337
   13 	 11294.478583 	 18324.189875 	 19661.381216
   14 	 1135.440816 	 18211.430300 	 19971.613337
   15 	 10502.205106 	 18502.427715 	 19971.613337
   16 	 15948.322585 	 18652.987359 	 19971.613337
   17 	 15948.322585 	 18684.800795 	 19971.613337
   18 	 15686.344281 	 18605.207871 	 19971.613337
   19 	 15686.344281 	 18724.508606 	 19971.613337
   20 	 5565.579345 	 18725.174146 	 19971.613337
   21 	 15686.344281 	 18933.781084 	 19971.613337
   22 	 1172.204877 	 18838.025547 	 19971.613337
   23 	 1172.204877 	 18899.517791 	 19971.613337
   24 	 15948.322585 	 19114.894067 	 19971.613337
   25 	 6059.993646 	 19104.964805 	 19971.613337
   26 	 6059.993646 	 19121.764417 	 19971.613337
   27 	 15427.606917 	 19289.768823 	 19971.613337
   28 	 15948.322585 	 19327.444002 	 19971.613337
   29 	 9043.411510 	 19295.226838 	 19971.613337
   30 	 6059.993646 	 19252.684085 	 19971.613337
   31 	 11294.478583 	 19485.388218 	 19971.613337
   32 	 19051.773810 	 19620.124915 	 19971.613337
   33 	 19051.773810 	 19635.491952 	 19971.613337
   34 	 19354.777508 	 19700.205572 	 19971.613337
   35 	 6319.203036 	 19284.608907 	 19971.613337
   36 	 6059.993646 	 19325.051319 	 19971.613337
   37 	 6319.203036 	 19576.018186 	 19971.613337
   38 	 1248.404820 	 19512.973487 	 19971.613337
   39 	 11707.017256 	 19608.361216 	 19971.613337
   40 	 11707.017256 	 19574.989838 	 19971.613337
   41 	 11294.478583 	 19640.001906 	 19971.613337
   42 	 11294.478583 	 19621.640832 	 19971.613337
   43 	 14919.747761 	 19690.869250 	 19971.613337
   44 	 14919.747761 	 19681.634854 	 19971.613337
   45 	 18456.453398 	 19752.941914 	 19971.613337
   46 	 18456.453398 	 19746.809556 	 19971.613337
   47 	 1172.204877 	 19521.949890 	 19971.613337
   48 	 18456.453398 	 19746.881840 	 19971.613337
   49 	 3047.537508 	 19525.888091 	 19971.613337
 