   0 	 0.408233 	 4266.014362 	 19661.381216
    1 	 190.760449 	 10139.140672 	 19971.613337
    2 	 1248.404820 	 12966.753131 	 19971.613337
    3 	 2825.334421 	 15443.073546 	 19971.613337
    4 	 6059.993646 	 16092.991961 	 19971.613337
    5 	 6451.882602 	 16385.264893 	 19971.613337
    6 	 7589.973878 	 16482.013523 	 19971.613337
    7 	 8872.384351 	 17190.323404 	 19971.613337
    8 	 8872.384351 	 17477.008581 	 19971.613337
    9 	 10310.827494 	 17852.410199 	 19971.613337
   10 	 10310.827494 	 18102.199473 	 19971.613337
   11 	 9571.351891 	 17990.786213 	 19971.613337
   12 	 6319.203036 	 18058.841855 	 19971.613337
   13 	 11092.346767 	 18241.587487 	 19971.613337
   14 	 11092.346767 	 18301.555145 	 19971.613337
   15 	 13704.951216 	 18431.537729 	 19971.613337
   16 	 15686.344281 	 18504.946735 	 19661.381216
   17 	 10310.827494 	 18243.183526 	 19971.613337
   18 	 5446.854152 	 18192.280384 	 19971.613337
   19 	 5446.854152 	 18406.997996 	 19971.613337
   20 	 15686.344281 	 18342.875215 	 19971.613337
   21 	 14670.572625 	 18616.329483 	 19971.613337
   22 	 15686.344281 	 18783.318072 	 19971.613337
   23 	 16753.973206 	 18939.670489 	 19971.613337
   24 	 16753.973206 	 18959.682614 	 19971.613337
   25 	 16753.973206 	 18992.806285 	 19971.613337
   26 	 11499.360469 	 18970.871106 	 19971.613337
   27 	 11499.360469 	 19033.979265 	 19971.613337
   28 	 13471.184517 	 19133.592034 	 19971.613337
   29 	 16753.973206 	 19166.587297 	 19971.613337
   30 	 17029.185898 	 19092.070143 	 19661.381216
   31 	 16753.973206 	 19057.508567 	 19661.381216
   32 	 1135.440816 	 18987.011849 	 19661.381216
   33 	 16753.973206 	 19168.175805 	 19971.613337
   34 	 17875.194995 	 19296.716136 	 19971.613337
   35 	 1172.204877 	 19104.337958 	 19971.613337
   36 	 14670.572625 	 19212.403714 	 19971.613337
   37 	 14670.572625 	 19233.295577 	 19971.613337
   38 	 17875.194995 	 19345.670928 	 19971.613337
   39 	 18456.453398 	 19330.485862 	 19971.613337
   40 	 18456.453398 	 19354.763856 	 19971.613337
   41 	 17875.194995 	 19391.625773 	 19971.613337
   42 	 1135.440816 	 19024.845269 	 19971.613337
   43 	 10696.234580 	 19148.786273 	 19971.613337
   44 	 14670.572625 	 19360.148497 	 19971.613337
   45 	 17875.194995 	 19389.024347 	 19971.613337
   46 	 11499.360469 	 19340.237315 	 19971.613337
   47 	 11499.360469 	 19404.332724 	 19971.613337
   48 	 11499.360469 	 19352.244674 	 19971.613337
   49 	 17875.194995 	 19421.749250 	 19971.613337
 