   0 	 0.408241 	 5155.769195 	 19661.381216
    1 	 379.005392 	 11980.616821 	 19661.381216
    2 	 2417.598604 	 14747.825409 	 19971.613337
    3 	 8373.834461 	 16093.176418 	 19971.613337
    4 	 6723.498891 	 16974.209710 	 19971.613337
    5 	 6723.498891 	 17527.104687 	 19971.613337
    6 	 10892.940302 	 18280.955001 	 19971.613337
    7 	 10892.940302 	 18519.566125 	 19971.613337
    8 	 12787.801597 	 18560.137866 	 19971.613337
    9 	 13471.184517 	 18621.647506 	 19971.613337
   10 	 6059.993646 	 18334.417572 	 19971.613337
   11 	 6319.203036 	 18660.646293 	 19971.613337
   12 	 6188.580508 	 18776.153993 	 19971.613337
   13 	 6319.203036 	 18963.268628 	 19971.613337
   14 	 16482.109929 	 19143.232539 	 19971.613337
   15 	 16753.973206 	 19209.545818 	 19971.613337
   16 	 16753.973206 	 19290.598490 	 19971.613337
   17 	 16753.973206 	 19469.390828 	 19971.613337
   18 	 6319.203036 	 19216.703860 	 19971.613337
   19 	 16753.973206 	 19276.972657 	 19971.613337
   20 	 11294.478583 	 19301.056132 	 19971.613337
   21 	 5446.854152 	 19267.886972 	 19971.613337
   22 	 1209.854839 	 19024.170720 	 19971.613337
   23 	 17307.775402 	 19450.208552 	 19971.613337
   24 	 17307.775402 	 19392.185983 	 19971.613337
   25 	 1248.404820 	 19250.875308 	 19971.613337
   26 	 17029.185898 	 19513.723424 	 19971.613337
   27 	 17029.185898 	 19475.279884 	 19971.613337
   28 	 17029.185898 	 19436.398506 	 19971.613337
   29 	 17029.185898 	 19487.381569 	 19971.613337
   30 	 17029.185898 	 19584.448706 	 19971.613337
   31 	 17029.185898 	 19514.830301 	 19971.613337
   32 	 17029.185898 	 19433.919581 	 19971.613337
   33 	 17029.185898 	 19509.093131 	 19971.613337
   34 	 17029.185898 	 19473.555686 	 19971.613337
   35 	 17029.185898 	 19592.213518 	 19971.613337
   36 	 11707.017256 	 19450.566043 	 19971.613337
   37 	 964.422716 	 19250.495902 	 19971.613337
   38 	 17029.185898 	 19421.616889 	 19971.613337
   39 	 17029.185898 	 19446.687110 	 19971.613337
   40 	 17029.185898 	 19526.102175 	 19971.613337
   41 	 17029.185898 	 19492.624060 	 19971.613337
   42 	 1248.404820 	 19304.817125 	 19971.613337
   43 	 15172.083653 	 19404.101674 	 19971.613337
   44 	 15172.083653 	 19520.123700 	 19971.613337
   45 	 1172.204877 	 19319.784813 	 19971.613337
   46 	 15427.606917 	 19552.261358 	 19971.613337
   47 	 11707.017256 	 19533.142863 	 19971.613337
   48 	 6319.203036 	 19544.732539 	 19971.613337
   49 	 14670.572625 	 19728.346531 	 19971.613337
 