   0 	 0.408241 	 4363.885825 	 19051.773810
    1 	 632.855214 	 11526.714466 	 19971.613337
    2 	 2548.239607 	 15020.645217 	 19971.613337
    3 	 565.445651 	 16389.061778 	 19971.613337
    4 	 3704.262470 	 17222.090642 	 19971.613337
    5 	 5565.579345 	 17784.518067 	 19971.613337
    6 	 8537.619040 	 18415.655757 	 19971.613337
    7 	 13240.421220 	 18489.092441 	 19971.613337
    8 	 14919.747761 	 18707.217433 	 19971.613337
    9 	 14919.747761 	 18779.603573 	 19971.613337
   10 	 14919.747761 	 18690.221324 	 19971.613337
   11 	 10502.205106 	 18715.885606 	 19971.613337
   12 	 10502.205106 	 18753.347598 	 19971.613337
   13 	 6319.203036 	 18764.973810 	 19971.613337
   14 	 11294.478583 	 18893.831393 	 19971.613337
   15 	 1172.204877 	 18610.647923 	 19971.613337
   16 	 1172.204877 	 18621.777836 	 19971.613337
   17 	 10122.077472 	 18887.722119 	 19971.613337
   18 	 1248.404820 	 18891.056265 	 19971.613337
   19 	 15948.322585 	 19107.812432 	 19971.613337
   20 	 15948.322585 	 19190.148656 	 19971.613337
   21 	 14919.747761 	 19306.312244 	 19971.613337
   22 	 14919.747761 	 19230.818342 	 19971.613337
   23 	 14919.747761 	 19229.604492 	 19971.613337
   24 	 14919.747761 	 19196.520438 	 19971.613337
   25 	 14919.747761 	 19227.581617 	 19971.613337
   26 	 5933.421192 	 19176.104558 	 19971.613337
   27 	 1248.404820 	 19194.800311 	 19971.613337
   28 	 18164.080437 	 19528.605010 	 19971.613337
   29 	 1248.404820 	 19395.572358 	 19971.613337
   30 	 14919.747761 	 19485.865978 	 19971.613337
   31 	 6059.993646 	 19364.021088 	 19971.613337
   32 	 6059.993646 	 19284.979925 	 19971.613337
   33 	 14919.747761 	 19303.605711 	 19971.613337
   34 	 6319.203036 	 19283.950961 	 19971.613337
   35 	 1172.204877 	 19232.336978 	 19971.613337
   36 	 18164.080437 	 19474.701051 	 19971.613337
   37 	 1172.204877 	 19372.346234 	 19971.613337
   38 	 1172.204877 	 19426.572221 	 19971.613337
   39 	 1172.204877 	 19451.101652 	 19971.613337
   40 	 19354.777508 	 19663.195423 	 19971.613337
   41 	 11707.017256 	 19611.391253 	 19971.613337
   42 	 11707.017256 	 19602.336859 	 19971.613337
   43 	 18752.341833 	 19682.024501 	 19971.613337
   44 	 19354.777508 	 19690.934893 	 19971.613337
   45 	 19354.777508 	 19724.842721 	 19971.613337
   46 	 6319.203036 	 19637.665485 	 19971.613337
   47 	 6319.203036 	 19621.126942 	 19971.613337
   48 	 11707.017256 	 19778.008927 	 19971.613337
   49 	 19051.773810 	 19888.466643 	 19971.613337
 