   0 	 0.408233 	 4154.305337 	 19971.613337
    1 	 1030.324535 	 11296.687631 	 19971.613337
    2 	 1890.778026 	 13877.928551 	 19971.613337
    3 	 4881.464792 	 15763.904700 	 19971.613337
    4 	 99.747376 	 16600.889051 	 19971.613337
    5 	 6862.478915 	 16715.479975 	 19971.613337
    6 	 6723.498891 	 16685.865962 	 19971.613337
    7 	 3047.537508 	 16709.230352 	 19971.613337
    8 	 15686.344281 	 17091.348881 	 19971.613337
    9 	 964.422716 	 17177.862841 	 19971.613337
   10 	 964.422716 	 17306.692433 	 19971.613337
   11 	 842.155623 	 17207.872190 	 19971.613337
   12 	 12130.755414 	 17681.933928 	 19971.613337
   13 	 12130.755414 	 17623.344863 	 19971.613337
   14 	 1099.548650 	 17399.132943 	 19971.613337
   15 	 15686.344281 	 17732.282692 	 19971.613337
   16 	 15686.344281 	 17722.596179 	 19971.613337
   17 	 15948.322585 	 17734.958993 	 19971.613337
   18 	 15948.322585 	 17783.910114 	 19971.613337
   19 	 15948.322585 	 17728.073319 	 19971.613337
   20 	 15948.322585 	 17657.138579 	 19971.613337
   21 	 15948.322585 	 17754.285939 	 19971.613337
   22 	 15948.322585 	 17839.402784 	 19971.613337
   23 	 964.422716 	 17656.435916 	 19971.613337
   24 	 13240.421220 	 18026.880055 	 19971.613337
   25 	 964.422716 	 18014.239096 	 19971.613337
   26 	 15948.322585 	 18221.974102 	 19971.613337
   27 	 964.422716 	 18375.852174 	 19971.613337
   28 	 11294.478583 	 18401.328857 	 19971.613337
   29 	 11294.478583 	 18501.683676 	 19971.613337
   30 	 11707.017256 	 18543.165684 	 19971.613337
   31 	 1248.404820 	 18487.773604 	 19971.613337
   32 	 11707.017256 	 19016.815570 	 19971.613337
   33 	 11707.017256 	 19008.523581 	 19971.613337
   34 	 11707.017256 	 18811.591938 	 19971.613337
   35 	 11707.017256 	 19129.205844 	 19971.613337
   36 	 10122.077472 	 19299.285869 	 19971.613337
   37 	 16482.109929 	 19463.466897 	 19971.613337
   38 	 15427.606917 	 19360.978613 	 19971.613337
   39 	 15427.606917 	 19343.009925 	 19971.613337
   40 	 15427.606917 	 19388.250367 	 19971.613337
   41 	 842.155623 	 19203.585465 	 19971.613337
   42 	 16482.109929 	 19300.989776 	 19971.613337
   43 	 16482.109929 	 19417.867593 	 19971.613337
   44 	 16482.109929 	 19458.682037 	 19971.613337
   45 	 16482.109929 	 19559.466737 	 19971.613337
   46 	 16482.109929 	 19644.797887 	 19971.613337
   47 	 17589.769228 	 19686.352929 	 19971.613337
   48 	 17589.769228 	 19704.003012 	 19971.613337
   49 	 11707.017256 	 19652.477828 	 19971.613337
 