   0 	 0.408241 	 3152.661443 	 19354.777508
    1 	 210.528304 	 10287.878193 	 19661.381216
    2 	 758.385829 	 13809.529576 	 19661.381216
    3 	 3883.822743 	 15665.594897 	 19661.381216
    4 	 429.153761 	 16171.487079 	 19971.613337
    5 	 10122.077472 	 16954.538228 	 19971.613337
    6 	 5808.841996 	 17732.012188 	 19971.613337
    7 	 13012.635488 	 18112.359230 	 19971.613337
    8 	 13012.635488 	 18253.957353 	 19971.613337
    9 	 4881.464792 	 18245.980701 	 19971.613337
   10 	 9392.871732 	 18252.450059 	 19971.613337
   11 	 13012.635488 	 18248.300972 	 19971.613337
   12 	 13240.421220 	 18491.816605 	 19971.613337
   13 	 13471.184517 	 18472.802211 	 19971.613337
   14 	 1030.324535 	 18360.215999 	 19971.613337
   15 	 15686.344281 	 18577.927309 	 19971.613337
   16 	 11092.346767 	 18721.474473 	 19971.613337
   17 	 16213.568780 	 18871.726634 	 19971.613337
   18 	 16482.109929 	 18930.011741 	 19971.613337
   19 	 15948.322585 	 19032.991882 	 19971.613337
   20 	 15948.322585 	 19018.928515 	 19971.613337
   21 	 1248.404820 	 18739.634425 	 19971.613337
   22 	 15948.322585 	 19150.765327 	 19971.613337
   23 	 17029.185898 	 19209.595620 	 19971.613337
   24 	 11707.017256 	 19153.276121 	 19971.613337
   25 	 17307.775402 	 19349.976533 	 19971.613337
   26 	 16482.109929 	 19454.105945 	 19971.613337
   27 	 1209.854839 	 19230.854901 	 19971.613337
   28 	 11499.360469 	 19434.269196 	 19971.613337
   29 	 1248.404820 	 19186.238081 	 19971.613337
   30 	 17029.185898 	 19370.646425 	 19971.613337
   31 	 17307.775402 	 19406.208661 	 19971.613337
   32 	 11294.478583 	 19297.685784 	 19971.613337
   33 	 11499.360469 	 19419.970466 	 19971.613337
   34 	 11499.360469 	 19399.429293 	 19971.613337
   35 	 17307.775402 	 19484.117513 	 19971.613337
   36 	 1209.854839 	 19426.031383 	 19971.613337
   37 	 1064.514484 	 19405.678875 	 19971.613337
   38 	 18456.453398 	 19575.635321 	 19971.613337
   39 	 6188.580508 	 19213.023139 	 19971.613337
   40 	 11707.017256 	 19486.673728 	 19971.613337
   41 	 18456.453398 	 19630.537124 	 19971.613337
   42 	 17589.769228 	 19537.377949 	 19971.613337
   43 	 17589.769228 	 19577.267660 	 19971.613337
   44 	 17589.769228 	 19628.428719 	 19971.613337
   45 	 15172.083653 	 19632.096247 	 19971.613337
   46 	 15427.606917 	 19587.233970 	 19971.613337
   47 	 1209.854839 	 19393.519745 	 19971.613337
   48 	 6188.580508 	 19500.501860 	 19971.613337
   49 	 6319.203036 	 19489.926736 	 19971.613337
 