   0 	 0.408241 	 3844.949177 	 19661.381216
    1 	 1064.514484 	 11921.871956 	 19971.613337
    2 	 2112.969753 	 15100.737303 	 19971.613337
    3 	 5102.055018 	 16807.157283 	 19971.613337
    4 	 8212.417836 	 17519.641090 	 19971.613337
    5 	 8212.417836 	 17548.467844 	 19971.613337
    6 	 8212.417836 	 17793.050782 	 19971.613337
    7 	 12565.893937 	 17972.750366 	 19971.613337
    8 	 12787.801597 	 18160.473878 	 19971.613337
    9 	 15686.344281 	 18253.784417 	 19971.613337
   10 	 13941.747261 	 18099.944778 	 19971.613337
   11 	 1099.548650 	 17960.395118 	 19971.613337
   12 	 5808.841996 	 18184.707415 	 19971.613337
   13 	 15686.344281 	 18482.703276 	 19971.613337
   14 	 15686.344281 	 18545.301903 	 19971.613337
   15 	 15686.344281 	 18637.449855 	 19971.613337
   16 	 15686.344281 	 18622.170773 	 19971.613337
   17 	 15948.322585 	 18823.443319 	 19971.613337
   18 	 15948.322585 	 18802.406057 	 19971.613337
   19 	 15948.322585 	 18657.681643 	 19971.613337
   20 	 16213.568780 	 18786.492765 	 19971.613337
   21 	 16482.109929 	 18889.533530 	 19971.613337
   22 	 16482.109929 	 18987.805221 	 19971.613337
   23 	 16482.109929 	 19225.049710 	 19971.613337
   24 	 16213.568780 	 19222.375703 	 19971.613337
   25 	 16482.109929 	 19310.225394 	 19971.613337
   26 	 6319.203036 	 19186.402005 	 19971.613337
   27 	 17875.194995 	 19460.522322 	 19971.613337
   28 	 1030.324535 	 19203.832800 	 19971.613337
   29 	 6319.203036 	 19207.165155 	 19971.613337
   30 	 17875.194995 	 19413.996641 	 19971.613337
   31 	 14424.531740 	 19433.114698 	 19971.613337
   32 	 17875.194995 	 19521.882752 	 19971.613337
   33 	 17875.194995 	 19551.864480 	 19971.613337
   34 	 18456.453398 	 19605.981893 	 19971.613337
   35 	 6188.580508 	 19502.842385 	 19971.613337
   36 	 17307.775402 	 19668.766568 	 19971.613337
   37 	 11707.017256 	 19607.439433 	 19971.613337
   38 	 18456.453398 	 19606.340201 	 19971.613337
   39 	 18456.453398 	 19654.860754 	 19971.613337
   40 	 18164.080437 	 19640.176032 	 19971.613337
   41 	 18164.080437 	 19625.417049 	 19971.613337
   42 	 18164.080437 	 19619.248975 	 19971.613337
   43 	 15427.606917 	 19644.224576 	 19971.613337
   44 	 18164.080437 	 19658.608821 	 19971.613337
   45 	 18752.341833 	 19723.000980 	 19971.613337
   46 	 18164.080437 	 19714.592335 	 19971.613337
   47 	 18752.341833 	 19784.432844 	 19971.613337
   48 	 17589.769228 	 19770.136801 	 19971.613337
   49 	 11707.017256 	 19671.809101 	 19971.613337
 