   0 	 0.408233 	 4093.240112 	 19971.613337
    1 	 1.698852 	 10980.066499 	 19971.613337
    2 	 544.221946 	 13337.575963 	 19971.613337
    3 	 2231.137802 	 15177.174731 	 19971.613337
    4 	 6862.478915 	 15378.560312 	 19971.613337
    5 	 813.498646 	 15622.134199 	 19971.613337
    6 	 7896.596826 	 16477.926011 	 19971.613337
    7 	 7896.596826 	 16629.032465 	 19971.613337
    8 	 8703.794617 	 17224.108554 	 19971.613337
    9 	 1248.404820 	 17952.660405 	 19971.613337
   10 	 14424.531740 	 18369.385833 	 19971.613337
   11 	 13941.747261 	 18391.778702 	 19971.613337
   12 	 13941.747261 	 18515.942734 	 19971.613337
   13 	 14670.572625 	 18732.565251 	 19971.613337
   14 	 6188.580508 	 18656.273355 	 19971.613337
   15 	 6188.580508 	 18774.839506 	 19971.613337
   16 	 5686.235022 	 18826.523520 	 19971.613337
   17 	 11707.017256 	 19035.615107 	 19971.613337
   18 	 16213.568780 	 19200.835584 	 19971.613337
   19 	 14670.572625 	 19151.097894 	 19971.613337
   20 	 6319.203036 	 19133.631239 	 19971.613337
   21 	 15172.083653 	 19284.532528 	 19971.613337
   22 	 15172.083653 	 19212.663020 	 19971.613337
   23 	 1172.204877 	 19033.893113 	 19971.613337
   24 	 15172.083653 	 19216.418083 	 19971.613337
   25 	 16753.973206 	 19323.869385 	 19971.613337
   26 	 16753.973206 	 19323.208947 	 19971.613337
   27 	 11499.360469 	 19259.064875 	 19971.613337
   28 	 6188.580508 	 19277.272161 	 19971.613337
   29 	 1135.440816 	 18877.613053 	 19971.613337
   30 	 8537.619040 	 19133.931253 	 19971.613337
   31 	 14670.572625 	 19484.700275 	 19971.613337
   32 	 15172.083653 	 19577.398219 	 19971.613337
   33 	 15172.083653 	 19590.150490 	 19971.613337
   34 	 15172.083653 	 19634.266489 	 19971.613337
   35 	 18456.453398 	 19700.087364 	 19971.613337
   36 	 17307.775402 	 19664.465744 	 19971.613337
   37 	 1248.404820 	 19506.652335 	 19971.613337
   38 	 19051.773810 	 19705.573692 	 19971.613337
   39 	 6188.580508 	 19510.724589 	 19971.613337
   40 	 19051.773810 	 19723.861914 	 19971.613337
   41 	 16753.973206 	 19676.751050 	 19971.613337
   42 	 1248.404820 	 19536.881267 	 19971.613337
   43 	 18456.453398 	 19721.262469 	 19971.613337
   44 	 18456.453398 	 19758.021749 	 19971.613337
   45 	 11707.017256 	 19684.934190 	 19971.613337
   46 	 18456.453398 	 19696.946776 	 19971.613337
   47 	 1209.854839 	 19499.878791 	 19971.613337
   48 	 18456.453398 	 19696.083326 	 19971.613337
   49 	 18456.453398 	 19678.119108 	 19971.613337
 