   0 	 0.408441 	 4689.092499 	 19971.613337
    1 	 842.155623 	 11437.807839 	 19971.613337
    2 	 3976.012393 	 14495.481567 	 19971.613337
    3 	 3976.012393 	 15736.966739 	 19971.613337
    4 	 4881.464792 	 16700.923840 	 19971.613337
    5 	 4881.464792 	 17247.523834 	 19971.613337
    6 	 9935.930879 	 17432.005698 	 19971.613337
    7 	 9216.899473 	 17432.280626 	 19971.613337
    8 	 9571.351891 	 17641.079332 	 19971.613337
    9 	 12130.755414 	 17838.281960 	 19971.613337
   10 	 12787.801597 	 17963.961561 	 19971.613337
   11 	 785.579641 	 18046.579575 	 19971.613337
   12 	 13704.951216 	 18361.064355 	 19971.613337
   13 	 15948.322585 	 18505.525909 	 19971.613337
   14 	 11707.017256 	 18710.125899 	 19971.613337
   15 	 1099.548650 	 18638.780206 	 19971.613337
   16 	 15948.322585 	 18821.763971 	 19971.613337
   17 	 15948.322585 	 18726.293176 	 19971.613337
   18 	 15948.322585 	 18781.980487 	 19971.613337
   19 	 17589.769228 	 18926.965623 	 19971.613337
   20 	 17589.769228 	 19023.336253 	 19971.613337
   21 	 17875.194995 	 19102.125969 	 19971.613337
   22 	 17875.194995 	 19074.426164 	 19971.613337
   23 	 17875.194995 	 19207.334152 	 19971.613337
   24 	 18164.080437 	 19233.177739 	 19971.613337
   25 	 14670.572625 	 19231.787943 	 19971.613337
   26 	 18164.080437 	 19268.505189 	 19971.613337
   27 	 10502.205106 	 19182.903760 	 19971.613337
   28 	 18164.080437 	 19214.317461 	 19971.613337
   29 	 17875.194995 	 19217.774425 	 19971.613337
   30 	 18164.080437 	 19267.083028 	 19971.613337
   31 	 18164.080437 	 19183.234179 	 19971.613337
   32 	 18164.080437 	 19240.557970 	 19971.613337
   33 	 18164.080437 	 19247.154380 	 19971.613337
   34 	 16482.109929 	 19342.383373 	 19971.613337
   35 	 10502.205106 	 19332.921067 	 19971.613337
   36 	 18164.080437 	 19415.132172 	 19971.613337
   37 	 18164.080437 	 19411.112543 	 19971.613337
   38 	 15948.322585 	 19458.870017 	 19971.613337
   39 	 15948.322585 	 19500.259516 	 19971.613337
   40 	 18164.080437 	 19597.532728 	 19971.613337
   41 	 17029.185898 	 19589.643566 	 19971.613337
   42 	 18164.080437 	 19591.328370 	 19971.613337
   43 	 18164.080437 	 19609.401440 	 19971.613337
   44 	 17029.185898 	 19555.017988 	 19971.613337
   45 	 14919.747761 	 19486.696284 	 19971.613337
   46 	 14919.747761 	 19490.891359 	 19971.613337
   47 	 18752.341833 	 19534.955912 	 19971.613337
   48 	 11294.478583 	 19356.208643 	 19971.613337
   49 	 11294.478583 	 19400.988687 	 19971.613337
 