   0 	 0.410645 	 5372.366497 	 19661.381216
    1 	 587.284562 	 11777.125811 	 19661.381216
    2 	 1172.204877 	 14596.116231 	 19661.381216
    3 	 1172.204877 	 15405.568576 	 19971.613337
    4 	 6319.203036 	 15742.166962 	 19971.613337
    5 	 9216.899473 	 16019.578312 	 19971.613337
    6 	 5330.038742 	 16301.218425 	 19971.613337
    7 	 220.970482 	 16442.608315 	 19971.613337
    8 	 5102.055018 	 16571.113675 	 19971.613337
    9 	 12787.801597 	 16610.976573 	 19971.613337
   10 	 4773.891672 	 16479.298156 	 19971.613337
   11 	 12787.801597 	 17247.679626 	 19971.613337
   12 	 12346.887005 	 17637.118800 	 19971.613337
   13 	 13240.421220 	 18028.948267 	 19971.613337
   14 	 13240.421220 	 18052.251960 	 19971.613337
   15 	 9216.899473 	 18027.616420 	 19971.613337
   16 	 12787.801597 	 18138.577091 	 19971.613337
   17 	 15948.322585 	 18301.565684 	 19971.613337
   18 	 5933.421192 	 18425.512314 	 19971.613337
   19 	 5933.421192 	 18346.438148 	 19971.613337
   20 	 5933.421192 	 18423.324951 	 19971.613337
   21 	 15686.344281 	 18595.366107 	 19971.613337
   22 	 6319.203036 	 18280.020276 	 19971.613337
   23 	 6319.203036 	 18403.174790 	 19971.613337
   24 	 15686.344281 	 18378.268901 	 19971.613337
   25 	 15427.606917 	 18486.883101 	 19971.613337
   26 	 15948.322585 	 18678.919139 	 19971.613337
   27 	 15686.344281 	 18767.515537 	 19971.613337
   28 	 15686.344281 	 18918.557131 	 19971.613337
   29 	 1099.548650 	 18587.893224 	 19971.613337
   30 	 1248.404820 	 18648.413191 	 19971.613337
   31 	 11092.346767 	 18805.274295 	 19971.613337
   32 	 11092.346767 	 18929.576793 	 19971.613337
   33 	 11092.346767 	 18803.041418 	 19971.613337
   34 	 11294.478583 	 18804.674677 	 19971.613337
   35 	 11294.478583 	 18746.022415 	 19971.613337
   36 	 1209.854839 	 18767.910295 	 19971.613337
   37 	 1248.404820 	 18935.430628 	 19971.613337
   38 	 15172.083653 	 19379.092093 	 19971.613337
   39 	 1209.854839 	 19338.854649 	 19971.613337
   40 	 1209.854839 	 19104.980996 	 19971.613337
   41 	 1209.854839 	 19267.868570 	 19971.613337
   42 	 17307.775402 	 19512.431979 	 19971.613337
   43 	 6319.203036 	 19265.620610 	 19971.613337
   44 	 17589.769228 	 19541.646748 	 19971.613337
   45 	 1248.404820 	 19214.614710 	 19971.613337
   46 	 6188.580508 	 19387.651552 	 19971.613337
   47 	 17307.775402 	 19593.376093 	 19971.613337
   48 	 11092.346767 	 19477.841535 	 19971.613337
   49 	 11092.346767 	 19500.623413 	 19971.613337
 