   0 	 0.408233 	 4072.904345 	 19661.381216
    1 	 99.747376 	 11101.607628 	 19661.381216
    2 	 1411.891190 	 13967.659927 	 19971.613337
    3 	 3976.012393 	 14962.032970 	 19971.613337
    4 	 3976.012393 	 15271.554956 	 19971.613337
    5 	 7292.368648 	 15657.827777 	 19661.381216
    6 	 12130.755414 	 16070.793147 	 19661.381216
    7 	 12565.893937 	 16694.318056 	 19971.613337
    8 	 11707.017256 	 17375.205636 	 19971.613337
    9 	 11707.017256 	 17626.139185 	 19971.613337
   10 	 11707.017256 	 17841.000239 	 19971.613337
   11 	 12787.801597 	 17829.639899 	 19971.613337
   12 	 11092.346767 	 17960.518215 	 19971.613337
   13 	 10696.234580 	 18233.673844 	 19971.613337
   14 	 12787.801597 	 18513.540785 	 19971.613337
   15 	 12787.801597 	 18565.482826 	 19971.613337
   16 	 1064.514484 	 18541.105412 	 19971.613337
   17 	 14181.598713 	 19004.644102 	 19971.613337
   18 	 14670.572625 	 19131.996496 	 19971.613337
   19 	 14670.572625 	 19170.925949 	 19971.613337
   20 	 14670.572625 	 19039.614895 	 19971.613337
   21 	 6188.580508 	 18986.290680 	 19971.613337
   22 	 6188.580508 	 19050.877723 	 19971.613337
   23 	 14670.572625 	 19164.142903 	 19971.613337
   24 	 14670.572625 	 19267.239874 	 19971.613337
   25 	 14670.572625 	 19238.523232 	 19971.613337
   26 	 14670.572625 	 19178.444355 	 19971.613337
   27 	 15172.083653 	 19289.426243 	 19971.613337
   28 	 15172.083653 	 19327.304996 	 19971.613337
   29 	 14670.572625 	 19261.849020 	 19971.613337
   30 	 11092.346767 	 19173.020638 	 19971.613337
   31 	 11092.346767 	 19140.591479 	 19971.613337
   32 	 19051.773810 	 19374.939440 	 19971.613337
   33 	 5933.421192 	 19271.242247 	 19971.613337
   34 	 19051.773810 	 19414.437069 	 19971.613337
   35 	 6319.203036 	 19265.612249 	 19661.381216
   36 	 1135.440816 	 19165.468395 	 19661.381216
   37 	 17875.194995 	 19338.998294 	 19971.613337
   38 	 6188.580508 	 19222.414225 	 19661.381216
   39 	 19051.773810 	 19408.196142 	 19661.381216
   40 	 19051.773810 	 19444.880871 	 19971.613337
   41 	 1209.854839 	 19159.662451 	 19971.613337
   42 	 19051.773810 	 19487.625673 	 19971.613337
   43 	 19051.773810 	 19530.442760 	 19971.613337
   44 	 19051.773810 	 19536.394266 	 19971.613337
   45 	 19051.773810 	 19536.466550 	 19971.613337
   46 	 19051.773810 	 19505.986464 	 19971.613337
   47 	 18456.453398 	 19533.796520 	 19971.613337
   48 	 17307.775402 	 19589.836828 	 19971.613337
   49 	 11499.360469 	 19546.974864 	 19971.613337
 