   0 	 0.409112 	 3905.493615 	 19354.777508
    1 	 731.904542 	 12399.034369 	 19354.777508
    2 	 379.005392 	 15188.530275 	 19661.381216
    3 	 4165.305857 	 16058.387213 	 19971.613337
    4 	 4668.106467 	 16444.155925 	 19971.613337
    5 	 8212.417836 	 16877.596727 	 19971.613337
    6 	 8212.417836 	 17410.166572 	 19971.613337
    7 	 8212.417836 	 17604.939789 	 19971.613337
    8 	 14670.572625 	 17951.006769 	 19971.613337
    9 	 13704.951216 	 18095.638548 	 19971.613337
   10 	 13704.951216 	 18371.882924 	 19971.613337
   11 	 1248.404820 	 18148.810816 	 19971.613337
   12 	 10310.827494 	 18409.603038 	 19971.613337
   13 	 5565.579345 	 18358.355578 	 19971.613337
   14 	 15686.344281 	 18555.124310 	 19971.613337
   15 	 15948.322585 	 18503.195825 	 19971.613337
   16 	 15686.344281 	 18432.620530 	 19971.613337
   17 	 15686.344281 	 18550.398732 	 19971.613337
   18 	 6188.580508 	 18483.688067 	 19971.613337
   19 	 15686.344281 	 18748.638658 	 19971.613337
   20 	 11092.346767 	 18647.341859 	 19971.613337
   21 	 15686.344281 	 18682.975465 	 19971.613337
   22 	 11499.360469 	 18717.934032 	 19971.613337
   23 	 15686.344281 	 18947.790508 	 19971.613337
   24 	 17307.775402 	 19006.908176 	 19971.613337
   25 	 16753.973206 	 19025.016795 	 19971.613337
   26 	 16753.973206 	 19039.309492 	 19971.613337
   27 	 16753.973206 	 19130.984471 	 19971.613337
   28 	 11092.346767 	 19068.270151 	 19971.613337
   29 	 6059.993646 	 18906.556216 	 19971.613337
   30 	 11092.346767 	 19047.466731 	 19971.613337
   31 	 11092.346767 	 19117.114237 	 19971.613337
   32 	 17029.185898 	 19288.717837 	 19971.613337
   33 	 1172.204877 	 19024.601757 	 19971.613337
   34 	 14919.747761 	 19213.790550 	 19971.613337
   35 	 14919.747761 	 19276.962744 	 19971.613337
   36 	 11294.478583 	 19249.623270 	 19971.613337
   37 	 11294.478583 	 19254.047443 	 19971.613337
   38 	 6059.993646 	 19182.449697 	 19971.613337
   39 	 6059.993646 	 19160.627993 	 19971.613337
   40 	 1030.324535 	 18901.587336 	 19971.613337
   41 	 1172.204877 	 19073.089459 	 19971.613337
   42 	 17029.185898 	 19252.226605 	 19971.613337
   43 	 18164.080437 	 19266.119846 	 19971.613337
   44 	 18164.080437 	 19296.102146 	 19971.613337
   45 	 18164.080437 	 19290.363534 	 19971.613337
   46 	 1172.204877 	 18993.235552 	 19971.613337
   47 	 18164.080437 	 19272.288205 	 19971.613337
   48 	 18164.080437 	 19337.991416 	 19971.613337
   49 	 19051.773810 	 19388.757620 	 19971.613337
 