   0 	 0.473866 	 3765.989794 	 19051.773810
    1 	 411.916198 	 11278.840177 	 19971.613337
    2 	 1890.778026 	 14159.644506 	 19661.381216
    3 	 49.432440 	 15169.831046 	 19661.381216
    4 	 5215.112523 	 16610.558011 	 19971.613337
    5 	 5215.112523 	 17426.524714 	 19971.613337
    6 	 5215.112523 	 17602.422383 	 19971.613337
    7 	 12346.887005 	 18003.914419 	 19971.613337
    8 	 12346.887005 	 18003.229675 	 19971.613337
    9 	 871.563460 	 17882.663606 	 19971.613337
   10 	 12346.887005 	 18272.712202 	 19971.613337
   11 	 5933.421192 	 18162.401694 	 19971.613337
   12 	 1209.854839 	 18276.380934 	 19971.613337
   13 	 14181.598713 	 18236.928209 	 19971.613337
   14 	 14181.598713 	 18463.878628 	 19971.613337
   15 	 14181.598713 	 18713.145144 	 19971.613337
   16 	 14181.598713 	 18782.769406 	 19971.613337
   17 	 15172.083653 	 18864.471782 	 19971.613337
   18 	 14181.598713 	 18768.397211 	 19971.613337
   19 	 13704.951216 	 18695.439593 	 19971.613337
   20 	 14181.598713 	 18711.249041 	 19971.613337
   21 	 10696.234580 	 18571.191496 	 19971.613337
   22 	 10696.234580 	 18583.394965 	 19971.613337
   23 	 10696.234580 	 18572.851228 	 19971.613337
   24 	 14181.598713 	 18643.939605 	 19971.613337
   25 	 14181.598713 	 18701.898357 	 19971.613337
   26 	 14181.598713 	 18840.801537 	 19971.613337
   27 	 1209.854839 	 18664.651643 	 19971.613337
   28 	 16213.568780 	 18926.831014 	 19971.613337
   29 	 1064.514484 	 18802.746669 	 19971.613337
   30 	 17307.775402 	 18989.812772 	 19971.613337
   31 	 17307.775402 	 19081.556127 	 19971.613337
   32 	 16213.568780 	 19026.902106 	 19971.613337
   33 	 16213.568780 	 19040.375575 	 19971.613337
   34 	 17307.775402 	 19113.828231 	 19971.613337
   35 	 1209.854839 	 18901.718849 	 19971.613337
   36 	 14181.598713 	 19063.734962 	 19971.613337
   37 	 14424.531740 	 19122.269282 	 19971.613337
   38 	 10892.940302 	 19264.132263 	 19971.613337
   39 	 11707.017256 	 19270.238315 	 19971.613337
   40 	 16482.109929 	 19343.930560 	 19971.613337
   41 	 17589.769228 	 19390.305054 	 19971.613337
   42 	 11707.017256 	 19321.453386 	 19971.613337
   43 	 11499.360469 	 19078.040026 	 19971.613337
   44 	 11499.360469 	 19141.962486 	 19971.613337
   45 	 11499.360469 	 19265.384970 	 19971.613337
   46 	 1248.404820 	 19178.170450 	 19971.613337
   47 	 11499.360469 	 19337.464070 	 19971.613337
   48 	 18456.453398 	 19436.855158 	 19971.613337
   49 	 18456.453398 	 19452.361106 	 19971.613337
 