   0 	 0.408241 	 4490.409992 	 19971.613337
    1 	 565.445651 	 12465.112023 	 19971.613337
    2 	 1638.240149 	 15277.148859 	 19971.613337
    3 	 6319.203036 	 16388.937468 	 19971.613337
    4 	 6319.203036 	 16986.961688 	 19971.613337
    5 	 11294.478583 	 17516.746304 	 19971.613337
    6 	 11294.478583 	 17849.774584 	 19971.613337
    7 	 10122.077472 	 18306.963149 	 19971.613337
    8 	 15686.344281 	 18440.930028 	 19971.613337
    9 	 15686.344281 	 18621.623610 	 19971.613337
   10 	 10502.205106 	 18486.681693 	 19971.613337
   11 	 15427.606917 	 18620.823049 	 19971.613337
   12 	 15427.606917 	 18644.429717 	 19971.613337
   13 	 1172.204877 	 18865.334669 	 19971.613337
   14 	 10892.940302 	 19171.010839 	 19971.613337
   15 	 10892.940302 	 19051.182394 	 19971.613337
   16 	 10892.940302 	 19052.071331 	 19971.613337
   17 	 10122.077472 	 18900.795251 	 19971.613337
   18 	 15948.322585 	 19264.932958 	 19971.613337
   19 	 15948.322585 	 19246.464615 	 19971.613337
   20 	 10892.940302 	 19085.560233 	 19971.613337
   21 	 11707.017256 	 19385.921296 	 19971.613337
   22 	 11707.017256 	 19577.120971 	 19971.613337
   23 	 11707.017256 	 19577.962841 	 19971.613337
   24 	 6319.203036 	 19539.170137 	 19971.613337
   25 	 11707.017256 	 19701.330099 	 19971.613337
   26 	 17589.769228 	 19702.349656 	 19971.613337
   27 	 17589.769228 	 19698.681195 	 19971.613337
   28 	 1248.404820 	 19349.951465 	 19971.613337
   29 	 17589.769228 	 19789.811571 	 19971.613337
   30 	 17589.769228 	 19853.345912 	 19971.613337
   31 	 17589.769228 	 19874.593021 	 19971.613337
   32 	 6319.203036 	 19754.863724 	 19971.613337
   33 	 19051.773810 	 19919.091297 	 19971.613337
   34 	 6319.203036 	 19773.404516 	 19971.613337
   35 	 19354.777508 	 19915.989260 	 19971.613337
   36 	 19354.777508 	 19925.259940 	 19971.613337
   37 	 19354.777508 	 19934.530619 	 19971.613337
   38 	 1248.404820 	 19725.763706 	 19971.613337
   39 	 11707.017256 	 19839.620510 	 19971.613337
   40 	 11707.017256 	 19668.160230 	 19971.613337
   41 	 11707.017256 	 19827.283794 	 19971.613337
   42 	 19354.777508 	 19928.434829 	 19971.613337
   43 	 19354.777508 	 19900.659075 	 19971.613337
   44 	 14919.747761 	 19850.140419 	 19971.613337
   45 	 14919.747761 	 19837.767418 	 19971.613337
   46 	 19354.777508 	 19903.725112 	 19971.613337
   47 	 19354.777508 	 19909.893470 	 19971.613337
   48 	 19354.777508 	 19919.164150 	 19971.613337
   49 	 6319.203036 	 19779.537726 	 19971.613337
 