   0 	 0.408241 	 3447.206591 	 19971.613337
    1 	 69.046825 	 10387.708934 	 19971.613337
    2 	 2898.003202 	 13975.740162 	 19971.613337
    3 	 4990.845859 	 15578.200807 	 19971.613337
    4 	 5686.235022 	 16594.836435 	 19971.613337
    5 	 8872.384351 	 17120.792689 	 19971.613337
    6 	 10122.077472 	 17624.524672 	 19971.613337
    7 	 8872.384351 	 18053.385022 	 19971.613337
    8 	 10696.234580 	 18150.795272 	 19971.613337
    9 	 10696.234580 	 18624.543446 	 19971.613337
   10 	 15427.606917 	 18777.695189 	 19971.613337
   11 	 14424.531740 	 18900.334036 	 19971.613337
   12 	 5565.579345 	 18834.859510 	 19971.613337
   13 	 5330.038742 	 18828.279087 	 19971.613337
   14 	 15427.606917 	 19148.914165 	 19971.613337
   15 	 15427.606917 	 19221.678142 	 19971.613337
   16 	 15427.606917 	 19430.570100 	 19971.613337
   17 	 11707.017256 	 19365.817200 	 19971.613337
   18 	 11707.017256 	 19118.949290 	 19971.613337
   19 	 11499.360469 	 18907.884596 	 19971.613337
   20 	 11499.360469 	 19245.040361 	 19971.613337
   21 	 11499.360469 	 19481.993513 	 19971.613337
   22 	 11707.017256 	 19606.573310 	 19971.613337
   23 	 11707.017256 	 19595.555911 	 19971.613337
   24 	 11707.017256 	 19601.941406 	 19971.613337
   25 	 17589.769228 	 19780.361740 	 19971.613337
   26 	 17589.769228 	 19817.051826 	 19971.613337
   27 	 18752.341833 	 19848.787026 	 19971.613337
   28 	 18752.341833 	 19873.315891 	 19971.613337
   29 	 18752.341833 	 19891.892967 	 19971.613337
   30 	 18752.341833 	 19925.620794 	 19971.613337
   31 	 11707.017256 	 19839.800228 	 19971.613337
   32 	 11707.017256 	 19831.384824 	 19971.613337
   33 	 6319.203036 	 19722.456474 	 19971.613337
   34 	 17589.769228 	 19935.458180 	 19971.613337
   35 	 19971.613337 	 19971.613337 	 19971.613337
   36 	 17589.769228 	 19947.794896 	 19971.613337
   37 	 1248.404820 	 19712.925929 	 19971.613337
   38 	 15427.606917 	 19848.549592 	 19971.613337
   39 	 15427.606917 	 19740.019380 	 19971.613337
   40 	 15427.606917 	 19785.459445 	 19971.613337
   41 	 15427.606917 	 19779.291086 	 19971.613337
   42 	 17589.769228 	 19917.808097 	 19971.613337
   43 	 17589.769228 	 19947.794896 	 19971.613337
   44 	 19971.613337 	 19971.613337 	 19971.613337
   45 	 19971.613337 	 19971.613337 	 19971.613337
   46 	 19971.613337 	 19971.613337 	 19971.613337
   47 	 19971.613337 	 19971.613337 	 19971.613337
   48 	 19971.613337 	 19971.613337 	 19971.613337
   49 	 6319.203036 	 19744.209106 	 19971.613337
 