   0 	 0.413541 	 4527.225448 	 18164.080437
    1 	 139.748045 	 11479.978106 	 19971.613337
    2 	 2112.969753 	 13884.416407 	 19971.613337
    3 	 4165.305857 	 14907.053902 	 19971.613337
    4 	 7292.368648 	 15719.998115 	 19971.613337
    5 	 7146.891808 	 16199.585899 	 19971.613337
    6 	 7146.891808 	 16633.622629 	 19971.613337
    7 	 9935.930879 	 16913.588355 	 19661.381216
    8 	 9935.930879 	 17105.851923 	 19661.381216
    9 	 12346.887005 	 17328.924416 	 19971.613337
   10 	 13941.747261 	 17332.459587 	 19971.613337
   11 	 15686.344281 	 17377.468034 	 19971.613337
   12 	 4564.089257 	 17316.139809 	 19971.613337
   13 	 4564.089257 	 17801.150138 	 19971.613337
   14 	 15686.344281 	 18046.075979 	 19971.613337
   15 	 15172.083653 	 18179.042784 	 19971.613337
   16 	 16213.568780 	 18423.393587 	 19971.613337
   17 	 15948.322585 	 18393.311321 	 19971.613337
   18 	 15948.322585 	 18232.482994 	 19971.613337
   19 	 15948.322585 	 18319.171534 	 19971.613337
   20 	 16213.568780 	 18441.918864 	 19971.613337
   21 	 5215.112523 	 18263.793096 	 19971.613337
   22 	 16213.568780 	 18486.902730 	 19971.613337
   23 	 9935.930879 	 18529.501601 	 19971.613337
   24 	 9935.930879 	 18403.260748 	 19971.613337
   25 	 11499.360469 	 18337.445264 	 19971.613337
   26 	 16213.568780 	 18601.284721 	 19971.613337
   27 	 16213.568780 	 18487.888518 	 19971.613337
   28 	 16213.568780 	 18356.689258 	 19971.613337
   29 	 16213.568780 	 18373.149642 	 19971.613337
   30 	 16213.568780 	 18287.642102 	 19971.613337
   31 	 16213.568780 	 18393.013840 	 19971.613337
   32 	 4773.891672 	 18507.737282 	 19971.613337
   33 	 16213.568780 	 18458.796287 	 19971.613337
   34 	 16213.568780 	 18632.725865 	 19971.613337
   35 	 16213.568780 	 18516.178805 	 19971.613337
   36 	 16482.109929 	 18751.651194 	 19971.613337
   37 	 15172.083653 	 18638.576225 	 19971.613337
   38 	 15172.083653 	 18608.443861 	 19971.613337
   39 	 13240.421220 	 18582.837268 	 19971.613337
   40 	 16753.973206 	 18787.847585 	 19971.613337
   41 	 16753.973206 	 18943.661954 	 19971.613337
   42 	 16753.973206 	 18910.236914 	 19971.613337
   43 	 17029.185898 	 18882.368834 	 19971.613337
   44 	 17029.185898 	 18997.856391 	 19971.613337
   45 	 6188.580508 	 18997.753868 	 19971.613337
   46 	 16753.973206 	 19229.134409 	 19971.613337
   47 	 16213.568780 	 19183.680107 	 19971.613337
   48 	 16213.568780 	 19373.758415 	 19971.613337
   49 	 1248.404820 	 19122.680853 	 19971.613337
 