   0 	 -0.200000 	 -0.008767 	 0.200000
    1 	 -0.066667 	 -0.065600 	 0.040000
    2 	 -0.066667 	 -0.066667 	 -0.066667
    3 	 -0.066667 	 -0.064000 	 0.200000
    4 	 -0.066667 	 -0.066667 	 -0.066667
    5 	 -0.066667 	 -0.066667 	 -0.066667
    6 	 -0.066667 	 -0.066667 	 -0.066667
    7 	 -0.066667 	 -0.066667 	 -0.066667
    8 	 -0.066667 	 -0.066667 	 -0.066667
    9 	 -0.066667 	 -0.066667 	 -0.066667
   10 	 -0.066667 	 -0.066667 	 -0.066667
   11 	 -0.066667 	 -0.066667 	 -0.066667
   12 	 -0.066667 	 -0.066667 	 -0.066667
   13 	 -0.066667 	 -0.066667 	 -0.066667
   14 	 -0.066667 	 -0.066667 	 -0.066667
   15 	 -0.066667 	 -0.066667 	 -0.066667
   16 	 -0.066667 	 -0.066667 	 -0.066667
   17 	 -0.066667 	 -0.066667 	 -0.066667
   18 	 -0.066667 	 -0.066667 	 -0.066667
   19 	 -0.066667 	 -0.066667 	 -0.066667
   20 	 -0.066667 	 -0.064000 	 0.200000
   21 	 -0.066667 	 -0.066667 	 -0.066667
   22 	 -0.066667 	 -0.066667 	 -0.066667
   23 	 -0.066667 	 -0.066667 	 -0.066667
   24 	 -0.200000 	 -0.068000 	 -0.066667
   25 	 -0.066667 	 -0.066667 	 -0.066667
   26 	 -0.200000 	 -0.068000 	 -0.066667
   27 	 -0.066667 	 -0.066667 	 -0.066667
   28 	 -0.066667 	 -0.066333 	 -0.050000
   29 	 -0.066667 	 -0.066667 	 -0.066667
   30 	 -0.066667 	 -0.066667 	 -0.066667
   31 	 -0.066667 	 -0.066667 	 -0.066667
   32 	 -0.066667 	 -0.066667 	 -0.066667
   33 	 -0.066667 	 -0.066667 	 -0.066667
   34 	 -0.066667 	 -0.066667 	 -0.066667
   35 	 -0.066667 	 -0.066667 	 -0.066667
   36 	 -0.066667 	 -0.066667 	 -0.066667
   37 	 -0.066667 	 -0.066667 	 -0.066667
   38 	 -0.200000 	 -0.065333 	 0.200000
   39 	 -0.066667 	 -0.066667 	 -0.066667
   40 	 -0.066667 	 -0.066500 	 -0.050000
   41 	 -0.066667 	 -0.066667 	 -0.066667
   42 	 -0.066667 	 -0.066667 	 -0.066667
   43 	 -0.066667 	 -0.066500 	 -0.050000
   44 	 -0.066667 	 -0.064000 	 0.200000
   45 	 -0.066667 	 -0.064000 	 0.200000
   46 	 -0.066667 	 -0.066667 	 -0.066667
   47 	 -0.066667 	 -0.066667 	 -0.066667
   48 	 -0.200000 	 -0.068000 	 -0.066667
   49 	 -0.066667 	 -0.066667 	 -0.066667
 