   0 	 -0.200000 	 -0.004533 	 0.200000
    1 	 -0.100000 	 -0.034000 	 0.200000
    2 	 -0.100000 	 -0.100000 	 -0.100000
    3 	 -0.100000 	 -0.099000 	 0.000000
    4 	 -0.100000 	 -0.100000 	 -0.100000
    5 	 -0.100000 	 -0.099667 	 -0.066667
    6 	 -0.100000 	 -0.100000 	 -0.100000
    7 	 -0.100000 	 -0.100000 	 -0.100000
    8 	 -0.100000 	 -0.100000 	 -0.100000
    9 	 -0.100000 	 -0.099000 	 0.000000
   10 	 -0.100000 	 -0.098667 	 0.000000
   11 	 -0.100000 	 -0.100000 	 -0.100000
   12 	 -0.100000 	 -0.098667 	 0.000000
   13 	 -0.100000 	 -0.100000 	 -0.100000
   14 	 -0.100000 	 -0.098000 	 0.100000
   15 	 -0.100000 	 -0.100000 	 -0.100000
   16 	 -0.100000 	 -0.099667 	 -0.066667
   17 	 -0.100000 	 -0.099000 	 0.000000
   18 	 -0.100000 	 -0.098000 	 0.100000
   19 	 -0.100000 	 -0.100000 	 -0.100000
   20 	 -0.100000 	 -0.100000 	 -0.100000
   21 	 -0.100000 	 -0.099667 	 -0.066667
   22 	 -0.100000 	 -0.100000 	 -0.100000
   23 	 -0.100000 	 -0.099000 	 0.000000
   24 	 -0.100000 	 -0.098333 	 0.000000
   25 	 -0.100000 	 -0.099667 	 -0.066667
   26 	 -0.100000 	 -0.100000 	 -0.100000
   27 	 -0.100000 	 -0.099667 	 -0.066667
   28 	 -0.100000 	 -0.100000 	 -0.100000
   29 	 -0.100000 	 -0.100000 	 -0.100000
   30 	 -0.100000 	 -0.099000 	 0.000000
   31 	 -0.100000 	 -0.099000 	 0.000000
   32 	 -0.100000 	 -0.100000 	 -0.100000
   33 	 -0.100000 	 -0.100000 	 -0.100000
   34 	 -0.100000 	 -0.099667 	 -0.066667
   35 	 -0.100000 	 -0.066667 	 -0.050000
   36 	 -0.200000 	 -0.068000 	 -0.066667
   37 	 -0.066667 	 -0.066667 	 -0.066667
   38 	 -0.066667 	 -0.066667 	 -0.066667
   39 	 -0.066667 	 -0.064000 	 0.200000
   40 	 -0.066667 	 -0.064000 	 0.200000
   41 	 -0.066667 	 -0.066667 	 -0.066667
   42 	 -0.066667 	 -0.066500 	 -0.050000
   43 	 -0.066667 	 -0.066667 	 -0.066667
   44 	 -0.066667 	 -0.066500 	 -0.050000
   45 	 -0.100000 	 -0.067000 	 -0.066667
   46 	 -0.066667 	 -0.066667 	 -0.066667
   47 	 -0.066667 	 -0.066667 	 -0.066667
   48 	 -0.066667 	 -0.066667 	 -0.066667
   49 	 -0.066667 	 -0.066667 	 -0.066667
 