   0 	 -0.200000 	 -0.001333 	 0.200000
    1 	 -0.200000 	 0.053000 	 0.200000
    2 	 -0.100000 	 0.097667 	 0.100000
    3 	 0.100000 	 0.100000 	 0.100000
    4 	 0.100000 	 0.100000 	 0.100000
    5 	 0.100000 	 0.100000 	 0.100000
    6 	 -0.100000 	 0.098000 	 0.100000
    7 	 0.100000 	 0.100000 	 0.100000
    8 	 0.050000 	 0.099500 	 0.100000
    9 	 0.050000 	 0.099500 	 0.100000
   10 	 0.100000 	 0.100000 	 0.100000
   11 	 0.000000 	 0.099000 	 0.100000
   12 	 0.100000 	 0.100000 	 0.100000
   13 	 0.100000 	 0.100000 	 0.100000
   14 	 0.100000 	 0.100000 	 0.100000
   15 	 0.100000 	 0.100000 	 0.100000
   16 	 0.000000 	 0.099000 	 0.100000
   17 	 0.100000 	 0.100000 	 0.100000
   18 	 0.100000 	 0.100000 	 0.100000
   19 	 0.100000 	 0.100000 	 0.100000
   20 	 0.100000 	 0.100000 	 0.100000
   21 	 0.100000 	 0.100000 	 0.100000
   22 	 0.100000 	 0.100000 	 0.100000
   23 	 0.100000 	 0.100000 	 0.100000
   24 	 0.100000 	 0.100000 	 0.100000
   25 	 0.050000 	 0.099500 	 0.100000
   26 	 -0.100000 	 0.098000 	 0.100000
   27 	 -0.100000 	 0.098000 	 0.100000
   28 	 0.100000 	 0.100000 	 0.100000
   29 	 -0.100000 	 0.098000 	 0.100000
   30 	 0.000000 	 0.098500 	 0.100000
   31 	 0.050000 	 0.099500 	 0.100000
   32 	 0.100000 	 0.100000 	 0.100000
   33 	 0.100000 	 0.100000 	 0.100000
   34 	 0.100000 	 0.100000 	 0.100000
   35 	 0.100000 	 0.100000 	 0.100000
   36 	 0.100000 	 0.101000 	 0.200000
   37 	 0.050000 	 0.101500 	 0.200000
   38 	 0.100000 	 0.102000 	 0.200000
   39 	 -0.100000 	 0.106000 	 0.200000
   40 	 0.100000 	 0.121000 	 0.200000
   41 	 0.000000 	 0.134000 	 0.200000
   42 	 0.100000 	 0.148000 	 0.200000
   43 	 0.100000 	 0.169000 	 0.200000
   44 	 0.100000 	 0.180000 	 0.200000
   45 	 0.100000 	 0.191000 	 0.200000
   46 	 0.100000 	 0.193000 	 0.200000
   47 	 0.100000 	 0.197000 	 0.200000
   48 	 0.100000 	 0.199000 	 0.200000
   49 	 0.200000 	 0.200000 	 0.200000
 