   0 	 -0.200000 	 -0.005500 	 0.200000
    1 	 0.066667 	 0.066667 	 0.066667
    2 	 0.066667 	 0.066667 	 0.066667
    3 	 0.000000 	 0.065333 	 0.066667
    4 	 0.066667 	 0.066667 	 0.066667
    5 	 0.066667 	 0.066667 	 0.066667
    6 	 0.066667 	 0.066667 	 0.066667
    7 	 -0.200000 	 0.064000 	 0.066667
    8 	 0.066667 	 0.066667 	 0.066667
    9 	 -0.200000 	 0.064000 	 0.066667
   10 	 0.000000 	 0.066000 	 0.066667
   11 	 0.066667 	 0.066667 	 0.066667
   12 	 0.000000 	 0.066000 	 0.066667
   13 	 0.000000 	 0.066000 	 0.066667
   14 	 0.066667 	 0.066667 	 0.066667
   15 	 0.066667 	 0.066667 	 0.066667
   16 	 0.066667 	 0.066667 	 0.066667
   17 	 0.066667 	 0.066667 	 0.066667
   18 	 0.000000 	 0.066000 	 0.066667
   19 	 0.066667 	 0.066667 	 0.066667
   20 	 0.066667 	 0.066667 	 0.066667
   21 	 0.066667 	 0.066667 	 0.066667
   22 	 0.066667 	 0.067000 	 0.100000
   23 	 0.066667 	 0.068000 	 0.100000
   24 	 0.066667 	 0.069333 	 0.100000
   25 	 0.066667 	 0.069667 	 0.100000
   26 	 0.066667 	 0.070000 	 0.100000
   27 	 0.050000 	 0.071167 	 0.100000
   28 	 0.050000 	 0.075500 	 0.100000
   29 	 0.000000 	 0.077833 	 0.100000
   30 	 0.066667 	 0.080667 	 0.100000
   31 	 0.066667 	 0.082667 	 0.100000
   32 	 -0.200000 	 0.083000 	 0.100000
   33 	 0.066667 	 0.088000 	 0.100000
   34 	 0.050000 	 0.090500 	 0.100000
   35 	 -0.200000 	 0.091500 	 0.100000
   36 	 0.066667 	 0.097333 	 0.100000
   37 	 0.066667 	 0.098000 	 0.100000
   38 	 0.050000 	 0.098500 	 0.100000
   39 	 0.050000 	 0.099167 	 0.100000
   40 	 0.100000 	 0.100000 	 0.100000
   41 	 0.100000 	 0.100000 	 0.100000
   42 	 0.050000 	 0.099500 	 0.100000
   43 	 -0.100000 	 0.098000 	 0.100000
   44 	 0.100000 	 0.100000 	 0.100000
   45 	 0.050000 	 0.099500 	 0.100000
   46 	 0.050000 	 0.099500 	 0.100000
   47 	 0.100000 	 0.100000 	 0.100000
   48 	 0.100000 	 0.100000 	 0.100000
   49 	 -0.100000 	 0.097500 	 0.100000
 