   0 	 0.017634 	 0.068844 	 0.930579
    1 	 0.020596 	 0.195289 	 0.930579
    2 	 0.021135 	 0.568765 	 0.930579
    3 	 0.037785 	 0.840610 	 0.930579
    4 	 0.037785 	 0.901256 	 0.934056
    5 	 0.765345 	 0.919909 	 0.934056
    6 	 0.765345 	 0.920408 	 0.934056
    7 	 0.765345 	 0.925190 	 0.930579
    8 	 0.765345 	 0.925591 	 0.930579
    9 	 0.765345 	 0.923507 	 0.930579
   10 	 0.630597 	 0.921696 	 0.934056
   11 	 0.880747 	 0.926363 	 0.934056
   12 	 0.888889 	 0.926402 	 0.930579
   13 	 0.888889 	 0.925993 	 0.930579
   14 	 0.888889 	 0.926827 	 0.930579
   15 	 0.888889 	 0.924742 	 0.930579
   16 	 0.888889 	 0.926410 	 0.930579
   17 	 0.888889 	 0.927244 	 0.930579
   18 	 0.888889 	 0.925993 	 0.930579
   19 	 0.888889 	 0.926410 	 0.930579
   20 	 0.880747 	 0.926780 	 0.934056
   21 	 0.880747 	 0.927649 	 0.934056
   22 	 0.880747 	 0.927416 	 0.930579
   23 	 0.880747 	 0.926664 	 0.930579
   24 	 0.880747 	 0.937123 	 1.759944
   25 	 0.880747 	 0.936208 	 1.759944
   26 	 0.880747 	 0.952297 	 1.759944
   27 	 0.880747 	 0.980722 	 1.931248
   28 	 0.888889 	 1.033991 	 1.931248
   29 	 0.802697 	 1.083422 	 1.946283
   30 	 0.802697 	 1.238501 	 1.946283
   31 	 0.802697 	 1.356811 	 1.946283
   32 	 0.802697 	 1.501390 	 1.946283
   33 	 0.880747 	 1.653037 	 1.946283
   34 	 0.888889 	 1.701658 	 1.946283
   35 	 0.880747 	 1.773292 	 1.946283
   36 	 1.728310 	 1.808088 	 1.946283
   37 	 1.728310 	 1.815989 	 1.946283
   38 	 1.728310 	 1.820946 	 1.946283
   39 	 1.728310 	 1.836020 	 1.946283
   40 	 1.728310 	 1.850942 	 1.946283
   41 	 1.728310 	 1.877496 	 1.946283
   42 	 1.728310 	 1.883735 	 1.946283
   43 	 1.728310 	 1.902836 	 1.946283
   44 	 1.759944 	 1.909224 	 1.946283
   45 	 1.759944 	 1.916077 	 1.946283
   46 	 1.759944 	 1.923380 	 1.946283
   47 	 1.759944 	 1.925694 	 1.946283
   48 	 1.759944 	 1.920104 	 1.946283
   49 	 0.051393 	 1.895866 	 1.946283
 