   0 	 0.014529 	 0.058121 	 0.438404
    1 	 0.019773 	 0.106330 	 0.438404
    2 	 0.023473 	 0.167616 	 0.438404
    3 	 0.025536 	 0.278401 	 0.607312
    4 	 0.029530 	 0.378489 	 1.057865
    5 	 0.056529 	 0.418238 	 1.057865
    6 	 0.048176 	 0.442995 	 1.057865
    7 	 0.040786 	 0.468295 	 1.057865
    8 	 0.148304 	 0.547431 	 3.304693
    9 	 0.040123 	 0.855713 	 4.382121
   10 	 0.041517 	 1.842731 	 4.382121
   11 	 0.438404 	 3.179973 	 6.060606
   12 	 0.157764 	 3.591735 	 6.060606
   13 	 0.683714 	 3.815910 	 6.060606
   14 	 0.614175 	 4.040391 	 6.060606
   15 	 2.826456 	 4.254589 	 6.060606
   16 	 0.039078 	 4.382548 	 6.060606
   17 	 0.039078 	 4.799596 	 6.060606
   18 	 2.898551 	 5.093706 	 6.242197
   19 	 0.152938 	 5.240310 	 6.242197
   20 	 1.639882 	 5.347796 	 6.242197
   21 	 0.038470 	 5.240603 	 6.242197
   22 	 2.570694 	 5.796765 	 7.704160
   23 	 0.144538 	 5.607631 	 6.242197
   24 	 0.157764 	 5.814388 	 6.242197
   25 	 4.382121 	 5.960454 	 6.242197
   26 	 0.614175 	 6.068195 	 23.041475
   27 	 4.955401 	 7.042932 	 23.041475
   28 	 5.138746 	 8.595768 	 23.041475
   29 	 0.117501 	 13.651506 	 23.041475
   30 	 5.138746 	 18.460133 	 23.041475
   31 	 0.461212 	 21.628827 	 23.041475
   32 	 6.060606 	 22.367688 	 23.041475
   33 	 16.611296 	 22.977173 	 23.041475
   34 	 23.041475 	 23.041475 	 23.041475
   35 	 0.038535 	 22.811445 	 23.041475
   36 	 6.060606 	 22.871666 	 23.041475
   37 	 23.041475 	 23.041475 	 23.041475
   38 	 23.041475 	 23.041475 	 23.041475
   39 	 23.041475 	 23.041475 	 23.041475
   40 	 23.041475 	 23.041475 	 23.041475
   41 	 6.060606 	 22.871666 	 23.041475
   42 	 23.041475 	 23.041475 	 23.041475
   43 	 23.041475 	 23.041475 	 23.041475
   44 	 23.041475 	 23.041475 	 23.041475
   45 	 23.041475 	 23.041475 	 23.041475
   46 	 23.041475 	 23.041475 	 23.041475
   47 	 23.041475 	 23.041475 	 23.041475
   48 	 23.041475 	 23.041475 	 23.041475
   49 	 23.041475 	 23.041475 	 23.041475
 