   0 	 0.016067 	 0.059353 	 0.842744
    1 	 0.016867 	 0.206861 	 0.842744
    2 	 0.039291 	 0.514217 	 0.842744
    3 	 0.097381 	 0.695954 	 2.313744
    4 	 0.199370 	 0.825765 	 2.313744
    5 	 0.314891 	 0.862767 	 2.313744
    6 	 0.317561 	 0.942820 	 3.469813
    7 	 0.669434 	 1.126335 	 3.469813
    8 	 0.693241 	 1.672688 	 3.469813
    9 	 0.693241 	 2.452593 	 6.605020
   10 	 0.842744 	 3.008898 	 6.605020
   11 	 0.842744 	 3.214725 	 6.605020
   12 	 0.842744 	 3.367997 	 6.605020
   13 	 0.842744 	 3.392732 	 6.605020
   14 	 2.203614 	 3.468876 	 6.605020
   15 	 2.313744 	 3.502210 	 6.605020
   16 	 2.313744 	 3.512054 	 6.605020
   17 	 2.313744 	 3.603660 	 6.605020
   18 	 2.313744 	 3.908638 	 6.605020
   19 	 3.295979 	 4.452861 	 6.605020
   20 	 3.295979 	 4.950591 	 6.605020
   21 	 3.295979 	 5.620763 	 6.605020
   22 	 3.295979 	 6.093337 	 6.605020
   23 	 3.295979 	 6.312801 	 6.605020
   24 	 3.295979 	 6.371383 	 6.605020
   25 	 3.295979 	 6.489965 	 6.605020
   26 	 3.295979 	 6.494796 	 6.605020
   27 	 3.295979 	 6.518933 	 6.605020
   28 	 3.843198 	 6.562888 	 6.802721
   29 	 4.591368 	 6.559116 	 6.605020
   30 	 6.501951 	 6.576160 	 6.605020
   31 	 6.501951 	 6.578210 	 6.706908
   32 	 6.501951 	 6.569976 	 6.605020
   33 	 6.501951 	 6.568946 	 6.605020
   34 	 6.501951 	 6.586467 	 6.605020
   35 	 1.399384 	 6.534411 	 6.605020
   36 	 6.501951 	 6.590590 	 6.605020
   37 	 6.501951 	 6.590590 	 6.605020
   38 	 6.501951 	 6.585089 	 6.605020
   39 	 6.501951 	 6.589475 	 7.215007
   40 	 4.608295 	 6.574661 	 7.215007
   41 	 3.843198 	 6.503070 	 6.605020
   42 	 3.843198 	 6.471297 	 6.802721
   43 	 3.385240 	 6.414063 	 6.605020
   44 	 4.608295 	 6.553736 	 6.706908
   45 	 4.608295 	 6.563024 	 6.605020
   46 	 4.608295 	 6.584022 	 6.605020
   47 	 0.148012 	 6.539419 	 6.605020
   48 	 6.002401 	 6.597963 	 6.605020
   49 	 6.002401 	 6.592967 	 6.605020
 