   0 	 0.016855 	 0.080810 	 0.972195
    1 	 0.021409 	 0.292967 	 0.972195
    2 	 0.043380 	 0.576727 	 1.231831
    3 	 0.094686 	 0.787437 	 1.632387
    4 	 0.094686 	 0.865457 	 2.550370
    5 	 0.118464 	 0.999066 	 2.550370
    6 	 0.044399 	 1.037858 	 2.491281
    7 	 0.576136 	 1.138001 	 2.531646
    8 	 0.043200 	 1.186199 	 3.169572
    9 	 0.606281 	 1.443426 	 3.169572
   10 	 0.045321 	 1.747977 	 30.395137
   11 	 0.038399 	 6.891909 	 42.918455
   12 	 0.914578 	 28.458226 	 42.918455
   13 	 1.589067 	 32.376563 	 42.918455
   14 	 30.395137 	 33.150267 	 42.918455
   15 	 30.395137 	 33.776433 	 42.918455
   16 	 30.395137 	 34.277365 	 42.918455
   17 	 30.395137 	 35.905397 	 42.918455
   18 	 30.395137 	 37.658661 	 42.918455
   19 	 0.580552 	 38.612847 	 42.918455
   20 	 0.580552 	 39.739946 	 42.918455
   21 	 30.395137 	 40.664258 	 42.918455
   22 	 30.395137 	 41.039957 	 42.918455
   23 	 30.395137 	 41.916589 	 42.918455
   24 	 30.395137 	 42.417522 	 42.918455
   25 	 30.395137 	 42.292289 	 42.918455
   26 	 30.395137 	 42.542755 	 42.918455
   27 	 30.395137 	 42.667989 	 42.918455
   28 	 30.395137 	 42.793222 	 42.918455
   29 	 42.918455 	 42.918455 	 42.918455
   30 	 40.816327 	 42.897434 	 42.918455
   31 	 42.918455 	 42.918455 	 42.918455
   32 	 0.583805 	 42.495108 	 42.918455
   33 	 42.918455 	 42.918455 	 42.918455
   34 	 18.083183 	 42.661086 	 42.918455
   35 	 18.083183 	 42.631048 	 42.918455
   36 	 18.083183 	 42.610027 	 42.918455
   37 	 18.083183 	 42.601010 	 42.918455
   38 	 0.583805 	 42.195697 	 42.918455
   39 	 18.083183 	 42.203415 	 42.918455
   40 	 30.395137 	 42.721141 	 42.918455
   41 	 40.816327 	 42.867396 	 42.918455
   42 	 42.918455 	 42.918455 	 42.918455
   43 	 42.918455 	 42.918455 	 42.918455
   44 	 42.918455 	 42.918455 	 42.918455
   45 	 42.918455 	 42.918455 	 42.918455
   46 	 42.918455 	 42.918455 	 42.918455
   47 	 42.918455 	 42.924053 	 43.478261
   48 	 42.918455 	 42.929651 	 43.478261
   49 	 42.918455 	 42.940847 	 43.478261
 