   0 	 0.015547 	 0.081179 	 1.273885
    1 	 0.018211 	 0.401296 	 1.639076
    2 	 0.019043 	 1.022316 	 1.639076
    3 	 0.127867 	 1.228896 	 1.639076
    4 	 0.813074 	 1.273489 	 1.639076
    5 	 0.813074 	 1.273100 	 1.639076
    6 	 1.273885 	 1.274056 	 1.290989
    7 	 1.273885 	 1.273885 	 1.273885
    8 	 1.273885 	 1.274056 	 1.290989
    9 	 1.273885 	 1.274056 	 1.290989
   10 	 0.089049 	 1.259638 	 1.290989
   11 	 0.089049 	 1.250695 	 1.324503
   12 	 1.273885 	 1.274898 	 1.324503
   13 	 0.727908 	 1.263996 	 1.324503
   14 	 0.948947 	 1.272661 	 1.324503
   15 	 1.273885 	 1.275495 	 1.324503
   16 	 1.273885 	 1.274989 	 1.324503
   17 	 1.273885 	 1.274392 	 1.324503
   18 	 1.273885 	 1.273885 	 1.273885
   19 	 1.273885 	 1.273885 	 1.273885
   20 	 1.273885 	 1.273885 	 1.273885
   21 	 1.273885 	 1.273885 	 1.273885
   22 	 1.273885 	 1.273885 	 1.273885
   23 	 1.273885 	 1.273885 	 1.273885
   24 	 1.273885 	 1.273885 	 1.273885
   25 	 1.273885 	 1.273885 	 1.273885
   26 	 1.273885 	 1.273885 	 1.273885
   27 	 1.273885 	 1.273885 	 1.273885
   28 	 1.273885 	 1.273885 	 1.273885
   29 	 0.356201 	 1.264709 	 1.273885
   30 	 1.273885 	 1.273885 	 1.273885
   31 	 1.273885 	 1.273885 	 1.273885
   32 	 1.273885 	 1.273885 	 1.273885
   33 	 1.273885 	 1.273885 	 1.273885
   34 	 1.273885 	 1.273885 	 1.273885
   35 	 0.727908 	 1.268426 	 1.273885
   36 	 0.727908 	 1.268426 	 1.273885
   37 	 1.273885 	 1.273885 	 1.273885
   38 	 0.039272 	 1.256518 	 1.324503
   39 	 1.016880 	 1.271315 	 1.273885
   40 	 1.273885 	 1.273885 	 1.273885
   41 	 0.104820 	 1.262195 	 1.273885
   42 	 1.273885 	 1.274985 	 1.383892
   43 	 1.273885 	 1.274985 	 1.383892
   44 	 1.273885 	 1.276085 	 1.383892
   45 	 1.273885 	 1.276085 	 1.383892
   46 	 1.273885 	 1.276085 	 1.383892
   47 	 1.273885 	 1.279386 	 1.383892
   48 	 1.273885 	 1.280486 	 1.383892
   49 	 1.273885 	 1.280486 	 1.383892
 