   0 	 0.017127 	 0.058662 	 0.241255
    1 	 0.021067 	 0.088874 	 0.273202
    2 	 0.025016 	 0.127476 	 0.273202
    3 	 0.025888 	 0.162865 	 1.302932
    4 	 0.033449 	 0.269982 	 1.302932
    5 	 0.034890 	 0.663697 	 2.120891
    6 	 0.062817 	 1.140228 	 2.120891
    7 	 0.044695 	 1.258643 	 1.302932
    8 	 0.273202 	 1.292482 	 1.302932
    9 	 1.287664 	 1.302626 	 1.302932
   10 	 1.287664 	 1.302779 	 1.302932
   11 	 1.287664 	 1.302626 	 1.302932
   12 	 1.287664 	 1.305313 	 1.571586
   13 	 1.287664 	 1.302626 	 1.302932
   14 	 1.287664 	 1.302779 	 1.302932
   15 	 1.287664 	 1.302779 	 1.302932
   16 	 1.269841 	 1.302295 	 1.302932
   17 	 1.227446 	 1.300064 	 1.302932
   18 	 1.227446 	 1.299488 	 1.302932
   19 	 1.213887 	 1.299081 	 1.302932
   20 	 1.213887 	 1.299929 	 1.302932
   21 	 1.213887 	 1.300184 	 1.302932
   22 	 0.258726 	 1.285144 	 1.302932
   23 	 1.067122 	 1.289819 	 1.302932
   24 	 1.067122 	 1.289574 	 1.302932
   25 	 1.067122 	 1.287055 	 1.302932
   26 	 1.067122 	 1.290600 	 1.302932
   27 	 1.213887 	 1.296223 	 1.302932
   28 	 1.173296 	 1.299549 	 1.302932
   29 	 1.173296 	 1.299854 	 1.302932
   30 	 1.302932 	 1.302932 	 1.302932
   31 	 1.302932 	 1.302932 	 1.302932
   32 	 1.302932 	 1.302932 	 1.302932
   33 	 1.302932 	 1.302932 	 1.302932
   34 	 1.302932 	 1.302932 	 1.302932
   35 	 1.302932 	 1.302932 	 1.302932
   36 	 0.047292 	 1.291994 	 1.464772
   37 	 1.302932 	 1.307787 	 1.464772
   38 	 1.302932 	 1.306168 	 1.464772
   39 	 0.281065 	 1.297568 	 1.464772
   40 	 1.302932 	 1.309405 	 1.464772
   41 	 1.302932 	 1.307787 	 1.464772
   42 	 0.524466 	 1.309713 	 1.464772
   43 	 0.524466 	 1.306476 	 1.464772
   44 	 1.302932 	 1.324219 	 1.813237
   45 	 1.302932 	 1.320982 	 1.813237
   46 	 1.264702 	 1.334043 	 1.813237
   47 	 1.264702 	 1.342382 	 1.813237
   48 	 1.264702 	 1.328175 	 1.813237
   49 	 1.264702 	 1.318599 	 1.813237
 