   0 	 0.016112 	 0.070340 	 1.090513
    1 	 0.021720 	 0.288368 	 1.218027
    2 	 0.023168 	 0.747694 	 1.354096
    3 	 0.169900 	 1.011949 	 1.354096
    4 	 0.211712 	 1.091089 	 1.354096
    5 	 0.184413 	 1.100568 	 1.354096
    6 	 0.231385 	 1.110637 	 1.354096
    7 	 0.991867 	 1.138811 	 1.354096
    8 	 1.090513 	 1.151718 	 1.354096
    9 	 0.231385 	 1.165473 	 1.496782
   10 	 1.090513 	 1.183129 	 1.354096
   11 	 0.047925 	 1.172290 	 1.354096
   12 	 1.090513 	 1.196959 	 1.354096
   13 	 1.090513 	 1.207384 	 1.354096
   14 	 0.047706 	 1.207083 	 1.354096
   15 	 0.047706 	 1.215649 	 1.496782
   16 	 1.090513 	 1.254467 	 1.496782
   17 	 1.090513 	 1.284051 	 1.496782
   18 	 0.047706 	 1.239231 	 1.537279
   19 	 0.231385 	 1.273734 	 1.496782
   20 	 1.090513 	 1.321111 	 1.496782
   21 	 1.090513 	 1.329886 	 1.496782
   22 	 1.090513 	 1.338647 	 1.496782
   23 	 1.090513 	 1.352647 	 1.496782
   24 	 0.231385 	 1.319936 	 1.496782
   25 	 1.090513 	 1.357041 	 1.496782
   26 	 0.047821 	 1.332046 	 1.496782
   27 	 1.141292 	 1.363773 	 1.496782
   28 	 1.141292 	 1.358536 	 1.496782
   29 	 1.267427 	 1.367277 	 1.496782
   30 	 1.267427 	 1.366662 	 1.496782
   31 	 1.267427 	 1.365363 	 1.496782
   32 	 1.267427 	 1.360669 	 1.496782
   33 	 1.267427 	 1.364844 	 1.496782
   34 	 1.267427 	 1.364197 	 1.496782
   35 	 1.267427 	 1.371221 	 1.638002
   36 	 1.267427 	 1.379333 	 1.496782
   37 	 1.267427 	 1.385040 	 1.496782
   38 	 1.270164 	 1.389168 	 1.496782
   39 	 1.216989 	 1.400445 	 1.638002
   40 	 1.216989 	 1.410954 	 1.638002
   41 	 1.216989 	 1.418508 	 1.638002
   42 	 1.216989 	 1.417732 	 1.943635
   43 	 1.216989 	 1.421490 	 1.943635
   44 	 0.107878 	 1.415703 	 1.943635
   45 	 1.216989 	 1.444577 	 1.943635
   46 	 1.216989 	 1.454423 	 1.943635
   47 	 1.208751 	 1.427927 	 1.943635
   48 	 1.148765 	 1.436832 	 1.943635
   49 	 1.216989 	 1.449110 	 1.943635
 