   0 	 0.016361 	 0.078611 	 1.253761
    1 	 0.019701 	 0.364124 	 1.253761
    2 	 0.068514 	 1.028838 	 2.466700
    3 	 0.149813 	 1.239200 	 2.466700
    4 	 0.149813 	 1.337928 	 6.345178
    5 	 0.041272 	 1.693704 	 6.345178
    6 	 0.042328 	 2.808686 	 6.345178
    7 	 0.042600 	 4.412373 	 6.345178
    8 	 0.937734 	 5.692714 	 6.345178
    9 	 1.809955 	 6.261041 	 6.345178
   10 	 6.345178 	 6.345178 	 6.345178
   11 	 6.345178 	 6.345178 	 6.345178
   12 	 6.345178 	 6.345178 	 6.345178
   13 	 6.345178 	 6.345178 	 6.345178
   14 	 6.345178 	 6.363425 	 8.169935
   15 	 6.345178 	 6.363425 	 8.169935
   16 	 6.345178 	 6.381673 	 8.169935
   17 	 6.345178 	 6.381673 	 8.169935
   18 	 6.138735 	 6.379608 	 8.169935
   19 	 6.345178 	 6.412206 	 9.398496
   20 	 0.041816 	 6.501838 	 9.398496
   21 	 6.345178 	 6.839671 	 9.398496
   22 	 0.042177 	 6.978087 	 9.398496
   23 	 6.345178 	 7.368342 	 14.044944
   24 	 6.345178 	 7.741064 	 14.044944
   25 	 6.345178 	 8.337126 	 14.044944
   26 	 2.417795 	 8.520794 	 14.044944
   27 	 0.141451 	 8.850587 	 14.044944
   28 	 6.345178 	 9.066619 	 14.044944
   29 	 6.345178 	 9.053004 	 14.044944
   30 	 6.345178 	 9.269395 	 14.044944
   31 	 0.125138 	 9.391724 	 14.044944
   32 	 6.345178 	 9.849868 	 14.044944
   33 	 6.345178 	 9.925537 	 14.044944
   34 	 0.453391 	 9.866619 	 14.044944
   35 	 0.040854 	 10.094816 	 14.044944
   36 	 9.398496 	 10.141928 	 14.044944
   37 	 9.398496 	 10.420715 	 14.044944
   38 	 9.398496 	 10.699502 	 14.044944
   39 	 9.398496 	 11.117682 	 14.044944
   40 	 9.398496 	 11.814649 	 14.044944
   41 	 9.398496 	 12.186365 	 14.044944
   42 	 9.398496 	 12.991091 	 15.527950
   43 	 9.398496 	 12.912992 	 15.527950
   44 	 9.398496 	 13.453761 	 15.527950
   45 	 9.398496 	 13.840307 	 15.527950
   46 	 9.398496 	 13.825477 	 15.527950
   47 	 9.398496 	 13.950041 	 15.527950
   48 	 4.448399 	 13.839245 	 15.527950
   49 	 9.398496 	 13.950041 	 15.527950
 