   0 	 0.013485 	 0.076085 	 0.608976
    1 	 0.023152 	 0.181117 	 0.608976
    2 	 0.028054 	 0.400332 	 1.165230
    3 	 0.089373 	 0.515948 	 0.919540
    4 	 0.044514 	 0.563098 	 1.339764
    5 	 0.138648 	 0.692189 	 4.716981
    6 	 0.043159 	 1.245579 	 7.077141
    7 	 0.184963 	 2.595700 	 7.077141
    8 	 0.037854 	 4.101480 	 30.864198
    9 	 0.553925 	 7.376745 	 30.864198
   10 	 0.796940 	 14.572198 	 38.314176
   11 	 0.040975 	 23.544541 	 38.314176
   12 	 2.710762 	 29.375225 	 38.314176
   13 	 2.710762 	 30.153284 	 38.314176
   14 	 4.714757 	 30.936327 	 38.461538
   15 	 25.510204 	 32.284136 	 38.461538
   16 	 25.510204 	 32.625591 	 38.461538
   17 	 25.510204 	 33.511729 	 38.461538
   18 	 25.510204 	 33.939241 	 38.461538
   19 	 25.510204 	 34.270961 	 38.461538
   20 	 29.325513 	 34.911277 	 38.461538
   21 	 0.040647 	 34.372174 	 38.461538
   22 	 29.325513 	 34.711696 	 38.461538
   23 	 29.325513 	 35.226136 	 38.461538
   24 	 29.325513 	 35.582085 	 38.461538
   25 	 30.864198 	 35.750892 	 38.461538
   26 	 29.325513 	 36.389143 	 38.461538
   27 	 29.325513 	 36.757221 	 38.461538
   28 	 29.325513 	 36.824372 	 38.461538
   29 	 28.011204 	 36.991534 	 38.461538
   30 	 29.325513 	 37.445800 	 38.461538
   31 	 29.325513 	 37.923535 	 38.461538
   32 	 29.325513 	 37.762095 	 38.461538
   33 	 29.325513 	 37.564007 	 38.461538
   34 	 17.211704 	 37.267498 	 38.461538
   35 	 29.325513 	 37.565462 	 38.461538
   36 	 29.325513 	 37.849243 	 38.461538
   37 	 29.325513 	 37.921167 	 38.461538
   38 	 29.325513 	 38.183203 	 38.461538
   39 	 36.630037 	 38.268922 	 38.461538
   40 	 17.211704 	 38.056431 	 38.461538
   41 	 17.211704 	 38.082492 	 38.461538
   42 	 36.630037 	 38.292691 	 38.461538
   43 	 36.630037 	 38.295505 	 38.461538
   44 	 36.630037 	 38.286158 	 38.461538
   45 	 36.630037 	 38.353533 	 38.461538
   46 	 37.878788 	 38.376202 	 38.461538
   47 	 37.878788 	 38.374729 	 38.461538
   48 	 37.878788 	 38.361600 	 38.461538
   49 	 37.878788 	 38.366088 	 38.461538
 