   0 	 0.017785 	 0.075084 	 1.196745
    1 	 0.018627 	 0.342542 	 1.693480
    2 	 0.025370 	 0.918365 	 1.816201
    3 	 0.055260 	 1.180167 	 1.816201
    4 	 0.045178 	 1.268501 	 1.858736
    5 	 0.045178 	 1.370302 	 2.192502
    6 	 0.537750 	 1.420869 	 2.668090
    7 	 0.247323 	 1.555032 	 11.350738
    8 	 0.586820 	 1.874951 	 11.350738
    9 	 0.910747 	 2.643819 	 11.350738
   10 	 0.629882 	 4.785475 	 11.668611
   11 	 1.175779 	 8.815583 	 11.350738
   12 	 2.520161 	 10.621572 	 11.350738
   13 	 2.520161 	 11.073266 	 11.350738
   14 	 2.520161 	 11.139313 	 11.350738
   15 	 10.952903 	 11.338803 	 11.350738
   16 	 10.952903 	 11.338803 	 11.350738
   17 	 0.524742 	 11.234521 	 11.350738
   18 	 0.103219 	 11.234284 	 11.350738
   19 	 10.952903 	 11.346759 	 11.350738
   20 	 10.952903 	 11.346759 	 11.350738
   21 	 11.350738 	 11.379074 	 14.184397
   22 	 3.414135 	 11.277768 	 11.990408
   23 	 11.350738 	 11.350738 	 11.350738
   24 	 11.350738 	 11.350738 	 11.350738
   25 	 11.350738 	 11.350738 	 11.350738
   26 	 11.350738 	 11.350738 	 11.350738
   27 	 11.350738 	 11.350738 	 11.350738
   28 	 11.350738 	 11.350738 	 11.350738
   29 	 11.350738 	 11.350738 	 11.350738
   30 	 0.142855 	 11.238659 	 11.350738
   31 	 11.350738 	 11.350738 	 11.350738
   32 	 0.134032 	 11.238571 	 11.350738
   33 	 11.350738 	 11.350738 	 11.350738
   34 	 11.350738 	 11.350738 	 11.350738
   35 	 11.350738 	 11.350738 	 11.350738
   36 	 11.350738 	 11.350738 	 11.350738
   37 	 11.350738 	 11.357134 	 11.990408
   38 	 11.160714 	 11.361631 	 11.990408
   39 	 11.350738 	 11.357134 	 11.990408
   40 	 11.350738 	 11.357134 	 11.990408
   41 	 11.350738 	 11.350738 	 11.350738
   42 	 11.350738 	 11.350738 	 11.350738
   43 	 11.350738 	 11.350738 	 11.350738
   44 	 11.350738 	 11.350738 	 11.350738
   45 	 11.350738 	 11.350738 	 11.350738
   46 	 11.350738 	 11.350738 	 11.350738
   47 	 11.350738 	 11.350738 	 11.350738
   48 	 2.906132 	 11.266292 	 11.350738
   49 	 11.350738 	 11.350738 	 11.350738
 