   0 	 0.014990 	 0.064107 	 0.730460
    1 	 0.014990 	 0.153176 	 0.730460
    2 	 0.031700 	 0.364735 	 0.730460
    3 	 0.072849 	 0.512501 	 0.733407
    4 	 0.094422 	 0.608154 	 0.764351
    5 	 0.262729 	 0.678066 	 0.750188
    6 	 0.364511 	 0.716151 	 0.750188
    7 	 0.147593 	 0.710250 	 0.750188
    8 	 0.147593 	 0.710360 	 0.733460
    9 	 0.147593 	 0.719439 	 0.730460
   10 	 0.693193 	 0.725954 	 0.739973
   11 	 0.693193 	 0.725456 	 0.761615
   12 	 0.714592 	 0.724923 	 0.730460
   13 	 0.693193 	 0.725433 	 0.739973
   14 	 0.714592 	 0.726898 	 0.730460
   15 	 0.693193 	 0.726774 	 0.739973
   16 	 0.693193 	 0.727123 	 0.739973
   17 	 0.693193 	 0.726396 	 0.739973
   18 	 0.693193 	 0.727564 	 0.739973
   19 	 0.693193 	 0.728326 	 0.739973
   20 	 0.693193 	 0.726399 	 0.739973
   21 	 0.693193 	 0.727969 	 0.739973
   22 	 0.498554 	 0.726435 	 0.739973
   23 	 0.187371 	 0.724893 	 0.739973
   24 	 0.187371 	 0.724805 	 0.750188
   25 	 0.693193 	 0.729721 	 0.739973
   26 	 0.693193 	 0.730411 	 0.739973
   27 	 0.038392 	 0.723569 	 0.739973
   28 	 0.714592 	 0.731441 	 0.739973
   29 	 0.693193 	 0.731449 	 0.739973
   30 	 0.294863 	 0.726840 	 0.739973
   31 	 0.693193 	 0.731417 	 0.739973
   32 	 0.693193 	 0.729609 	 0.739973
   33 	 0.693193 	 0.729673 	 0.739973
   34 	 0.714592 	 0.727412 	 0.739973
   35 	 0.714592 	 0.727221 	 0.739973
   36 	 0.693193 	 0.726476 	 0.739973
   37 	 0.693193 	 0.726317 	 0.739973
   38 	 0.693193 	 0.726825 	 0.774833
   39 	 0.693193 	 0.725659 	 0.739973
   40 	 0.693193 	 0.725287 	 0.739973
   41 	 0.693193 	 0.726596 	 0.739973
   42 	 0.693193 	 0.727008 	 0.739973
   43 	 0.693193 	 0.726754 	 0.739973
   44 	 0.693193 	 0.726151 	 0.739973
   45 	 0.714592 	 0.727603 	 0.739973
   46 	 0.714592 	 0.726365 	 0.739973
   47 	 0.714592 	 0.726651 	 0.739973
   48 	 0.714592 	 0.727825 	 0.739973
   49 	 0.714592 	 0.729093 	 0.739973
 