   0 	 0.017145 	 0.072876 	 0.880669
    1 	 0.022163 	 0.221555 	 1.156203
    2 	 0.030361 	 0.595358 	 2.513826
    3 	 0.089515 	 0.795180 	 2.513826
    4 	 0.043821 	 0.992101 	 2.782415
    5 	 0.050554 	 1.237424 	 2.782415
    6 	 0.623092 	 1.755999 	 3.568879
    7 	 0.623092 	 2.096954 	 2.782415
    8 	 0.042114 	 2.328397 	 2.782415
    9 	 0.880669 	 2.471593 	 2.782415
   10 	 0.880669 	 2.495143 	 2.782415
   11 	 0.940999 	 2.484503 	 2.782415
   12 	 0.940999 	 2.490007 	 2.842524
   13 	 1.471887 	 2.506099 	 2.842524
   14 	 1.471887 	 2.493919 	 2.842524
   15 	 1.471887 	 2.535921 	 2.842524
   16 	 2.513826 	 2.559446 	 2.842524
   17 	 2.513826 	 2.574077 	 2.842524
   18 	 2.031694 	 2.587016 	 2.842524
   19 	 2.031694 	 2.583638 	 2.842524
   20 	 2.031694 	 2.573270 	 2.960332
   21 	 2.031694 	 2.575846 	 2.960332
   22 	 2.513826 	 2.600647 	 2.960332
   23 	 2.496879 	 2.607628 	 2.960332
   24 	 2.513826 	 2.620821 	 2.960332
   25 	 1.026905 	 2.632571 	 2.960332
   26 	 2.513826 	 2.652078 	 2.960332
   27 	 2.513826 	 2.695286 	 2.960332
   28 	 2.513826 	 2.685985 	 2.960332
   29 	 2.513826 	 2.705323 	 2.960332
   30 	 2.513826 	 2.698910 	 2.960332
   31 	 2.513826 	 2.716703 	 2.960332
   32 	 2.513826 	 2.693104 	 2.960332
   33 	 0.039616 	 2.682093 	 2.960332
   34 	 2.513826 	 2.709185 	 2.960332
   35 	 2.513826 	 2.694347 	 2.960332
   36 	 2.513826 	 2.709050 	 2.960332
   37 	 2.513826 	 2.713851 	 2.960332
   38 	 2.513826 	 2.717780 	 2.960332
   39 	 2.513826 	 2.710629 	 2.960332
   40 	 2.513826 	 2.691928 	 2.960332
   41 	 2.513826 	 2.697300 	 2.960332
   42 	 2.513826 	 2.715543 	 4.784689
   43 	 2.513826 	 2.741160 	 4.784689
   44 	 2.513826 	 2.768459 	 4.784689
   45 	 2.513826 	 2.813816 	 4.784689
   46 	 2.513826 	 2.907268 	 4.784689
   47 	 2.513826 	 3.019281 	 4.784689
   48 	 2.513826 	 3.098660 	 5.159959
   49 	 2.513826 	 3.209139 	 5.159959
 