   0 	 0.016120 	 0.073981 	 0.711946
    1 	 0.021265 	 0.200984 	 0.711946
    2 	 0.025095 	 0.373281 	 1.377790
    3 	 0.039277 	 0.508733 	 2.352941
    4 	 0.085167 	 0.752034 	 3.227889
    5 	 0.042787 	 1.182506 	 3.227889
    6 	 0.155574 	 1.717773 	 3.227889
    7 	 0.038606 	 2.108074 	 3.589375
    8 	 0.038879 	 2.357326 	 3.684598
    9 	 0.046692 	 2.515449 	 3.866976
   10 	 0.038806 	 2.686578 	 3.589375
   11 	 2.313744 	 2.770994 	 3.589375
   12 	 0.151511 	 2.701390 	 3.589375
   13 	 0.151511 	 2.673189 	 3.331113
   14 	 2.154244 	 2.840213 	 3.331113
   15 	 2.288330 	 2.905814 	 3.331113
   16 	 0.296824 	 2.837066 	 3.331113
   17 	 0.151511 	 2.865625 	 4.975124
   18 	 0.046804 	 2.900724 	 4.975124
   19 	 0.226316 	 2.921307 	 3.866976
   20 	 0.105403 	 2.973876 	 3.866976
   21 	 0.448471 	 3.027623 	 3.866976
   22 	 0.123576 	 3.116433 	 5.076142
   23 	 0.153898 	 3.219168 	 5.076142
   24 	 2.352941 	 3.415138 	 5.076142
   25 	 0.536423 	 3.690319 	 21.097046
   26 	 0.592909 	 3.982619 	 10.570825
   27 	 0.592909 	 4.835588 	 23.041475
   28 	 2.426007 	 7.520268 	 23.041475
   29 	 2.426007 	 12.183415 	 23.041475
   30 	 1.787630 	 16.542497 	 23.041475
   31 	 3.227889 	 19.190405 	 23.041475
   32 	 10.141988 	 20.604895 	 23.041475
   33 	 10.570825 	 21.656252 	 23.041475
   34 	 10.570825 	 21.780959 	 23.041475
   35 	 0.508285 	 21.758111 	 23.041475
   36 	 21.097046 	 22.069261 	 23.041475
   37 	 21.097046 	 22.224815 	 23.041475
   38 	 21.097046 	 22.224815 	 23.041475
   39 	 21.097046 	 22.224815 	 23.041475
   40 	 21.097046 	 22.380369 	 23.041475
   41 	 21.097046 	 22.535923 	 23.041475
   42 	 21.097046 	 22.613700 	 23.041475
   43 	 21.097046 	 22.516479 	 23.041475
   44 	 21.097046 	 22.613700 	 23.041475
   45 	 21.097046 	 22.710922 	 23.041475
   46 	 21.097046 	 22.749810 	 23.041475
   47 	 21.097046 	 22.769255 	 23.041475
   48 	 21.097046 	 22.691478 	 23.041475
   49 	 21.097046 	 22.730366 	 23.041475
 