   0 	 0.016881 	 0.076828 	 0.873286
    1 	 0.021135 	 0.277781 	 0.873286
    2 	 0.036586 	 0.614820 	 4.710316
    3 	 0.036586 	 1.079800 	 4.710316
    4 	 0.178587 	 2.087647 	 4.894763
    5 	 0.365898 	 3.714836 	 5.073567
    6 	 0.821085 	 4.516707 	 5.073567
    7 	 0.873286 	 4.576628 	 5.073567
    8 	 4.001601 	 4.657424 	 5.073567
    9 	 4.001601 	 4.689975 	 5.073567
   10 	 4.001601 	 4.697314 	 5.073567
   11 	 4.001601 	 4.692540 	 5.073567
   12 	 0.146690 	 4.648656 	 5.073567
   13 	 0.146690 	 4.642123 	 5.073567
   14 	 4.147657 	 4.708322 	 5.073567
   15 	 4.710316 	 4.710316 	 4.710316
   16 	 4.710316 	 4.710316 	 4.710316
   17 	 4.710316 	 4.710316 	 4.710316
   18 	 4.522840 	 4.708441 	 4.710316
   19 	 4.710316 	 4.710316 	 4.710316
   20 	 4.710316 	 4.710316 	 4.710316
   21 	 0.532964 	 4.668542 	 4.710316
   22 	 4.710316 	 4.710316 	 4.710316
   23 	 4.710316 	 4.710316 	 4.710316
   24 	 0.112802 	 4.664340 	 4.710316
   25 	 4.710316 	 4.710316 	 4.710316
   26 	 4.710316 	 4.710316 	 4.710316
   27 	 4.710316 	 4.710316 	 4.710316
   28 	 0.127533 	 4.664488 	 4.710316
   29 	 0.112802 	 4.664340 	 4.710316
   30 	 4.710316 	 4.710316 	 4.710316
   31 	 4.710316 	 4.710316 	 4.710316
   32 	 4.710316 	 4.710316 	 4.710316
   33 	 4.710316 	 4.710316 	 4.710316
   34 	 4.710316 	 4.710316 	 4.710316
   35 	 4.710316 	 4.710316 	 4.710316
   36 	 4.710316 	 4.710316 	 4.710316
   37 	 0.872068 	 4.671933 	 4.710316
   38 	 4.710316 	 4.710316 	 4.710316
   39 	 4.710316 	 4.710316 	 4.710316
   40 	 4.710316 	 4.710316 	 4.710316
   41 	 4.710316 	 4.710316 	 4.710316
   42 	 4.710316 	 4.710316 	 4.710316
   43 	 1.122712 	 4.674440 	 4.710316
   44 	 4.710316 	 4.710316 	 4.710316
   45 	 4.710316 	 4.710316 	 4.710316
   46 	 4.710316 	 4.710316 	 4.710316
   47 	 4.710316 	 4.710316 	 4.710316
   48 	 4.710316 	 4.710316 	 4.710316
   49 	 4.710316 	 4.710316 	 4.710316
 