   0 	 0.018299 	 0.062512 	 0.633754
    1 	 0.019263 	 0.171161 	 0.633754
    2 	 0.028299 	 0.389471 	 4.163197
    3 	 0.051976 	 0.917292 	 4.163197
    4 	 0.036904 	 2.169908 	 7.974482
    5 	 0.038113 	 3.815276 	 8.424600
    6 	 0.158381 	 4.853860 	 8.424600
    7 	 3.598417 	 5.518568 	 8.424600
    8 	 3.598417 	 5.968993 	 8.424600
    9 	 4.163197 	 6.702737 	 8.424600
   10 	 4.163197 	 7.343396 	 8.424600
   11 	 4.163197 	 7.756924 	 8.424600
   12 	 4.163197 	 7.880265 	 8.424600
   13 	 4.163197 	 7.992889 	 8.424600
   14 	 4.163197 	 7.987553 	 8.424600
   15 	 7.974482 	 8.039169 	 8.424600
   16 	 7.974482 	 8.065016 	 8.424600
   17 	 7.974482 	 8.076849 	 8.424600
   18 	 7.974482 	 8.081747 	 8.424600
   19 	 7.974482 	 8.073166 	 8.517888
   20 	 5.621135 	 8.065246 	 8.517888
   21 	 0.516449 	 7.989957 	 8.517888
   22 	 5.370569 	 8.040303 	 8.517888
   23 	 5.370569 	 8.015966 	 8.517888
   24 	 5.370569 	 8.077242 	 8.517888
   25 	 7.961783 	 8.101550 	 8.517888
   26 	 0.043748 	 8.010471 	 8.517888
   27 	 7.974482 	 8.131092 	 8.517888
   28 	 7.974482 	 8.142893 	 8.517888
   29 	 7.974482 	 8.174304 	 8.517888
   30 	 7.974482 	 8.157361 	 8.517888
   31 	 7.974482 	 8.142754 	 8.517888
   32 	 7.974482 	 8.119389 	 8.517888
   33 	 7.974482 	 8.143023 	 8.517888
   34 	 7.974482 	 8.136081 	 8.517888
   35 	 7.974482 	 8.119009 	 8.517888
   36 	 7.974482 	 8.139715 	 8.517888
   37 	 7.974482 	 8.131645 	 8.517888
   38 	 3.849115 	 8.130968 	 8.517888
   39 	 0.043748 	 8.056925 	 8.517888
   40 	 7.974482 	 8.184305 	 8.517888
   41 	 0.516449 	 8.141233 	 8.517888
   42 	 7.974482 	 8.194174 	 8.517888
   43 	 1.030715 	 8.112936 	 8.517888
   44 	 7.974482 	 8.206421 	 8.517888
   45 	 7.974482 	 8.194077 	 8.517888
   46 	 0.039038 	 8.075794 	 8.517888
   47 	 1.618385 	 8.214694 	 8.517888
   48 	 1.618385 	 8.211993 	 8.517888
   49 	 7.974482 	 8.261378 	 8.517888
 