   0 	 0.018229 	 0.102084 	 2.020202
    1 	 0.021500 	 0.722583 	 7.178751
    2 	 0.041581 	 2.079751 	 7.178751
    3 	 0.162872 	 3.652909 	 7.178751
    4 	 0.605144 	 5.600002 	 7.178751
    5 	 0.694927 	 6.509723 	 7.496252
    6 	 1.504664 	 6.916574 	 14.513788
    7 	 1.504664 	 7.112745 	 14.513788
    8 	 1.504664 	 7.633758 	 14.513788
    9 	 1.504664 	 8.030331 	 14.513788
   10 	 1.504664 	 9.423988 	 14.513788
   11 	 7.178751 	 10.626218 	 14.513788
   12 	 7.178751 	 10.772919 	 14.513788
   13 	 0.040799 	 11.656406 	 14.513788
   14 	 7.178751 	 12.974742 	 14.513788
   15 	 7.178751 	 13.633584 	 14.513788
   16 	 7.178751 	 14.293737 	 14.513788
   17 	 7.178751 	 14.367087 	 14.513788
   18 	 14.513788 	 14.513788 	 14.513788
   19 	 14.513788 	 14.513788 	 14.513788
   20 	 14.513788 	 14.513788 	 14.513788
   21 	 14.513788 	 14.513788 	 14.513788
   22 	 0.040242 	 14.369053 	 14.513788
   23 	 7.347539 	 14.442126 	 14.513788
   24 	 14.513788 	 14.513788 	 14.513788
   25 	 14.513788 	 14.513788 	 14.513788
   26 	 14.513788 	 14.513788 	 14.513788
   27 	 14.513788 	 14.513788 	 14.513788
   28 	 14.513788 	 14.513788 	 14.513788
   29 	 14.513788 	 14.513788 	 14.513788
   30 	 14.513788 	 14.513788 	 14.513788
   31 	 14.513788 	 14.513788 	 14.513788
   32 	 14.513788 	 14.513788 	 14.513788
   33 	 14.513788 	 14.552136 	 18.348624
   34 	 14.513788 	 14.628833 	 18.348624
   35 	 14.513788 	 14.667182 	 18.348624
   36 	 0.484097 	 14.603581 	 18.348624
   37 	 14.513788 	 14.743878 	 18.348624
   38 	 7.347539 	 14.672216 	 18.348624
   39 	 7.347539 	 14.595519 	 18.348624
   40 	 14.513788 	 14.672646 	 18.348624
   41 	 11.778563 	 14.678178 	 18.348624
   42 	 14.513788 	 14.667182 	 18.348624
   43 	 14.513788 	 14.743878 	 18.348624
   44 	 14.513788 	 14.782227 	 18.348624
   45 	 14.513788 	 14.858923 	 18.348624
   46 	 14.513788 	 15.089013 	 18.348624
   47 	 14.513788 	 15.127362 	 18.348624
   48 	 13.422819 	 15.269846 	 18.348624
   49 	 14.513788 	 15.625890 	 18.348624
 