   0 	 0.015068 	 0.072900 	 0.788581
    1 	 0.018777 	 0.194338 	 0.788581
    2 	 0.022550 	 0.502832 	 1.439885
    3 	 0.041367 	 0.663066 	 1.439885
    4 	 0.039310 	 0.809086 	 3.539823
    5 	 0.056602 	 1.177161 	 19.047619
    6 	 0.165232 	 3.656696 	 19.047619
    7 	 0.719373 	 13.147709 	 19.047619
    8 	 0.041290 	 17.978573 	 19.047619
    9 	 3.539823 	 18.654446 	 19.047619
   10 	 11.111111 	 18.968254 	 19.047619
   11 	 11.111111 	 18.968254 	 19.047619
   12 	 11.111111 	 18.968254 	 19.047619
   13 	 19.047619 	 19.047619 	 19.047619
   14 	 0.041290 	 18.857556 	 19.047619
   15 	 19.047619 	 19.047619 	 19.047619
   16 	 19.047619 	 19.047619 	 19.047619
   17 	 19.047619 	 19.047619 	 19.047619
   18 	 19.047619 	 19.047619 	 19.047619
   19 	 17.667845 	 19.033821 	 19.047619
   20 	 19.047619 	 19.047619 	 19.047619
   21 	 19.047619 	 19.047619 	 19.047619
   22 	 19.047619 	 19.047619 	 19.047619
   23 	 16.103060 	 19.018173 	 19.047619
   24 	 19.047619 	 19.047619 	 19.047619
   25 	 19.047619 	 19.047619 	 19.047619
   26 	 16.420361 	 19.021346 	 19.047619
   27 	 16.420361 	 18.995074 	 19.047619
   28 	 0.131060 	 18.779636 	 19.047619
   29 	 16.420361 	 18.995074 	 19.047619
   30 	 16.420361 	 19.021346 	 19.047619
   31 	 19.047619 	 19.047619 	 19.047619
   32 	 0.549783 	 18.876663 	 20.449898
   33 	 0.549783 	 18.689772 	 20.449898
   34 	 16.103060 	 19.032196 	 20.449898
   35 	 16.103060 	 19.032196 	 20.449898
   36 	 19.047619 	 19.075665 	 20.449898
   37 	 18.315018 	 19.082361 	 20.449898
   38 	 19.047619 	 19.131756 	 20.449898
   39 	 19.047619 	 19.103710 	 20.449898
   40 	 19.047619 	 19.089687 	 20.449898
   41 	 19.047619 	 19.075665 	 20.449898
   42 	 1.694628 	 18.789075 	 20.449898
   43 	 19.047619 	 19.131756 	 20.449898
   44 	 19.047619 	 19.103710 	 20.449898
   45 	 19.047619 	 19.089687 	 20.449898
   46 	 0.039615 	 18.941676 	 20.449898
   47 	 5.350455 	 18.952716 	 20.449898
   48 	 9.082652 	 19.018083 	 20.449898
   49 	 19.047619 	 19.117733 	 20.449898
 