   0 	 0.014584 	 0.112871 	 3.828484
    1 	 0.020905 	 1.433811 	 3.828484
    2 	 0.037771 	 3.069676 	 3.828484
    3 	 0.736811 	 3.650690 	 4.911591
    4 	 2.750275 	 3.777971 	 4.911591
    5 	 0.996413 	 3.803662 	 4.911591
    6 	 0.996413 	 3.847345 	 4.911591
    7 	 3.524850 	 3.930146 	 4.911591
    8 	 3.524850 	 3.998357 	 4.911591
    9 	 3.524850 	 4.076192 	 4.911591
   10 	 2.702703 	 4.092240 	 4.911591
   11 	 2.702703 	 4.083264 	 4.911591
   12 	 0.122760 	 4.170823 	 4.911591
   13 	 2.338634 	 4.297237 	 4.911591
   14 	 2.702703 	 4.464986 	 5.128205
   15 	 3.702332 	 4.521088 	 5.130836
   16 	 3.702332 	 4.476111 	 5.130836
   17 	 0.996413 	 4.449083 	 5.882353
   18 	 3.702332 	 4.565193 	 5.882353
   19 	 3.466205 	 4.634973 	 5.882353
   20 	 3.466205 	 4.602850 	 5.882353
   21 	 2.750275 	 4.809751 	 5.882353
   22 	 0.916086 	 4.909268 	 5.882353
   23 	 0.850051 	 4.964780 	 5.882353
   24 	 3.827019 	 5.118226 	 5.882353
   25 	 0.542888 	 5.282118 	 5.882353
   26 	 0.542888 	 5.298242 	 5.882353
   27 	 3.827019 	 5.486672 	 5.882353
   28 	 3.827019 	 5.549225 	 5.882353
   29 	 4.330879 	 5.653271 	 5.882353
   30 	 4.330879 	 5.672686 	 5.882353
   31 	 4.330879 	 5.540680 	 5.882353
   32 	 4.911591 	 5.513464 	 5.882353
   33 	 4.911591 	 5.613642 	 7.163324
   34 	 4.911591 	 5.613642 	 7.163324
   35 	 4.911591 	 5.713785 	 7.163324
   36 	 4.911591 	 6.355223 	 60.975610
   37 	 4.911591 	 9.134021 	 60.975610
   38 	 1.892506 	 28.955200 	 60.975610
   39 	 1.892506 	 53.203240 	 60.975610
   40 	 5.882353 	 60.424677 	 60.975610
   41 	 8.417508 	 60.450029 	 60.975610
   42 	 0.143275 	 59.841705 	 60.975610
   43 	 0.143275 	 60.367286 	 60.975610
   44 	 14.792899 	 60.513783 	 60.975610
   45 	 55.248619 	 60.918340 	 60.975610
   46 	 0.039672 	 60.308980 	 60.975610
   47 	 55.248619 	 60.918340 	 60.975610
   48 	 55.248619 	 60.918340 	 60.975610
   49 	 55.248619 	 60.918340 	 60.975610
 