   0 	 0.014605 	 0.068599 	 0.767048
    1 	 0.023711 	 0.227420 	 0.771545
    2 	 0.027745 	 0.413990 	 0.771545
    3 	 0.047125 	 0.487098 	 0.858738
    4 	 0.046935 	 0.591325 	 0.858738
    5 	 0.129044 	 0.653604 	 0.858738
    6 	 0.156167 	 0.696024 	 0.805867
    7 	 0.138902 	 0.689783 	 0.805867
    8 	 0.156167 	 0.709523 	 0.883626
    9 	 0.142869 	 0.714570 	 0.883626
   10 	 0.202441 	 0.725086 	 1.004621
   11 	 0.202441 	 0.726347 	 1.004621
   12 	 0.404318 	 0.748889 	 1.004621
   13 	 0.404318 	 0.752168 	 1.004621
   14 	 0.039297 	 0.756440 	 1.004621
   15 	 0.049441 	 0.758464 	 1.004621
   16 	 0.050639 	 0.782393 	 1.065417
   17 	 0.649140 	 0.805299 	 1.065417
   18 	 0.052017 	 0.797614 	 1.065417
   19 	 0.050639 	 0.813569 	 1.065417
   20 	 0.054986 	 0.815423 	 1.065417
   21 	 0.649140 	 0.850472 	 1.065417
   22 	 0.528625 	 0.845085 	 1.065417
   23 	 0.261472 	 0.845058 	 1.065417
   24 	 0.261472 	 0.851885 	 1.129944
   25 	 0.054986 	 0.873361 	 1.065417
   26 	 0.088996 	 0.910049 	 1.503759
   27 	 0.261472 	 0.960905 	 1.632653
   28 	 0.261472 	 0.991104 	 1.632653
   29 	 0.116645 	 0.995410 	 1.597955
   30 	 0.261472 	 1.039264 	 1.585791
   31 	 0.628378 	 1.099786 	 2.124947
   32 	 0.767048 	 1.169912 	 2.124947
   33 	 0.767048 	 1.183095 	 2.124947
   34 	 0.232677 	 1.184278 	 1.585791
   35 	 0.605840 	 1.242982 	 2.124947
   36 	 0.935891 	 1.288738 	 2.124947
   37 	 0.935891 	 1.306449 	 1.668335
   38 	 0.935891 	 1.374437 	 1.668335
   39 	 0.090703 	 1.419802 	 1.668335
   40 	 0.947508 	 1.487519 	 1.668335
   41 	 1.004621 	 1.527594 	 1.668335
   42 	 1.050751 	 1.560252 	 1.668335
   43 	 1.065417 	 1.567566 	 1.668335
   44 	 1.065417 	 1.551263 	 1.668335
   45 	 1.004621 	 1.537948 	 1.668335
   46 	 1.065417 	 1.547702 	 1.668335
   47 	 1.129944 	 1.539972 	 1.668335
   48 	 1.129944 	 1.551467 	 1.668335
   49 	 1.129944 	 1.556633 	 1.668335
 