   0 	 0.016495 	 0.062155 	 0.437158
    1 	 0.019899 	 0.122627 	 0.437158
    2 	 0.021131 	 0.240365 	 1.060895
    3 	 0.021131 	 0.345602 	 1.060895
    4 	 0.073090 	 0.520691 	 3.252033
    5 	 0.047727 	 0.879930 	 3.252033
    6 	 0.046502 	 1.559470 	 5.120328
    7 	 0.336191 	 2.337123 	 5.120328
    8 	 0.336191 	 2.849490 	 5.120328
    9 	 1.051967 	 3.162568 	 6.788866
   10 	 0.177346 	 3.529181 	 6.788866
   11 	 2.331002 	 4.025169 	 6.788866
   12 	 2.331002 	 4.428094 	 6.788866
   13 	 2.331002 	 4.773179 	 6.788866
   14 	 2.692515 	 5.175905 	 7.524454
   15 	 3.038590 	 5.245915 	 6.788866
   16 	 3.252033 	 5.416724 	 6.788866
   17 	 3.038590 	 5.417997 	 7.007708
   18 	 3.252033 	 5.667573 	 7.007708
   19 	 3.459011 	 5.783496 	 7.007708
   20 	 3.459011 	 5.980298 	 7.007708
   21 	 0.474676 	 5.952141 	 7.007708
   22 	 3.508772 	 6.143855 	 7.173601
   23 	 3.508772 	 6.222764 	 7.007708
   24 	 4.591368 	 6.352734 	 7.173601
   25 	 3.449465 	 6.373648 	 7.173601
   26 	 5.120328 	 6.365799 	 7.173601
   27 	 5.120328 	 6.397374 	 7.173601
   28 	 5.120328 	 6.378838 	 7.173601
   29 	 5.120328 	 6.438094 	 7.524454
   30 	 5.202914 	 6.457301 	 7.524454
   31 	 0.507254 	 6.397418 	 7.524454
   32 	 5.202914 	 6.441604 	 7.524454
   33 	 5.202914 	 6.502813 	 7.524454
   34 	 5.202914 	 6.483489 	 7.524454
   35 	 5.672150 	 6.515850 	 7.524454
   36 	 5.672150 	 6.501031 	 7.524454
   37 	 5.672150 	 6.533968 	 7.173601
   38 	 5.672150 	 6.512988 	 7.173601
   39 	 5.672150 	 6.517432 	 7.173601
   40 	 5.672150 	 6.501268 	 7.173601
   41 	 5.672150 	 6.476420 	 7.173601
   42 	 0.435218 	 6.417356 	 7.173601
   43 	 0.141657 	 6.232364 	 7.173601
   44 	 5.202914 	 6.294678 	 7.173601
   45 	 5.202914 	 6.368117 	 7.173601
   46 	 0.129452 	 6.306227 	 7.173601
   47 	 5.202914 	 6.407500 	 7.524454
   48 	 5.202914 	 6.370852 	 7.173601
   49 	 5.202914 	 6.339253 	 7.173601
 