   0 	 0.015554 	 0.062072 	 0.887390
    1 	 0.017795 	 0.290381 	 3.585515
    2 	 0.020625 	 0.954001 	 3.585515
    3 	 0.081963 	 1.716290 	 4.076641
    4 	 0.040964 	 2.753657 	 4.618938
    5 	 0.040908 	 3.142054 	 4.618938
    6 	 2.202158 	 3.493131 	 4.618938
    7 	 0.053887 	 3.541475 	 4.618938
    8 	 2.312139 	 3.640127 	 4.618938
    9 	 0.815594 	 3.654232 	 4.618938
   10 	 3.456619 	 3.753822 	 4.618938
   11 	 3.456619 	 3.751794 	 4.618938
   12 	 3.456619 	 3.811996 	 4.618938
   13 	 3.456619 	 3.903749 	 4.618938
   14 	 3.456619 	 3.991695 	 4.618938
   15 	 2.639219 	 4.058622 	 4.786979
   16 	 3.585515 	 4.140671 	 4.618938
   17 	 3.585515 	 4.265647 	 4.618938
   18 	 3.585515 	 4.248929 	 4.618938
   19 	 3.327787 	 4.312108 	 4.786979
   20 	 3.327787 	 4.337175 	 4.786979
   21 	 0.334169 	 4.357648 	 4.786979
   22 	 3.327787 	 4.417121 	 4.786979
   23 	 3.327787 	 4.441541 	 4.786979
   24 	 3.327787 	 4.447870 	 4.786979
   25 	 3.327787 	 4.445190 	 4.786979
   26 	 3.327787 	 4.415200 	 4.786979
   27 	 3.327787 	 4.504407 	 4.786979
   28 	 3.327787 	 4.559439 	 4.786979
   29 	 0.128263 	 4.515536 	 4.786979
   30 	 3.327787 	 4.571669 	 4.786979
   31 	 3.327787 	 4.566813 	 4.786979
   32 	 4.286327 	 4.575326 	 4.786979
   33 	 4.286327 	 4.563401 	 4.786979
   34 	 4.286327 	 4.568490 	 4.786979
   35 	 4.286327 	 4.562896 	 4.732608
   36 	 4.286327 	 4.576745 	 4.732608
   37 	 4.286327 	 4.583797 	 4.732608
   38 	 4.286327 	 4.579653 	 4.732608
   39 	 0.038578 	 4.718242 	 22.271715
   40 	 4.568296 	 5.302981 	 22.271715
   41 	 4.568296 	 7.781460 	 22.271715
   42 	 1.460067 	 14.255381 	 22.271715
   43 	 4.568296 	 19.571882 	 23.529412
   44 	 4.568296 	 21.965717 	 22.271715
   45 	 19.047619 	 22.142751 	 22.271715
   46 	 19.047619 	 22.239474 	 22.271715
   47 	 22.271715 	 22.271715 	 22.271715
   48 	 22.271715 	 22.271715 	 22.271715
   49 	 11.560694 	 22.164605 	 22.271715
 