   0 	 0.013369 	 0.099917 	 2.051703
    1 	 0.013369 	 0.886923 	 2.274278
    2 	 0.025286 	 1.770084 	 2.274278
    3 	 0.121145 	 1.860304 	 2.274278
    4 	 0.242283 	 1.962917 	 3.910833
    5 	 1.037022 	 2.152772 	 6.958942
    6 	 0.043257 	 2.265611 	 6.958942
    7 	 0.433839 	 2.460194 	 6.958942
    8 	 0.242283 	 3.123611 	 7.751938
    9 	 0.043839 	 3.942279 	 7.751938
   10 	 0.043889 	 5.014885 	 7.830854
   11 	 1.026905 	 5.914722 	 8.764242
   12 	 0.134878 	 6.403238 	 8.764242
   13 	 3.891051 	 6.946111 	 8.764242
   14 	 3.891051 	 7.085449 	 8.764242
   15 	 3.680530 	 6.998556 	 8.764242
   16 	 5.007511 	 7.174466 	 8.764242
   17 	 1.014919 	 7.167665 	 8.764242
   18 	 0.998702 	 7.212648 	 8.764242
   19 	 0.534817 	 7.218006 	 8.764242
   20 	 5.770340 	 7.422233 	 8.764242
   21 	 5.770340 	 7.447544 	 8.764242
   22 	 5.770340 	 7.396720 	 8.764242
   23 	 5.770340 	 7.384220 	 8.764242
   24 	 5.770340 	 7.451849 	 8.764242
   25 	 5.770340 	 7.484403 	 8.764242
   26 	 5.770340 	 7.534176 	 8.764242
   27 	 6.680027 	 7.609181 	 8.764242
   28 	 6.821282 	 7.639431 	 8.764242
   29 	 0.039022 	 7.563163 	 8.764242
   30 	 6.680027 	 7.656135 	 8.764242
   31 	 6.680027 	 7.632687 	 8.764242
   32 	 0.143092 	 7.537042 	 8.764242
   33 	 6.821282 	 7.674934 	 8.764242
   34 	 6.958942 	 7.692603 	 8.764242
   35 	 6.958942 	 7.701773 	 8.764242
   36 	 0.143092 	 7.673813 	 8.764242
   37 	 6.958942 	 7.781169 	 8.849558
   38 	 6.958942 	 7.816690 	 8.849558
   39 	 6.680027 	 7.844076 	 8.849558
   40 	 6.680027 	 7.910422 	 8.849558
   41 	 6.680027 	 7.928468 	 8.849558
   42 	 6.557377 	 7.954403 	 8.849558
   43 	 6.557377 	 7.923038 	 8.849558
   44 	 6.557377 	 7.900998 	 8.849558
   45 	 6.680027 	 8.032221 	 8.849558
   46 	 7.418398 	 8.223183 	 8.849558
   47 	 7.418398 	 8.282874 	 8.849558
   48 	 7.418398 	 8.358622 	 8.849558
   49 	 7.418398 	 8.347367 	 8.849558
 