   0 	 0.016800 	 0.057263 	 0.333801
    1 	 0.020706 	 0.107678 	 0.333801
    2 	 0.023157 	 0.189375 	 0.340321
    3 	 0.034167 	 0.240297 	 0.413942
    4 	 0.039315 	 0.254068 	 0.600204
    5 	 0.071969 	 0.284997 	 0.600204
    6 	 0.155284 	 0.306735 	 0.600204
    7 	 0.047659 	 0.315953 	 0.600204
    8 	 0.035738 	 0.329923 	 0.600204
    9 	 0.175642 	 0.369890 	 1.445504
   10 	 0.179427 	 0.456824 	 1.445504
   11 	 0.239257 	 0.645371 	 1.445504
   12 	 0.332912 	 0.968945 	 1.445504
   13 	 0.332912 	 1.166019 	 1.586798
   14 	 0.041245 	 1.364172 	 1.586798
   15 	 0.600781 	 1.440896 	 1.586798
   16 	 0.116596 	 1.434591 	 1.586798
   17 	 1.440507 	 1.446568 	 1.586798
   18 	 1.440507 	 1.446618 	 1.586798
   19 	 1.440507 	 1.450706 	 1.586798
   20 	 1.440507 	 1.454795 	 1.586798
   21 	 1.440507 	 1.459253 	 1.586798
   22 	 0.897505 	 1.448052 	 1.586798
   23 	 0.897505 	 1.444727 	 1.586798
   24 	 0.897505 	 1.443503 	 1.586798
   25 	 1.440507 	 1.450257 	 1.586798
   26 	 1.440507 	 1.451770 	 1.586798
   27 	 1.440507 	 1.457571 	 1.586798
   28 	 1.440507 	 1.459034 	 1.586798
   29 	 1.440507 	 1.454845 	 1.586798
   30 	 1.440507 	 1.451870 	 1.586798
   31 	 1.440507 	 1.453232 	 1.586798
   32 	 0.041248 	 1.441181 	 1.586798
   33 	 1.440507 	 1.453033 	 1.586798
   34 	 1.440507 	 1.452533 	 1.586798
   35 	 1.440507 	 1.457985 	 1.586798
   36 	 1.440507 	 1.460690 	 1.586798
   37 	 0.037972 	 1.549992 	 10.799136
   38 	 1.440507 	 2.033391 	 10.799136
   39 	 1.440507 	 4.182290 	 10.799136
   40 	 1.435544 	 8.103006 	 11.086475
   41 	 0.134876 	 10.394456 	 17.421603
   42 	 0.042293 	 10.697314 	 11.086475
   43 	 10.799136 	 10.807756 	 11.086475
   44 	 10.799136 	 10.810630 	 11.086475
   45 	 10.799136 	 10.810630 	 11.086475
   46 	 10.799136 	 10.816376 	 11.086475
   47 	 10.799136 	 10.810630 	 11.086475
   48 	 10.799136 	 10.804883 	 11.086475
   49 	 10.799136 	 10.814707 	 11.494253
 