   0 	 0.017370 	 0.066211 	 1.051635
    1 	 0.021481 	 0.237858 	 1.051635
    2 	 0.037780 	 0.752707 	 2.971768
    3 	 0.120480 	 0.971361 	 2.971768
    4 	 0.045268 	 1.082888 	 2.971768
    5 	 0.022425 	 1.314895 	 2.971768
    6 	 0.887390 	 1.822560 	 2.971768
    7 	 0.037255 	 2.276313 	 2.971768
    8 	 0.038885 	 2.657089 	 2.971768
    9 	 1.051635 	 2.903013 	 2.971768
   10 	 0.155046 	 2.911762 	 2.971768
   11 	 2.773925 	 2.965076 	 2.971768
   12 	 2.773925 	 2.964005 	 2.986858
   13 	 2.773925 	 2.964156 	 2.986858
   14 	 2.773925 	 2.966135 	 2.986858
   15 	 2.773925 	 2.970242 	 2.986858
   16 	 2.971768 	 2.972070 	 2.986858
   17 	 2.971768 	 2.971919 	 2.986858
   18 	 2.971768 	 2.971919 	 2.986858
   19 	 2.971768 	 2.971768 	 2.971768
   20 	 2.971768 	 2.971768 	 2.971768
   21 	 2.971768 	 2.971768 	 2.971768
   22 	 2.971768 	 2.971768 	 2.971768
   23 	 2.971768 	 2.971768 	 2.971768
   24 	 2.971768 	 2.971768 	 2.971768
   25 	 2.971768 	 2.971768 	 2.971768
   26 	 2.971768 	 2.972754 	 3.070310
   27 	 2.971768 	 2.972754 	 3.070310
   28 	 2.801905 	 2.970070 	 2.971768
   29 	 0.136038 	 2.950390 	 3.669725
   30 	 2.971768 	 2.971768 	 2.971768
   31 	 2.971768 	 2.971768 	 2.971768
   32 	 2.971768 	 2.971768 	 2.971768
   33 	 2.971768 	 2.971768 	 2.971768
   34 	 2.971768 	 2.971768 	 2.971768
   35 	 2.971768 	 2.975596 	 3.354579
   36 	 2.971768 	 2.979424 	 3.354579
   37 	 0.371512 	 2.953422 	 3.354579
   38 	 2.971768 	 2.983746 	 3.354579
   39 	 2.971768 	 2.979424 	 3.354579
   40 	 2.971768 	 2.987081 	 3.354579
   41 	 2.971768 	 2.983253 	 3.354579
   42 	 0.136038 	 2.954895 	 3.354579
   43 	 2.971768 	 2.983253 	 3.354579
   44 	 2.971768 	 2.979424 	 3.354579
   45 	 0.307229 	 2.952779 	 3.354579
   46 	 2.971768 	 2.987081 	 3.354579
   47 	 0.742005 	 2.968611 	 3.354579
   48 	 2.971768 	 2.987081 	 3.354579
   49 	 2.971768 	 2.983253 	 3.354579
 