   0 	 0.016537 	 0.069553 	 0.507382
    1 	 0.020720 	 0.158129 	 0.507382
    2 	 0.031744 	 0.332626 	 2.728513
    3 	 0.038809 	 0.687988 	 3.861004
    4 	 0.038809 	 1.522576 	 4.240882
    5 	 0.041163 	 2.339393 	 5.527916
    6 	 0.163738 	 3.237248 	 34.965035
    7 	 0.041105 	 5.693345 	 34.965035
    8 	 0.155555 	 19.174060 	 34.965035
    9 	 0.154765 	 31.773900 	 34.965035
   10 	 5.302227 	 34.373947 	 34.965035
   11 	 30.674847 	 34.664722 	 34.965035
   12 	 30.674847 	 34.707624 	 34.965035
   13 	 30.674847 	 34.536016 	 34.965035
   14 	 30.674847 	 34.621820 	 34.965035
   15 	 30.674847 	 34.793427 	 34.965035
   16 	 30.674847 	 34.750526 	 34.965035
   17 	 30.674847 	 34.621820 	 34.965035
   18 	 30.674847 	 34.879231 	 34.965035
   19 	 30.674847 	 34.879231 	 34.965035
   20 	 30.674847 	 34.922133 	 34.965035
   21 	 30.674847 	 34.922133 	 34.965035
   22 	 30.674847 	 34.922133 	 34.965035
   23 	 30.674847 	 34.922133 	 34.965035
   24 	 30.674847 	 34.944230 	 37.174721
   25 	 30.674847 	 34.944230 	 37.174721
   26 	 0.493730 	 34.491616 	 34.965035
   27 	 5.302227 	 34.582603 	 34.965035
   28 	 1.807011 	 34.547651 	 34.965035
   29 	 30.674847 	 34.836329 	 34.965035
   30 	 0.137005 	 34.295138 	 34.965035
   31 	 30.674847 	 34.750526 	 34.965035
   32 	 30.674847 	 34.793427 	 34.965035
   33 	 30.674847 	 34.879231 	 34.965035
   34 	 30.674847 	 34.879231 	 34.965035
   35 	 30.674847 	 34.922133 	 34.965035
   36 	 1.619695 	 34.588680 	 34.965035
   37 	 0.141985 	 34.531001 	 34.965035
   38 	 30.674847 	 34.793427 	 34.965035
   39 	 30.674847 	 34.836329 	 34.965035
   40 	 30.674847 	 34.879231 	 34.965035
   41 	 30.674847 	 34.932195 	 35.971223
   42 	 30.674847 	 34.932195 	 35.971223
   43 	 0.137005 	 34.541013 	 35.971223
   44 	 30.674847 	 34.879231 	 34.965035
   45 	 34.965035 	 34.965035 	 34.965035
   46 	 34.965035 	 34.965035 	 34.965035
   47 	 34.965035 	 34.965035 	 34.965035
   48 	 34.965035 	 34.965035 	 34.965035
   49 	 34.965035 	 34.965035 	 34.965035
 