   0 	 0.017596 	 0.072755 	 1.550147
    1 	 0.020099 	 0.503473 	 1.550147
    2 	 0.040253 	 1.379240 	 1.550147
    3 	 0.052690 	 1.487723 	 1.550147
    4 	 1.550147 	 1.550147 	 1.550147
    5 	 1.550147 	 1.550147 	 1.550147
    6 	 1.550147 	 1.550147 	 1.550147
    7 	 0.854774 	 1.543194 	 1.550147
    8 	 1.459641 	 1.549242 	 1.550147
    9 	 1.133915 	 1.545985 	 1.550147
   10 	 1.133915 	 1.546359 	 1.587554
   11 	 1.133915 	 1.545985 	 1.550147
   12 	 1.550147 	 1.550147 	 1.550147
   13 	 1.550147 	 1.550147 	 1.550147
   14 	 1.242082 	 1.547067 	 1.550147
   15 	 1.242082 	 1.547261 	 1.569612
   16 	 1.550147 	 1.550147 	 1.550147
   17 	 1.550147 	 1.550147 	 1.550147
   18 	 1.550147 	 1.550147 	 1.550147
   19 	 1.550147 	 1.550147 	 1.550147
   20 	 1.550147 	 1.550147 	 1.550147
   21 	 1.550147 	 1.550147 	 1.550147
   22 	 1.550147 	 1.550147 	 1.550147
   23 	 1.550147 	 1.550147 	 1.550147
   24 	 1.550147 	 1.550147 	 1.550147
   25 	 1.550147 	 1.550147 	 1.550147
   26 	 1.550147 	 1.550147 	 1.550147
   27 	 1.529286 	 1.549939 	 1.550147
   28 	 1.529286 	 1.549939 	 1.550147
   29 	 1.242082 	 1.546858 	 1.550147
   30 	 1.550147 	 1.550147 	 1.550147
   31 	 1.550147 	 1.550147 	 1.550147
   32 	 1.550147 	 1.550147 	 1.550147
   33 	 1.550147 	 1.550147 	 1.550147
   34 	 1.550147 	 1.550147 	 1.550147
   35 	 1.550147 	 1.550147 	 1.550147
   36 	 1.550147 	 1.550147 	 1.550147
   37 	 0.806257 	 1.542708 	 1.550147
   38 	 0.806257 	 1.542708 	 1.550147
   39 	 1.550147 	 1.550147 	 1.550147
   40 	 1.550147 	 1.550147 	 1.550147
   41 	 1.550147 	 1.550147 	 1.550147
   42 	 1.550147 	 1.550147 	 1.550147
   43 	 1.550147 	 1.550147 	 1.550147
   44 	 1.550147 	 1.550147 	 1.550147
   45 	 0.354472 	 1.538191 	 1.550147
   46 	 0.354472 	 1.538191 	 1.550147
   47 	 1.550147 	 1.550147 	 1.550147
   48 	 1.550147 	 1.550147 	 1.550147
   49 	 1.545595 	 1.550102 	 1.550147
 