   0 	 0.017921 	 0.065182 	 0.501958
    1 	 0.019217 	 0.152649 	 0.501958
    2 	 0.020861 	 0.339819 	 1.680672
    3 	 0.020945 	 1.060612 	 55.248619
    4 	 0.102111 	 27.811464 	 58.823529
    5 	 6.293266 	 53.984362 	 68.493151
    6 	 6.293266 	 54.420062 	 68.493151
    7 	 55.248619 	 55.513509 	 68.493151
    8 	 55.248619 	 55.381064 	 68.493151
    9 	 55.248619 	 55.549259 	 68.493151
   10 	 37.174721 	 55.200325 	 68.493151
   11 	 37.174721 	 55.332770 	 68.493151
   12 	 37.174721 	 55.200325 	 68.493151
   13 	 50.000000 	 55.328578 	 68.493151
   14 	 1.982161 	 54.715954 	 55.248619
   15 	 55.248619 	 55.248619 	 55.248619
   16 	 55.248619 	 55.248619 	 55.248619
   17 	 5.614823 	 54.752281 	 55.248619
   18 	 0.145372 	 54.164922 	 55.248619
   19 	 55.248619 	 55.248619 	 55.248619
   20 	 55.248619 	 55.248619 	 55.248619
   21 	 55.248619 	 55.248619 	 55.248619
   22 	 55.248619 	 55.686232 	 99.009901
   23 	 55.248619 	 55.248619 	 55.248619
   24 	 55.248619 	 55.248619 	 55.248619
   25 	 55.248619 	 55.248619 	 55.248619
   26 	 55.248619 	 55.248619 	 55.248619
   27 	 55.248619 	 55.248619 	 55.248619
   28 	 55.248619 	 55.248619 	 55.248619
   29 	 55.248619 	 55.248619 	 55.248619
   30 	 55.248619 	 55.248619 	 55.248619
   31 	 1.841960 	 54.714552 	 55.248619
   32 	 1.841960 	 54.714552 	 55.248619
   33 	 55.248619 	 55.248619 	 55.248619
   34 	 55.248619 	 55.248619 	 55.248619
   35 	 6.293266 	 54.759065 	 55.248619
   36 	 55.248619 	 55.248619 	 55.248619
   37 	 55.248619 	 55.248619 	 55.248619
   38 	 55.248619 	 55.248619 	 55.248619
   39 	 55.248619 	 55.248619 	 55.248619
   40 	 55.248619 	 55.248619 	 55.248619
   41 	 55.248619 	 55.248619 	 55.248619
   42 	 55.248619 	 55.248619 	 55.248619
   43 	 55.248619 	 55.248619 	 55.248619
   44 	 55.248619 	 55.248619 	 55.248619
   45 	 55.248619 	 55.248619 	 55.248619
   46 	 55.248619 	 55.248619 	 55.248619
   47 	 55.248619 	 55.248619 	 55.248619
   48 	 55.248619 	 55.248619 	 55.248619
   49 	 5.824112 	 54.754374 	 55.248619
 