   0 	 0.014732 	 0.063300 	 0.485814
    1 	 0.021921 	 0.136043 	 0.485814
    2 	 0.033627 	 0.252972 	 0.518027
    3 	 0.039641 	 0.350358 	 0.615915
    4 	 0.034950 	 0.416761 	 0.608865
    5 	 0.158945 	 0.453116 	 0.608865
    6 	 0.041854 	 0.431779 	 0.608865
    7 	 0.148863 	 0.465598 	 0.913075
    8 	 0.148863 	 0.493121 	 0.913075
    9 	 0.323415 	 0.536116 	 0.913075
   10 	 0.045486 	 0.532492 	 1.205400
   11 	 0.035956 	 0.526677 	 1.205400
   12 	 0.042813 	 0.600287 	 1.458576
   13 	 0.203021 	 0.662175 	 1.493429
   14 	 0.035660 	 0.790316 	 1.493429
   15 	 0.042562 	 0.868027 	 1.523229
   16 	 0.405186 	 1.026984 	 1.846381
   17 	 0.209135 	 1.120801 	 1.846381
   18 	 0.405186 	 1.231609 	 1.793400
   19 	 0.405186 	 1.307415 	 1.793400
   20 	 0.209135 	 1.376486 	 1.846381
   21 	 0.913075 	 1.429646 	 1.846381
   22 	 0.042562 	 1.350091 	 1.793400
   23 	 0.052308 	 1.476185 	 1.793400
   24 	 0.726322 	 1.533892 	 1.846381
   25 	 0.913075 	 1.592456 	 1.793400
   26 	 0.913075 	 1.617369 	 1.793400
   27 	 1.334045 	 1.633481 	 1.846381
   28 	 0.045486 	 1.624227 	 1.846381
   29 	 1.334045 	 1.667290 	 1.846381
   30 	 1.334045 	 1.652506 	 1.846381
   31 	 1.334045 	 1.646043 	 1.846381
   32 	 1.334045 	 1.657824 	 1.846381
   33 	 0.049648 	 1.665065 	 1.846381
   34 	 1.334045 	 1.720507 	 1.846381
   35 	 1.458576 	 1.751114 	 1.846381
   36 	 1.458576 	 1.765395 	 1.846381
   37 	 1.458576 	 1.763806 	 1.846381
   38 	 0.039466 	 1.758600 	 1.846381
   39 	 0.257361 	 1.750915 	 1.846381
   40 	 1.284687 	 1.765596 	 1.846381
   41 	 1.284687 	 1.783397 	 1.846381
   42 	 0.042562 	 1.779961 	 1.846381
   43 	 0.039466 	 1.780629 	 1.846381
   44 	 1.793400 	 1.798169 	 1.846381
   45 	 1.793400 	 1.798698 	 1.846381
   46 	 1.709986 	 1.797334 	 1.846381
   47 	 0.257361 	 1.783338 	 1.846381
   48 	 1.793400 	 1.801347 	 1.846381
   49 	 1.793400 	 1.800818 	 1.846381
 