   0 	 0.015159 	 0.061205 	 0.377858
    1 	 0.017665 	 0.118830 	 0.563380
    2 	 0.033940 	 0.221761 	 0.563380
    3 	 0.034402 	 0.287131 	 1.345895
    4 	 0.105160 	 0.455187 	 3.802281
    5 	 0.050711 	 0.942496 	 3.802281
    6 	 0.024662 	 1.650103 	 6.451613
    7 	 0.043637 	 2.787400 	 6.451613
    8 	 0.047694 	 3.501954 	 9.708738
    9 	 1.100231 	 3.992052 	 9.708738
   10 	 1.100231 	 4.294129 	 9.708738
   11 	 1.100231 	 4.893035 	 9.708738
   12 	 3.073141 	 5.960683 	 9.708738
   13 	 0.168515 	 6.654950 	 9.708738
   14 	 0.038956 	 6.995178 	 9.708738
   15 	 0.038514 	 7.460710 	 9.708738
   16 	 0.038927 	 7.884852 	 9.708738
   17 	 0.161267 	 8.984539 	 30.395137
   18 	 0.160241 	 9.197847 	 30.395137
   19 	 0.645286 	 9.435582 	 30.395137
   20 	 0.039369 	 9.957462 	 30.395137
   21 	 0.039468 	 10.160097 	 30.395137
   22 	 0.704176 	 12.535922 	 30.395137
   23 	 6.540222 	 17.757778 	 74.626866
   24 	 3.166561 	 23.223414 	 74.626866
   25 	 0.160015 	 30.833942 	 74.626866
   26 	 3.262643 	 40.543859 	 74.626866
   27 	 0.163803 	 52.509792 	 74.626866
   28 	 0.149939 	 58.133520 	 74.626866
   29 	 0.753864 	 67.715493 	 74.626866
   30 	 30.395137 	 71.670602 	 74.626866
   31 	 74.626866 	 74.626866 	 74.626866
   32 	 74.626866 	 74.626866 	 74.626866
   33 	 74.626866 	 74.626866 	 74.626866
   34 	 74.626866 	 74.626866 	 74.626866
   35 	 74.626866 	 74.626866 	 74.626866
   36 	 74.626866 	 74.626866 	 74.626866
   37 	 74.626866 	 74.626866 	 74.626866
   38 	 0.144396 	 73.882041 	 74.626866
   39 	 74.626866 	 74.626866 	 74.626866
   40 	 74.626866 	 74.707043 	 82.644628
   41 	 74.626866 	 74.626866 	 74.626866
   42 	 74.626866 	 74.626866 	 74.626866
   43 	 74.626866 	 74.626866 	 74.626866
   44 	 74.626866 	 74.626866 	 74.626866
   45 	 74.626866 	 74.626866 	 74.626866
   46 	 74.626866 	 74.626866 	 74.626866
   47 	 0.038428 	 73.880981 	 74.626866
   48 	 57.471264 	 74.455310 	 74.626866
   49 	 57.471264 	 74.311451 	 74.626866
 