   0 	 0.013505 	 0.055511 	 0.415541
    1 	 0.017271 	 0.152388 	 0.867980
    2 	 0.029264 	 0.327735 	 0.867980
    3 	 0.044169 	 0.456343 	 0.867980
    4 	 0.038829 	 0.550681 	 0.909670
    5 	 0.097615 	 0.641028 	 0.942241
    6 	 0.040817 	 0.716596 	 0.942241
    7 	 0.208052 	 0.769439 	 0.942241
    8 	 0.037836 	 0.797613 	 0.942241
    9 	 0.673446 	 0.840590 	 0.944287
   10 	 0.673446 	 0.841155 	 0.944287
   11 	 0.436376 	 0.838171 	 0.949127
   12 	 0.436376 	 0.847762 	 0.944287
   13 	 0.037202 	 0.828154 	 1.100594
   14 	 0.040720 	 0.869696 	 1.100594
   15 	 0.103066 	 0.868211 	 1.100594
   16 	 0.417763 	 0.889291 	 1.100594
   17 	 0.741125 	 0.896874 	 1.110001
   18 	 0.741125 	 0.913510 	 1.155135
   19 	 0.109418 	 0.880175 	 1.155135
   20 	 0.137255 	 0.917449 	 1.155135
   21 	 0.782718 	 0.934238 	 1.155135
   22 	 0.833472 	 0.941026 	 1.155135
   23 	 0.566476 	 0.952198 	 1.187085
   24 	 0.151492 	 0.935429 	 1.155135
   25 	 0.179029 	 0.968227 	 1.155135
   26 	 0.151492 	 0.956469 	 1.155135
   27 	 0.039304 	 0.967179 	 1.199472
   28 	 0.159436 	 0.999601 	 1.199472
   29 	 0.446828 	 1.004962 	 1.199472
   30 	 0.040497 	 0.978368 	 1.199472
   31 	 0.041209 	 1.015200 	 1.199472
   32 	 0.477236 	 1.034425 	 1.155135
   33 	 0.038977 	 1.018769 	 1.155135
   34 	 0.039304 	 1.005151 	 1.155135
   35 	 0.215322 	 1.046463 	 1.155135
   36 	 0.215322 	 1.037155 	 1.155135
   37 	 0.847386 	 1.062624 	 1.155135
   38 	 0.474744 	 1.074203 	 1.155135
   39 	 0.040895 	 1.054171 	 1.155135
   40 	 0.460723 	 1.070647 	 1.155135
   41 	 0.460723 	 1.078187 	 1.155135
   42 	 0.040895 	 1.071647 	 1.155135
   43 	 0.550025 	 1.097324 	 1.155135
   44 	 0.550025 	 1.088477 	 1.155135
   45 	 0.550025 	 1.091705 	 1.155135
   46 	 0.778028 	 1.085822 	 1.155135
   47 	 0.163106 	 1.064980 	 1.155135
   48 	 0.148410 	 1.068874 	 1.155135
   49 	 0.168325 	 1.102138 	 1.155135
 