   0 	 0.000263 	 0.115135 	 8.343905
    1 	 0.001971 	 4.749116 	 22.851572
    2 	 0.005325 	 7.831859 	 22.851572
    3 	 0.002313 	 9.101140 	 26.242074
    4 	 0.001768 	 10.948001 	 45.126354
    5 	 0.002350 	 14.885421 	 45.126354
    6 	 0.009209 	 17.820752 	 46.356388
    7 	 0.005656 	 20.282857 	 46.356388
    8 	 0.001823 	 40.501893 	 1834.862385
    9 	 0.009567 	 658.228961 	 3278.688525
   10 	 0.009247 	 1477.425727 	 5862.984400
   11 	 0.002383 	 1871.021787 	 7120.067840
   12 	 0.001016 	 2062.910342 	 7120.067840
   13 	 0.001016 	 2419.382975 	 7120.067840
   14 	 0.002395 	 2204.327937 	 9955.389898
   15 	 0.002383 	 2734.774475 	 9955.389898
   16 	 0.000577 	 2939.136056 	 9955.389898
   17 	 0.001014 	 4008.859395 	 9955.389898
   18 	 0.002383 	 5316.825889 	 9955.389898
   19 	 0.002550 	 6242.798243 	 9955.389898
   20 	 0.001014 	 6180.293654 	 9955.389898
   21 	 0.005917 	 6815.002039 	 9955.389898
   22 	 0.001014 	 6562.944541 	 9955.389898
   23 	 0.002383 	 7423.268355 	 9955.389898
   24 	 0.001014 	 7475.703760 	 9955.389898
   25 	 0.001010 	 6437.458821 	 9955.389898
   26 	 0.001522 	 6598.957059 	 9955.389898
   27 	 0.001014 	 6437.421339 	 9955.389898
   28 	 0.001014 	 6496.475328 	 9955.389898
   29 	 0.001058 	 6758.149662 	 9955.389898
   30 	 0.002402 	 6887.907899 	 9955.389898
   31 	 0.009529 	 6463.953596 	 9955.389898
   32 	 0.001014 	 6594.094377 	 9955.389898
   33 	 0.002383 	 6197.129874 	 9955.389898
   34 	 0.002382 	 6551.156244 	 9955.389898
   35 	 0.001014 	 6662.748227 	 9955.389898
   36 	 0.001014 	 6718.057265 	 9955.389898
   37 	 0.001014 	 6812.091441 	 9955.389898
   38 	 0.002385 	 6766.929311 	 9955.389898
   39 	 0.001014 	 6985.661295 	 9955.389898
   40 	 0.001014 	 6980.954157 	 9955.389898
   41 	 0.001005 	 6835.433293 	 9955.389898
   42 	 0.002383 	 6810.651029 	 9955.389898
   43 	 0.001013 	 6715.074390 	 9955.389898
   44 	 0.009527 	 6565.365179 	 9955.389898
   45 	 0.001014 	 7232.250834 	 9955.389898
   46 	 0.002383 	 7253.292635 	 9955.389898
   47 	 0.009529 	 7023.683095 	 9955.389898
   48 	 0.001014 	 7119.793576 	 9955.389898
   49 	 0.002359 	 6729.816316 	 9955.389898
 