   0 	 0.000275 	 0.037551 	 0.818467
    1 	 0.000555 	 0.385756 	 9.341068
    2 	 0.002415 	 2.709240 	 11.720420
    3 	 0.004077 	 5.875651 	 15.095322
    4 	 0.000843 	 6.095749 	 16.783874
    5 	 0.001291 	 7.748659 	 22.324024
    6 	 0.001172 	 8.292631 	 24.085859
    7 	 0.003263 	 10.059181 	 29.614066
    8 	 0.002147 	 15.247257 	 180.571382
    9 	 0.009400 	 51.070995 	 765.410722
   10 	 0.001270 	 448.473938 	 11665.671196
   11 	 0.001317 	 3062.465353 	 51845.438379
   12 	 0.002376 	 11102.737072 	 61394.515014
   13 	 0.003181 	 19716.830561 	 61394.515014
   14 	 0.001324 	 31876.399427 	 61394.515014
   15 	 0.002385 	 32423.225265 	 61394.515014
   16 	 0.001324 	 36231.294201 	 61394.515014
   17 	 0.001324 	 40710.491145 	 61394.515014
   18 	 0.002385 	 36193.345972 	 61394.515014
   19 	 0.002385 	 40300.795403 	 61394.515014
   20 	 0.001324 	 40813.406819 	 61394.515014
   21 	 0.002385 	 35136.505007 	 61394.515014
   22 	 0.002385 	 35997.584932 	 61394.515014
   23 	 0.001324 	 41559.377025 	 61394.515014
   24 	 0.001324 	 38807.154447 	 61394.515014
   25 	 0.003188 	 39993.780716 	 61394.515014
   26 	 0.001317 	 38037.223348 	 61394.515014
   27 	 0.001324 	 37465.888162 	 61394.515014
   28 	 0.002385 	 40751.294995 	 61394.515014
   29 	 0.001324 	 33272.743319 	 61394.515014
   30 	 0.009529 	 36869.084925 	 61394.515014
   31 	 0.003188 	 40306.948854 	 61394.515014
   32 	 0.001324 	 45122.282163 	 61394.515014
   33 	 0.001324 	 36152.194563 	 61394.515014
   34 	 0.001324 	 36658.053546 	 61394.515014
   35 	 0.003188 	 41763.637921 	 61394.515014
   36 	 0.001324 	 44890.272177 	 61394.515014
   37 	 0.001324 	 43502.678542 	 61394.515014
   38 	 0.001324 	 37732.700758 	 61394.515014
   39 	 0.038089 	 48252.282344 	 61394.515014
   40 	 0.001609 	 47037.865863 	 61394.515014
   41 	 0.009529 	 46838.274997 	 61394.515014
   42 	 0.002385 	 41194.148821 	 61394.515014
   43 	 0.002385 	 45874.237902 	 61394.515014
   44 	 0.001324 	 41926.198523 	 61394.515014
   45 	 0.001324 	 42444.971427 	 61394.515014
   46 	 0.002385 	 42205.728900 	 61394.515014
   47 	 0.001324 	 40547.762157 	 61394.515014
   48 	 0.002385 	 39386.166185 	 61394.515014
   49 	 0.001324 	 45988.976444 	 61394.515014
 