   0 	 0.000322 	 0.015895 	 0.456980
    1 	 0.001134 	 0.203753 	 4.935602
    2 	 0.001336 	 1.090646 	 14.314192
    3 	 0.002480 	 3.459318 	 31.859925
    4 	 0.002437 	 5.505504 	 31.859925
    5 	 0.000933 	 9.788125 	 59.765598
    6 	 0.001837 	 11.143052 	 39.216619
    7 	 0.001907 	 15.097925 	 39.216619
    8 	 0.003877 	 20.500631 	 49.789903
    9 	 0.001848 	 25.472966 	 162.374734
   10 	 0.001880 	 31.969393 	 162.374734
   11 	 0.001834 	 38.164721 	 173.124391
   12 	 0.001897 	 71.910780 	 1817.975230
   13 	 0.002405 	 485.406884 	 6935.120560
   14 	 0.002381 	 2193.492176 	 6935.120560
   15 	 0.002384 	 3412.813752 	 8251.260793
   16 	 0.001807 	 4261.940439 	 8251.260793
   17 	 0.001810 	 4518.158743 	 9980.677409
   18 	 0.001810 	 5112.411175 	 9980.677409
   19 	 0.001810 	 5673.046006 	 9980.677409
   20 	 0.001815 	 6082.814395 	 61752.791226
   21 	 0.002384 	 61207.704765 	 5165289.256201
   22 	 0.001815 	 2442131.252523 	 5165289.256201
   23 	 0.002384 	 4029055.469860 	 5165289.256201
   24 	 0.001857 	 3254288.737710 	 5165289.256201
   25 	 0.001815 	 3615911.582866 	 5165289.256201
   26 	 0.001816 	 3469905.461020 	 5165289.256201
   27 	 0.001815 	 3271727.345697 	 5165289.256201
   28 	 0.001815 	 3883172.804490 	 5165289.256201
   29 	 0.001815 	 3564765.205402 	 5165289.256201
   30 	 0.001815 	 3875309.731008 	 5165289.256201
   31 	 0.001815 	 3729938.641341 	 5165289.256201
   32 	 0.003919 	 3886723.042006 	 5165289.256201
   33 	 0.002383 	 3358684.183052 	 5165289.256201
   34 	 0.003919 	 3513349.416799 	 5165289.256201
   35 	 0.001815 	 3526155.185004 	 5165289.256201
   36 	 0.003625 	 3980069.178158 	 5165289.256201
   37 	 0.001815 	 3564402.493504 	 5165289.256201
   38 	 0.001815 	 3564361.325406 	 5165289.256201
   39 	 0.001815 	 3532121.614437 	 5165289.256201
   40 	 0.001815 	 3770785.865380 	 5165289.256201
   41 	 0.001815 	 3418481.264341 	 5165289.256201
   42 	 0.001815 	 3565722.318780 	 5165289.256201
   43 	 0.002384 	 3882735.764226 	 5165289.256201
   44 	 0.001815 	 3362267.751428 	 5165289.256201
   45 	 0.001815 	 3668864.111478 	 5165289.256201
   46 	 0.001815 	 3667768.300523 	 5165289.256201
   47 	 0.002384 	 3573438.181760 	 5165289.256201
   48 	 0.000753 	 3567333.784604 	 5165289.256201
   49 	 0.003919 	 3420201.689941 	 5165289.256201
 