   0 	 0.000304 	 0.122673 	 4.361922
    1 	 0.002793 	 2.057942 	 11.126682
    2 	 0.002424 	 3.221931 	 11.126682
    3 	 0.001437 	 3.835483 	 28.290034
    4 	 0.001139 	 4.945728 	 28.290034
    5 	 0.001197 	 5.601791 	 21.182649
    6 	 0.001142 	 6.588535 	 35.535118
    7 	 0.002006 	 7.977359 	 35.535118
    8 	 0.004272 	 11.483693 	 68.039245
    9 	 0.001193 	 16.378469 	 68.039245
   10 	 0.009229 	 22.339496 	 188.995327
   11 	 0.000820 	 27.724662 	 224.178247
   12 	 0.001749 	 41.185496 	 296.028809
   13 	 0.006442 	 61.330588 	 302.535236
   14 	 0.001600 	 126.799210 	 757.662085
   15 	 0.000829 	 157.340515 	 757.662085
   16 	 0.002734 	 262.486088 	 1467.566559
   17 	 0.001124 	 418.859737 	 1467.566559
   18 	 0.001124 	 744.667941 	 1595.278995
   19 	 0.009523 	 909.681549 	 1595.278995
   20 	 0.001127 	 941.229595 	 1581.277422
   21 	 0.001127 	 1032.049175 	 1581.277422
   22 	 0.002386 	 1104.047439 	 1581.277422
   23 	 0.001127 	 995.060150 	 1581.277422
   24 	 0.001124 	 932.067884 	 1581.277422
   25 	 0.001124 	 973.824991 	 1581.277422
   26 	 0.002349 	 1084.205852 	 1595.278995
   27 	 0.002382 	 1004.361195 	 1595.278995
   28 	 0.002382 	 1020.689634 	 1595.278995
   29 	 0.002382 	 952.608020 	 1595.278995
   30 	 0.001124 	 1004.689283 	 1595.278995
   31 	 0.001124 	 909.521429 	 1595.278995
   32 	 0.001124 	 938.326242 	 1595.278995
   33 	 0.002382 	 901.581543 	 1595.278995
   34 	 0.001127 	 931.292521 	 1717.622515
   35 	 0.001148 	 992.531557 	 1717.622515
   36 	 0.001127 	 917.428105 	 1717.622515
   37 	 0.001124 	 1050.504318 	 1730.554110
   38 	 0.002386 	 1108.526632 	 1717.622515
   39 	 0.002382 	 1089.635752 	 1717.622515
   40 	 0.001127 	 1134.994044 	 1717.622515
   41 	 0.001127 	 1110.504121 	 1717.622515
   42 	 0.002386 	 1151.203926 	 1717.622515
   43 	 0.002386 	 1128.353651 	 1717.622515
   44 	 0.001526 	 1153.903468 	 1717.622515
   45 	 0.001127 	 1004.094835 	 1717.622515
   46 	 0.001885 	 1020.627789 	 1717.622515
   47 	 0.002381 	 1103.356210 	 1717.622515
   48 	 0.001127 	 998.502229 	 1717.622515
   49 	 0.009522 	 932.208652 	 1717.622515
 