   0 	 0.000311 	 0.312843 	 18.737483
    1 	 0.002305 	 7.196081 	 24.732298
    2 	 0.002741 	 13.864365 	 66.077432
    3 	 0.001512 	 17.746867 	 78.191814
    4 	 0.002339 	 31.607555 	 183.652621
    5 	 0.002367 	 39.367350 	 223.725654
    6 	 0.002367 	 60.628702 	 235.086130
    7 	 0.004260 	 97.920954 	 1295.739440
    8 	 0.001470 	 198.712870 	 1295.739440
    9 	 0.001535 	 517.765193 	 6325.586809
   10 	 0.002375 	 1970.124435 	 12345.435152
   11 	 0.001515 	 3548.014841 	 10385.499350
   12 	 0.001514 	 4048.620839 	 16106.145944
   13 	 0.001515 	 5208.793251 	 16106.145944
   14 	 0.009197 	 6339.388287 	 16106.145944
   15 	 0.002383 	 7268.097562 	 21697.574862
   16 	 0.001515 	 8317.770810 	 21697.574862
   17 	 0.001500 	 9844.137645 	 24821.225126
   18 	 0.001515 	 11999.880286 	 26254.919516
   19 	 0.001515 	 12652.707291 	 41172.426003
   20 	 0.001515 	 12782.461868 	 41172.426003
   21 	 0.002383 	 14288.251418 	 41172.426003
   22 	 0.001518 	 16276.801427 	 51845.438379
   23 	 0.001514 	 17928.958391 	 51845.438379
   24 	 0.009529 	 21735.766774 	 51845.438379
   25 	 0.001515 	 24062.517896 	 65410.351842
   26 	 0.001517 	 29065.685466 	 61394.515014
   27 	 0.001517 	 29024.909198 	 61394.515014
   28 	 0.001515 	 34223.831190 	 65410.351842
   29 	 0.002383 	 35582.108869 	 65410.351842
   30 	 0.001516 	 35941.805202 	 65410.351842
   31 	 0.001517 	 35010.876677 	 65410.351842
   32 	 0.002262 	 33531.935735 	 65410.351842
   33 	 0.001516 	 38515.238729 	 65410.351842
   34 	 0.002385 	 42082.698552 	 65410.351842
   35 	 0.001517 	 41127.915057 	 65410.351842
   36 	 0.002385 	 44366.928556 	 65410.351842
   37 	 0.002385 	 43786.072994 	 65410.351842
   38 	 0.002385 	 40438.002155 	 65410.351842
   39 	 0.022391 	 40385.998965 	 65410.351842
   40 	 0.001517 	 43573.544546 	 65410.351842
   41 	 0.009529 	 43489.878976 	 65410.351842
   42 	 0.001521 	 35282.458154 	 65410.351842
   43 	 0.001376 	 42199.033581 	 65410.351842
   44 	 0.001517 	 42700.762447 	 65410.351842
   45 	 0.001517 	 45749.984594 	 65410.351842
   46 	 0.001501 	 44647.933252 	 65410.351842
   47 	 0.001517 	 46461.708761 	 65410.351842
   48 	 0.002877 	 42549.474872 	 65410.351842
   49 	 0.002385 	 44426.695950 	 65410.351842
 