   0 	 0.000308 	 0.085408 	 5.027908
    1 	 0.000936 	 1.949129 	 16.269898
    2 	 0.002490 	 4.506237 	 16.269898
    3 	 0.000936 	 6.024503 	 19.134507
    4 	 0.000748 	 8.931719 	 20.277684
    5 	 0.002438 	 11.587459 	 92.825537
    6 	 0.000565 	 19.418495 	 116.635356
    7 	 0.009022 	 41.583103 	 173.631320
    8 	 0.008359 	 76.466257 	 395.174196
    9 	 0.000573 	 91.643165 	 397.203434
   10 	 0.002403 	 121.602830 	 412.098962
   11 	 0.002389 	 188.308631 	 1256.127389
   12 	 0.000570 	 257.266774 	 1378.166752
   13 	 0.000588 	 369.495440 	 1837.905552
   14 	 0.000570 	 610.543756 	 1993.614055
   15 	 0.000570 	 949.595718 	 2465.473509
   16 	 0.000588 	 993.721358 	 2465.473509
   17 	 0.000588 	 1165.063833 	 2465.473509
   18 	 0.002389 	 1300.168026 	 2465.473509
   19 	 0.124949 	 1514.871258 	 2465.473509
   20 	 0.009494 	 1415.304847 	 9541.839056
   21 	 0.000570 	 1778.321518 	 9541.839056
   22 	 0.000569 	 3009.357536 	 9596.919773
   23 	 0.000570 	 5344.667025 	 9920.477453
   24 	 0.000573 	 6065.171727 	 9920.477453
   25 	 0.000575 	 6616.115941 	 9980.029960
   26 	 0.000570 	 6588.739008 	 9920.477453
   27 	 0.000570 	 6504.105712 	 9980.029960
   28 	 0.000578 	 6682.453665 	 9980.029960
   29 	 0.000570 	 6366.776238 	 9980.029960
   30 	 0.000570 	 6899.897930 	 9980.029960
   31 	 0.000570 	 6746.173164 	 9980.029960
   32 	 0.000569 	 6572.862801 	 9980.029960
   33 	 0.002387 	 6883.339761 	 9980.029960
   34 	 0.009007 	 6780.020236 	 9980.029960
   35 	 0.002386 	 7162.513083 	 9920.477453
   36 	 0.000579 	 7136.555802 	 9980.029960
   37 	 0.000368 	 6739.100186 	 9980.029960
   38 	 0.000569 	 6975.263654 	 9980.029960
   39 	 0.000646 	 6835.850957 	 9980.029960
   40 	 0.000579 	 6880.703690 	 9980.029960
   41 	 0.009517 	 7227.777550 	 9980.029960
   42 	 0.037996 	 7695.754118 	 9980.029960
   43 	 0.009518 	 7444.409064 	 9980.029960
   44 	 0.002387 	 7411.112959 	 9980.029960
   45 	 0.000574 	 7469.458354 	 9980.029960
   46 	 0.002387 	 7239.355146 	 9980.029960
   47 	 0.000569 	 6705.082984 	 9980.029960
   48 	 0.000569 	 7252.926523 	 9980.029960
   49 	 0.000570 	 6437.009136 	 9980.029960
 