   0 	 0.000281 	 0.086412 	 3.071794
    1 	 0.001875 	 0.847481 	 4.946805
    2 	 0.002673 	 1.898182 	 5.610435
    3 	 0.003625 	 2.789380 	 34.986232
    4 	 0.002344 	 6.211919 	 59.053239
    5 	 0.002816 	 19.919958 	 72.505758
    6 	 0.001412 	 33.383488 	 156.269336
    7 	 0.002346 	 38.133596 	 156.269336
    8 	 0.002355 	 42.435597 	 157.922795
    9 	 0.002346 	 57.856893 	 157.922795
   10 	 0.003608 	 65.186720 	 307.002205
   11 	 0.003603 	 93.049124 	 313.449596
   12 	 0.002374 	 124.610981 	 313.449596
   13 	 0.000847 	 148.027367 	 474.990424
   14 	 0.002871 	 203.982398 	 474.990424
   15 	 0.002374 	 211.444801 	 474.990424
   16 	 0.002374 	 224.975139 	 474.990424
   17 	 0.001723 	 274.623356 	 474.990424
   18 	 0.003780 	 268.644190 	 474.990424
   19 	 0.000741 	 264.552034 	 474.990424
   20 	 0.002374 	 313.723271 	 475.894606
   21 	 0.001056 	 320.051615 	 475.894606
   22 	 0.003780 	 359.598374 	 475.894606
   23 	 0.002374 	 299.679986 	 474.990424
   24 	 0.002374 	 337.391564 	 474.990424
   25 	 0.002374 	 361.099646 	 475.668238
   26 	 0.003780 	 338.124115 	 475.668238
   27 	 0.003600 	 324.530025 	 475.668238
   28 	 0.003761 	 319.884464 	 475.668238
   29 	 0.002374 	 357.674955 	 475.894606
   30 	 0.003761 	 353.373524 	 475.668238
   31 	 0.002369 	 336.223395 	 475.894606
   32 	 0.002369 	 360.099345 	 475.668238
   33 	 0.001519 	 342.637478 	 475.668238
   34 	 0.002374 	 370.931137 	 475.894606
   35 	 0.003779 	 337.525823 	 475.894606
   36 	 0.002374 	 350.063338 	 475.894606
   37 	 0.002374 	 339.566635 	 475.894606
   38 	 0.003600 	 361.884862 	 475.894606
   39 	 0.002374 	 345.251396 	 475.894606
   40 	 0.002374 	 316.972234 	 475.894606
   41 	 0.002325 	 309.861653 	 475.894606
   42 	 0.003600 	 357.713525 	 475.894606
   43 	 0.002373 	 345.788914 	 475.894606
   44 	 0.006454 	 361.407825 	 475.894606
   45 	 0.002227 	 337.382208 	 475.894606
   46 	 0.002374 	 344.009561 	 475.894606
   47 	 0.003780 	 347.759642 	 475.894606
   48 	 0.002364 	 341.910890 	 475.894606
   49 	 0.003600 	 341.264246 	 475.894606
 