   0 	 0.000275 	 0.090846 	 3.463551
    1 	 0.000917 	 0.843568 	 5.562703
    2 	 0.000606 	 1.875818 	 3.479593
    3 	 0.002319 	 2.336189 	 3.807029
    4 	 0.002391 	 2.522664 	 3.478344
    5 	 0.004610 	 7.724681 	 499.734516
    6 	 0.005235 	 259.943921 	 1492.768804
    7 	 0.002393 	 441.891037 	 1492.768804
    8 	 0.002382 	 567.261102 	 1735.821506
    9 	 0.002382 	 686.332009 	 1735.821506
   10 	 0.002387 	 815.646001 	 1735.821506
   11 	 0.002165 	 1007.195557 	 1735.821506
   12 	 0.002362 	 924.654086 	 1735.821506
   13 	 0.002382 	 864.974140 	 1735.821506
   14 	 0.002382 	 942.688959 	 1735.821506
   15 	 0.004574 	 984.551516 	 1735.821506
   16 	 0.004553 	 934.288205 	 1735.821506
   17 	 0.004574 	 1138.052021 	 1735.821506
   18 	 0.001383 	 1128.196634 	 1735.821506
   19 	 0.004580 	 930.446689 	 1735.821506
   20 	 0.002384 	 1000.579109 	 1735.821506
   21 	 0.002382 	 1194.198759 	 1735.821506
   22 	 0.009519 	 1138.405968 	 1735.821506
   23 	 0.004584 	 1122.131049 	 1735.821506
   24 	 0.002403 	 1135.598774 	 1735.821506
   25 	 0.002298 	 1154.150364 	 1735.821506
   26 	 0.005233 	 1137.181343 	 1735.821506
   27 	 0.002382 	 1222.738028 	 1735.821506
   28 	 0.002382 	 1117.451395 	 1735.821506
   29 	 0.004574 	 1175.315040 	 1735.821506
   30 	 0.004574 	 1281.481207 	 1735.821506
   31 	 0.005240 	 1162.896537 	 1735.821506
   32 	 0.002382 	 1125.026489 	 1735.821506
   33 	 0.002173 	 1218.277354 	 1735.821506
   34 	 0.002382 	 1266.458161 	 1735.821506
   35 	 0.001716 	 1248.636821 	 1735.821506
   36 	 0.004574 	 1236.533071 	 1735.821506
   37 	 0.004259 	 1165.660532 	 1735.821506
   38 	 0.004580 	 1107.338061 	 1735.821506
   39 	 0.001882 	 1254.355861 	 1735.821506
   40 	 0.002384 	 1205.736570 	 1735.821506
   41 	 0.005233 	 1218.536444 	 1735.821506
   42 	 0.001445 	 1280.631201 	 1735.821506
   43 	 0.002384 	 1223.137867 	 1735.821506
   44 	 0.005233 	 1163.549702 	 1735.821506
   45 	 0.002384 	 1258.306075 	 1735.821506
   46 	 0.004580 	 1269.708997 	 1735.821506
   47 	 0.004580 	 1172.137012 	 1735.821506
   48 	 0.002384 	 1218.578591 	 1735.821506
   49 	 0.004580 	 1391.734476 	 1735.821506
 