   0 	 0.000319 	 0.050955 	 1.810441
    1 	 0.000949 	 0.543843 	 3.251229
    2 	 0.002083 	 1.448919 	 15.989511
    3 	 0.002244 	 3.035824 	 61.348242
    4 	 0.002328 	 15.814875 	 436.860068
    5 	 0.001524 	 78.508394 	 436.860068
    6 	 0.009350 	 200.744006 	 493.131638
    7 	 0.002308 	 257.310214 	 514.122297
    8 	 0.002865 	 318.561710 	 904.926192
    9 	 0.002380 	 364.006162 	 1169.505153
   10 	 0.002380 	 360.272702 	 1169.505153
   11 	 0.002942 	 353.842304 	 1169.505153
   12 	 0.003036 	 435.326555 	 1169.505153
   13 	 0.002113 	 438.746000 	 1169.505153
   14 	 0.002865 	 540.280237 	 1169.505153
   15 	 0.002380 	 682.393695 	 1169.505153
   16 	 0.002380 	 640.940536 	 1169.505153
   17 	 0.002865 	 737.617754 	 1290.626336
   18 	 0.002865 	 767.077721 	 1169.505153
   19 	 0.002859 	 821.361289 	 1253.034693
   20 	 0.002385 	 869.154600 	 1253.034693
   21 	 0.002380 	 843.784174 	 1564.792176
   22 	 0.002859 	 867.825041 	 1564.792176
   23 	 0.002859 	 945.446540 	 1694.735727
   24 	 0.002859 	 955.590026 	 1694.735727
   25 	 0.002385 	 1004.122083 	 1694.735727
   26 	 0.003324 	 853.907830 	 1694.735727
   27 	 0.002385 	 843.603422 	 1694.735727
   28 	 0.003705 	 1015.961120 	 1694.735727
   29 	 0.002184 	 1046.533573 	 1694.735727
   30 	 0.038169 	 1025.081475 	 1694.735727
   31 	 0.002385 	 1063.225347 	 1694.735727
   32 	 0.002385 	 1015.695721 	 1694.735727
   33 	 0.002859 	 1136.001283 	 1694.735727
   34 	 0.002383 	 1083.075543 	 1694.735727
   35 	 0.002362 	 1079.762265 	 1694.735727
   36 	 0.002859 	 1089.024055 	 1694.735727
   37 	 0.002859 	 1176.959507 	 1694.735727
   38 	 0.002859 	 1006.884774 	 1694.735727
   39 	 0.002385 	 1117.846111 	 1694.735727
   40 	 0.002182 	 1115.462635 	 1694.735727
   41 	 0.002385 	 1248.382297 	 1694.735727
   42 	 0.002385 	 1098.584859 	 1694.735727
   43 	 0.002373 	 1129.663137 	 1694.735727
   44 	 0.003376 	 1043.631009 	 1694.735727
   45 	 0.002859 	 1174.115773 	 1694.735727
   46 	 0.002383 	 1196.497973 	 1694.735727
   47 	 0.003295 	 1145.821255 	 1694.735727
   48 	 0.003376 	 1096.723267 	 1694.735727
   49 	 0.002385 	 1271.759928 	 1694.735727
 