   0 	 0.000278 	 0.061571 	 3.859161
    1 	 0.002415 	 1.543130 	 6.029891
    2 	 0.001132 	 3.365105 	 8.249406
    3 	 0.000960 	 3.955812 	 21.723792
    4 	 0.002583 	 4.706723 	 21.723792
    5 	 0.001120 	 9.269590 	 261.707313
    6 	 0.001104 	 51.476346 	 271.660696
    7 	 0.003538 	 150.414863 	 713.744034
    8 	 0.001104 	 191.925314 	 713.744034
    9 	 0.001107 	 247.505698 	 885.690562
   10 	 0.002381 	 334.709456 	 1468.294026
   11 	 0.000806 	 438.052972 	 1468.294026
   12 	 0.001107 	 623.968102 	 1468.294026
   13 	 0.001107 	 759.090794 	 1468.294026
   14 	 0.002382 	 812.902137 	 1468.294026
   15 	 0.001018 	 1004.117400 	 1468.294026
   16 	 0.001107 	 923.533995 	 1468.294026
   17 	 0.002382 	 983.333161 	 1468.294026
   18 	 0.000392 	 961.627535 	 1468.294026
   19 	 0.037994 	 1016.771690 	 1468.294026
   20 	 0.001107 	 1032.775156 	 1468.294026
   21 	 0.001106 	 1124.895577 	 1468.294026
   22 	 0.002382 	 936.663806 	 1468.294026
   23 	 0.002364 	 1000.674400 	 1468.294026
   24 	 0.001107 	 1056.837807 	 1468.294026
   25 	 0.001107 	 1043.463497 	 1468.294026
   26 	 0.019574 	 1044.158776 	 1468.294026
   27 	 0.001107 	 931.442184 	 1468.294026
   28 	 0.002382 	 910.081261 	 1468.294026
   29 	 0.001107 	 970.563343 	 1723.044392
   30 	 0.002382 	 1028.307154 	 1723.044392
   31 	 0.005626 	 1007.290128 	 1468.294026
   32 	 0.001107 	 1042.078848 	 1468.294026
   33 	 0.037994 	 1086.640355 	 1468.294026
   34 	 0.001107 	 996.060116 	 1468.294026
   35 	 0.001107 	 1000.390294 	 1468.294026
   36 	 0.002382 	 1081.983201 	 1468.294026
   37 	 0.009556 	 941.736023 	 1468.294026
   38 	 0.002382 	 967.902587 	 1468.294026
   39 	 0.002382 	 976.414946 	 1468.294026
   40 	 0.001107 	 933.388064 	 1468.294026
   41 	 0.001107 	 939.512657 	 1468.294026
   42 	 0.001107 	 922.807891 	 1468.294026
   43 	 0.001107 	 973.856381 	 1468.294026
   44 	 0.010836 	 939.945292 	 1468.294026
   45 	 0.002382 	 1059.624708 	 1468.294026
   46 	 0.001107 	 1103.515746 	 1468.294026
   47 	 0.002377 	 1121.450171 	 1468.294026
   48 	 0.001107 	 1135.520517 	 1468.294026
   49 	 0.002110 	 1056.519637 	 1468.294026
 