   0 	 0.000350 	 0.055279 	 1.265726
    1 	 0.000620 	 0.514427 	 11.285934
    2 	 0.000971 	 2.646521 	 11.285934
    3 	 0.001937 	 5.115112 	 14.512046
    4 	 0.002726 	 8.239197 	 16.439292
    5 	 0.004363 	 9.473375 	 46.407433
    6 	 0.003585 	 10.468790 	 46.407433
    7 	 0.003067 	 12.314035 	 46.407433
    8 	 0.002404 	 17.084081 	 67.438741
    9 	 0.002352 	 21.327931 	 67.438741
   10 	 0.002400 	 26.408101 	 67.438741
   11 	 0.003507 	 30.738149 	 115.104785
   12 	 0.003491 	 34.955446 	 115.104785
   13 	 0.002306 	 38.404105 	 115.104785
   14 	 0.002378 	 50.669849 	 277.560656
   15 	 0.002387 	 65.820863 	 277.560656
   16 	 0.003096 	 87.807992 	 716.813763
   17 	 0.003082 	 163.618550 	 1574.049341
   18 	 0.003096 	 237.163300 	 1574.049341
   19 	 0.002367 	 357.178164 	 1574.049341
   20 	 0.002352 	 537.276920 	 1574.049341
   21 	 0.003106 	 592.650586 	 1574.049341
   22 	 0.003101 	 707.491910 	 1574.049341
   23 	 0.009428 	 661.170791 	 1574.049341
   24 	 0.038098 	 810.454240 	 1574.049341
   25 	 0.009531 	 841.787287 	 1705.599534
   26 	 0.002383 	 840.537328 	 1705.599534
   27 	 0.002393 	 1015.591380 	 1705.599534
   28 	 0.000718 	 1076.391914 	 1705.599534
   29 	 0.002383 	 1016.779428 	 1705.599534
   30 	 0.002371 	 1101.561980 	 1705.599534
   31 	 0.002381 	 1184.219430 	 1705.599534
   32 	 0.003523 	 1029.001731 	 1574.049341
   33 	 0.002383 	 1008.394556 	 1705.599534
   34 	 0.004476 	 1001.635564 	 1705.599534
   35 	 0.003101 	 1026.083000 	 1705.599534
   36 	 0.002381 	 985.327624 	 1705.599534
   37 	 0.002383 	 1046.974550 	 1705.599534
   38 	 0.002383 	 1229.377618 	 1705.599534
   39 	 0.003519 	 1259.158898 	 1705.599534
   40 	 0.002383 	 1136.386026 	 1705.599534
   41 	 0.002383 	 1037.788606 	 1705.599534
   42 	 0.002383 	 1161.120083 	 1705.599534
   43 	 0.003523 	 1098.632298 	 1705.599534
   44 	 0.003101 	 987.657445 	 1705.599534
   45 	 0.002383 	 1023.123256 	 1705.599534
   46 	 0.003081 	 1103.197467 	 1705.599534
   47 	 0.002383 	 1058.852521 	 1705.599534
   48 	 0.002381 	 1076.454913 	 1705.599534
   49 	 0.002365 	 1035.446394 	 1705.599534
 