   0 	 0.000282 	 0.234415 	 21.807843
    1 	 0.001849 	 16.970061 	 82.897689
    2 	 0.001831 	 18.160698 	 82.897689
    3 	 0.002364 	 26.331707 	 134.137038
    4 	 0.003704 	 41.020900 	 134.137038
    5 	 0.001831 	 70.121238 	 134.137038
    6 	 0.002364 	 87.542527 	 134.263105
    7 	 0.003705 	 87.584616 	 418.162276
    8 	 0.001831 	 95.053736 	 418.162276
    9 	 0.001824 	 138.979110 	 4239.585776
   10 	 0.002773 	 1259.814830 	 15485.245658
   11 	 0.001873 	 4282.393949 	 15485.245658
   12 	 0.001867 	 23555.990771 	 1731301.939057
   13 	 0.001867 	 909836.961552 	 1731301.939057
   14 	 0.001866 	 1352159.073192 	 1731301.939057
   15 	 0.002384 	 1129820.752029 	 1731301.939057
   16 	 0.001867 	 1140525.036565 	 1731301.939057
   17 	 0.001867 	 1138751.587992 	 1731301.939057
   18 	 0.001864 	 1035020.276858 	 1731301.939057
   19 	 0.001867 	 1180124.441883 	 1731301.939057
   20 	 0.001867 	 1248911.004111 	 1731301.939057
   21 	 0.003555 	 1110037.700757 	 1731301.939057
   22 	 0.001125 	 1038875.716121 	 1731301.939057
   23 	 0.002384 	 1127729.941869 	 1731301.939057
   24 	 0.001867 	 1179843.489925 	 1731301.939057
   25 	 0.001867 	 1197319.131286 	 1731301.939057
   26 	 0.009535 	 1151464.577254 	 1731301.939057
   27 	 0.001867 	 1091581.426947 	 1731301.939057
   28 	 0.000870 	 1012274.897393 	 1731301.939057
   29 	 0.001867 	 1173503.641171 	 1731301.939057
   30 	 0.003616 	 1400078.840103 	 1731301.939057
   31 	 0.002384 	 1017507.295651 	 1731301.939057
   32 	 0.001867 	 1013303.623681 	 1731301.939057
   33 	 0.001842 	 1276772.944589 	 1731301.939057
   34 	 0.001867 	 1146055.506551 	 1731301.939057
   35 	 0.003548 	 1346473.719040 	 1731301.939057
   36 	 0.002384 	 1169452.360564 	 1731301.939057
   37 	 0.002384 	 1220572.777886 	 1731301.939057
   38 	 0.000526 	 1229495.539833 	 1731301.939057
   39 	 0.001867 	 1109623.654571 	 1731301.939057
   40 	 0.001867 	 1261563.080738 	 1731301.939057
   41 	 0.003616 	 1156273.746128 	 1731301.939057
   42 	 0.001867 	 1134705.917336 	 1731301.939057
   43 	 0.001867 	 1072033.771282 	 1731301.939057
   44 	 0.003615 	 1245267.796253 	 1731301.939057
   45 	 0.001867 	 1120194.708248 	 1731301.939057
   46 	 0.001867 	 1206001.807758 	 1731301.939057
   47 	 0.001867 	 1233805.271244 	 1731301.939057
   48 	 0.001867 	 1253263.747933 	 1731301.939057
   49 	 0.001864 	 1357006.736982 	 1731301.939057
 