   0 	 0.000311 	 0.042454 	 2.272587
    1 	 0.001447 	 0.998963 	 8.820584
    2 	 0.002307 	 2.050927 	 8.820584
    3 	 0.001405 	 3.251204 	 8.839921
    4 	 0.001188 	 5.019128 	 12.981622
    5 	 0.001405 	 5.940724 	 13.101009
    6 	 0.001377 	 6.998026 	 25.195263
    7 	 0.001406 	 7.295898 	 22.951572
    8 	 0.001415 	 7.394297 	 15.068961
    9 	 0.009086 	 8.400216 	 15.068961
   10 	 0.010152 	 9.619633 	 32.138987
   11 	 0.001399 	 9.979021 	 32.138987
   12 	 0.010021 	 11.674331 	 32.397208
   13 	 0.001444 	 10.883583 	 26.243098
   14 	 0.001415 	 12.927778 	 32.138987
   15 	 0.001474 	 15.144712 	 32.138987
   16 	 0.001431 	 14.659145 	 32.138987
   17 	 0.002341 	 17.588213 	 178.560202
   18 	 0.001373 	 24.304860 	 228.063064
   19 	 0.001389 	 46.633873 	 256.623972
   20 	 0.002396 	 99.653607 	 256.623972
   21 	 0.001413 	 127.711838 	 285.416018
   22 	 0.001428 	 136.858497 	 285.416018
   23 	 0.002429 	 152.783741 	 1016.613911
   24 	 0.001424 	 212.210863 	 1431.316284
   25 	 0.001424 	 458.446147 	 1670.403917
   26 	 0.001421 	 627.197774 	 1670.403917
   27 	 0.004090 	 739.023061 	 1670.403917
   28 	 0.001424 	 721.797457 	 1670.403917
   29 	 0.010208 	 833.923535 	 1670.403917
   30 	 0.001427 	 818.042505 	 1670.403917
   31 	 0.002385 	 871.163497 	 1670.403917
   32 	 0.001456 	 980.591942 	 1670.403917
   33 	 0.001424 	 982.330026 	 1670.403917
   34 	 0.002376 	 1050.850056 	 1670.403917
   35 	 0.001424 	 1002.900505 	 1670.403917
   36 	 0.009499 	 1148.370294 	 1670.403917
   37 	 0.001424 	 1124.114813 	 1670.403917
   38 	 0.002385 	 1114.053151 	 1670.403917
   39 	 0.001424 	 1099.168871 	 1670.403917
   40 	 0.001424 	 1024.961409 	 1670.403917
   41 	 0.010187 	 1081.036929 	 1670.403917
   42 	 0.001424 	 1137.295974 	 1670.403917
   43 	 0.001420 	 1113.769188 	 1670.403917
   44 	 0.002385 	 1113.843542 	 1670.403917
   45 	 0.001424 	 1077.691669 	 1670.403917
   46 	 0.002385 	 1034.196251 	 1670.403917
   47 	 0.002404 	 1117.166252 	 1670.403917
   48 	 0.001424 	 1246.712225 	 1670.403917
   49 	 0.002390 	 1133.906636 	 1670.403917
 