   0 	 0.000339 	 0.026405 	 0.619963
    1 	 0.001127 	 0.275360 	 6.234934
    2 	 0.002617 	 1.415412 	 47.441427
    3 	 0.001150 	 12.841089 	 102.270151
    4 	 0.022703 	 36.751367 	 102.270151
    5 	 0.000991 	 43.473004 	 128.782601
    6 	 0.001169 	 53.914506 	 751.866075
    7 	 0.001176 	 121.633896 	 1039.907382
    8 	 0.001169 	 321.548790 	 1370.568763
    9 	 0.002380 	 559.145002 	 1370.568763
   10 	 0.001177 	 683.317109 	 1477.925483
   11 	 0.002384 	 776.883429 	 1598.403898
   12 	 0.022223 	 858.595849 	 1598.403898
   13 	 0.002382 	 840.594748 	 1598.403898
   14 	 0.001177 	 899.671775 	 1598.403898
   15 	 0.038158 	 1003.997485 	 1734.232059
   16 	 0.001177 	 942.325296 	 1734.232059
   17 	 0.001177 	 1013.123516 	 1734.232059
   18 	 0.001177 	 855.389996 	 1734.232059
   19 	 0.002384 	 1032.500315 	 1734.232059
   20 	 0.001177 	 955.312372 	 1734.232059
   21 	 0.001177 	 1016.197284 	 1734.232059
   22 	 0.002380 	 1061.560816 	 1734.232059
   23 	 0.022223 	 1058.954916 	 1734.232059
   24 	 0.001165 	 1041.930580 	 1734.232059
   25 	 0.002380 	 1068.605181 	 1734.232059
   26 	 0.002252 	 1072.415283 	 1734.232059
   27 	 0.001177 	 1114.619952 	 1734.232059
   28 	 0.001177 	 1065.858941 	 1734.232059
   29 	 0.002541 	 1228.959345 	 1734.232059
   30 	 0.002384 	 1161.561906 	 1734.232059
   31 	 0.002384 	 1172.214849 	 1734.232059
   32 	 0.009535 	 1207.478443 	 1734.232059
   33 	 0.002384 	 1252.306693 	 1734.232059
   34 	 0.001177 	 1194.566036 	 1734.232059
   35 	 0.009535 	 1176.222101 	 1734.232059
   36 	 0.002384 	 1239.786497 	 1734.232059
   37 	 0.001177 	 1111.826162 	 1734.232059
   38 	 0.001177 	 1027.012322 	 1734.232059
   39 	 0.001177 	 1136.548160 	 1734.232059
   40 	 0.001177 	 1054.704260 	 1734.232059
   41 	 0.001177 	 1238.177207 	 1734.232059
   42 	 0.001177 	 1112.872735 	 1734.232059
   43 	 0.009535 	 1187.443057 	 1734.232059
   44 	 0.002384 	 1122.671211 	 1734.232059
   45 	 0.001177 	 1102.068783 	 1734.232059
   46 	 0.002384 	 1005.067157 	 1734.232059
   47 	 0.002380 	 1162.042346 	 1734.232059
   48 	 0.009535 	 1147.455177 	 1734.232059
   49 	 0.001174 	 1175.267206 	 1734.232059
 