   0 	 0.000435 	 0.044595 	 0.612164
    1 	 0.001387 	 0.403579 	 16.290030
    2 	 0.002346 	 5.509103 	 61.933924
    3 	 0.002382 	 23.197544 	 197.823307
    4 	 0.002358 	 43.232322 	 263.253768
    5 	 0.001752 	 102.683946 	 1160.609696
    6 	 0.004177 	 288.485715 	 1529.950073
    7 	 0.001792 	 601.751043 	 1529.950073
    8 	 0.001792 	 808.472043 	 1529.950073
    9 	 0.001794 	 860.007240 	 1529.950073
   10 	 0.002382 	 913.350066 	 1731.853338
   11 	 0.001786 	 915.427175 	 1731.853338
   12 	 0.002377 	 1058.925184 	 1731.853338
   13 	 0.001792 	 982.394773 	 1731.853338
   14 	 0.001792 	 1051.292064 	 1731.853338
   15 	 0.001792 	 997.463458 	 1731.853338
   16 	 0.001794 	 1124.850707 	 1731.853338
   17 	 0.004059 	 1023.019152 	 1731.853338
   18 	 0.002382 	 987.657443 	 1731.853338
   19 	 0.002384 	 1096.101778 	 1731.853338
   20 	 0.009000 	 1034.110807 	 1731.853338
   21 	 0.001792 	 1103.609509 	 1731.853338
   22 	 0.002382 	 1057.128006 	 1731.853338
   23 	 0.001792 	 987.250322 	 1731.853338
   24 	 0.001794 	 1007.191403 	 1731.853338
   25 	 0.001792 	 1079.329058 	 1731.853338
   26 	 0.004059 	 1215.101234 	 1731.853338
   27 	 0.001794 	 1067.027060 	 1731.853338
   28 	 0.003992 	 1231.052541 	 1731.853338
   29 	 0.001782 	 1222.673759 	 1731.853338
   30 	 0.001792 	 1083.634118 	 1731.853338
   31 	 0.002382 	 1101.407688 	 1731.853338
   32 	 0.001792 	 1126.973128 	 1731.853338
   33 	 0.001459 	 1078.853445 	 1731.853338
   34 	 0.002385 	 1091.088895 	 1731.853338
   35 	 0.001792 	 1062.763354 	 1731.853338
   36 	 0.004064 	 1148.639603 	 1731.853338
   37 	 0.001782 	 1106.265448 	 1731.853338
   38 	 0.001782 	 978.634832 	 1731.853338
   39 	 0.001798 	 1137.775425 	 1731.853338
   40 	 0.001799 	 1087.499464 	 1731.853338
   41 	 0.001794 	 1098.591954 	 1731.853338
   42 	 0.002384 	 1065.881290 	 1731.853338
   43 	 0.001792 	 1051.327184 	 1731.853338
   44 	 0.002382 	 1186.180410 	 1731.853338
   45 	 0.002380 	 1087.343788 	 1731.853338
   46 	 0.002364 	 1094.570816 	 1731.853338
   47 	 0.003993 	 1093.955408 	 1731.853338
   48 	 0.004118 	 1185.799403 	 1731.853338
   49 	 0.001799 	 1175.270085 	 1731.853338
 