   0 	 0.000304 	 0.073194 	 1.978912
    1 	 0.000688 	 0.533498 	 8.090226
    2 	 0.004598 	 3.763698 	 167.057579
    3 	 0.001538 	 78.767490 	 2825.177188
    4 	 0.002749 	 779.781539 	 3226.221698
    5 	 0.004863 	 1608.325881 	 3226.221698
    6 	 0.002381 	 2036.855351 	 3226.221698
    7 	 0.006001 	 2244.764485 	 7671.058859
    8 	 0.004863 	 2192.311783 	 7671.058859
    9 	 0.002381 	 2695.887925 	 7814.355910
   10 	 0.002381 	 2924.674352 	 7671.058859
   11 	 0.001806 	 3220.087666 	 7671.058859
   12 	 0.006001 	 3211.134295 	 8979.876994
   13 	 0.002385 	 4296.861635 	 8979.876994
   14 	 0.004876 	 4532.813952 	 8979.876994
   15 	 0.005983 	 5552.254950 	 8979.876994
   16 	 0.004876 	 5320.865650 	 8979.876994
   17 	 0.002385 	 5315.746901 	 8979.876994
   18 	 0.004870 	 5264.073522 	 9885.320398
   19 	 0.002380 	 5070.756517 	 9885.320398
   20 	 0.005983 	 6443.221197 	 9885.320398
   21 	 0.002383 	 6077.898222 	 9885.320398
   22 	 0.006001 	 6343.864480 	 9885.320398
   23 	 0.009255 	 6480.638815 	 9885.320398
   24 	 0.002385 	 6213.538627 	 9885.320398
   25 	 0.002385 	 5892.412208 	 9885.320398
   26 	 0.002385 	 6616.985110 	 9885.320398
   27 	 0.002385 	 6004.189901 	 9885.320398
   28 	 0.002752 	 6279.448064 	 9885.320398
   29 	 0.002385 	 6830.931134 	 9885.320398
   30 	 0.002385 	 6936.031468 	 9885.320398
   31 	 0.023654 	 6067.666767 	 9885.320398
   32 	 0.002385 	 7202.668507 	 9885.320398
   33 	 0.001373 	 6269.205911 	 9885.320398
   34 	 0.009700 	 6452.416724 	 9885.320398
   35 	 0.002385 	 6417.062696 	 9885.320398
   36 	 0.002472 	 6309.527667 	 9885.320398
   37 	 0.002383 	 5704.713563 	 9885.320398
   38 	 0.005248 	 5983.930817 	 9885.320398
   39 	 0.002385 	 6341.718775 	 9885.320398
   40 	 0.002385 	 6837.593533 	 9885.320398
   41 	 0.002383 	 7287.548258 	 9885.320398
   42 	 0.002378 	 6289.000015 	 9885.320398
   43 	 0.002383 	 6673.559940 	 9885.320398
   44 	 0.002385 	 6461.024871 	 9885.320398
   45 	 0.009547 	 7139.799027 	 9885.320398
   46 	 0.004870 	 6332.025608 	 9885.320398
   47 	 0.004876 	 6901.598752 	 9885.320398
   48 	 0.002385 	 6489.615310 	 9885.320398
   49 	 0.002383 	 6610.497337 	 9885.320398
 