   0 	 0.000294 	 0.045243 	 1.632773
    1 	 0.001699 	 0.638267 	 5.093324
    2 	 0.001774 	 1.199724 	 5.444742
    3 	 0.002265 	 1.963065 	 5.825579
    4 	 0.003817 	 3.137991 	 27.893517
    5 	 0.003844 	 6.067450 	 44.171440
    6 	 0.003568 	 12.400643 	 59.470490
    7 	 0.003532 	 24.445130 	 59.470490
    8 	 0.002404 	 31.930731 	 62.219607
    9 	 0.002404 	 34.564670 	 142.388025
   10 	 0.002391 	 36.458962 	 142.388025
   11 	 0.003571 	 51.207657 	 1050.305319
   12 	 0.000724 	 174.580803 	 1050.305319
   13 	 0.002391 	 1041.604162 	 38014.719299
   14 	 0.003576 	 10599.146330 	 54628.091950
   15 	 0.002398 	 21737.189158 	 54628.091950
   16 	 0.002385 	 27707.182131 	 54628.091950
   17 	 0.002385 	 28560.857536 	 54628.091950
   18 	 0.002385 	 25958.904835 	 54628.091950
   19 	 0.003579 	 28752.873227 	 54628.091950
   20 	 0.003579 	 29234.749144 	 54628.091950
   21 	 0.003803 	 28113.414490 	 54628.091950
   22 	 0.003511 	 32122.681645 	 54628.091950
   23 	 0.001526 	 31396.148046 	 54628.091950
   24 	 0.002385 	 35413.784307 	 54628.091950
   25 	 0.002385 	 32472.558791 	 57784.763314
   26 	 0.002385 	 34270.067727 	 57784.763314
   27 	 0.002385 	 34770.019092 	 57784.763314
   28 	 0.002385 	 36851.250948 	 57784.763314
   29 	 0.002937 	 36197.001156 	 57784.763314
   30 	 0.002385 	 42246.441169 	 57784.763314
   31 	 0.002385 	 34671.914798 	 57784.763314
   32 	 0.003579 	 39073.370820 	 57784.763314
   33 	 0.002248 	 40250.962721 	 57784.763314
   34 	 0.002385 	 42299.619389 	 57784.763314
   35 	 0.002385 	 39220.509312 	 57784.763314
   36 	 0.003511 	 41082.963990 	 57784.763314
   37 	 0.002385 	 36662.251573 	 57784.763314
   38 	 0.009544 	 40854.847038 	 57784.763314
   39 	 0.003575 	 40184.602145 	 57784.763314
   40 	 0.003579 	 41210.196059 	 57784.763314
   41 	 0.002385 	 38268.726950 	 57784.763314
   42 	 0.002385 	 35333.585141 	 57784.763314
   43 	 0.003579 	 39167.626265 	 57784.763314
   44 	 0.002385 	 42351.050367 	 57784.763314
   45 	 0.003579 	 42481.449019 	 57784.763314
   46 	 0.001730 	 42366.289608 	 57784.763314
   47 	 0.003803 	 40351.351339 	 57784.763314
   48 	 0.003803 	 43452.964783 	 57784.763314
   49 	 0.003540 	 41643.061924 	 57784.763314
 