   0 	 0.000305 	 0.056486 	 2.876501
    1 	 0.000984 	 1.132196 	 19.584395
    2 	 0.002270 	 4.514469 	 21.034448
    3 	 0.002354 	 9.293673 	 37.757132
    4 	 0.002391 	 13.674694 	 37.757132
    5 	 0.002391 	 17.573505 	 98.999486
    6 	 0.004809 	 26.169080 	 145.178641
    7 	 0.004809 	 59.163191 	 523.817319
    8 	 0.005733 	 134.719108 	 523.817319
    9 	 0.004810 	 231.609756 	 707.182320
   10 	 0.002391 	 315.431638 	 783.006810
   11 	 0.000821 	 340.606434 	 707.182320
   12 	 0.005741 	 374.678981 	 938.031307
   13 	 0.004823 	 354.888039 	 938.031307
   14 	 0.001794 	 396.953921 	 938.031307
   15 	 0.004164 	 381.618056 	 1035.129715
   16 	 0.002391 	 393.255758 	 1035.129715
   17 	 0.004781 	 429.331289 	 1035.129715
   18 	 0.002391 	 439.354723 	 1035.129715
   19 	 0.004803 	 480.225916 	 1035.129715
   20 	 0.002391 	 444.436559 	 1035.129715
   21 	 0.004810 	 500.040543 	 1035.129715
   22 	 0.002389 	 532.957814 	 1035.129715
   23 	 0.009573 	 615.016043 	 1035.129715
   24 	 0.002391 	 538.250774 	 1035.129715
   25 	 0.002391 	 591.883553 	 1035.129715
   26 	 0.002389 	 605.746501 	 1035.129715
   27 	 0.005749 	 608.949138 	 1035.129715
   28 	 0.002370 	 657.437744 	 1035.129715
   29 	 0.002389 	 653.353392 	 1035.129715
   30 	 0.002389 	 721.830783 	 1035.129715
   31 	 0.005740 	 602.414500 	 1035.129715
   32 	 0.002389 	 704.697199 	 1035.129715
   33 	 0.002389 	 658.248903 	 1035.129715
   34 	 0.002389 	 676.124636 	 1035.129715
   35 	 0.002389 	 729.557862 	 1035.129715
   36 	 0.002391 	 778.243098 	 1035.129715
   37 	 0.004803 	 704.962929 	 1035.129715
   38 	 0.002389 	 762.479496 	 1035.129715
   39 	 0.002389 	 707.883523 	 1035.129715
   40 	 0.004803 	 795.295207 	 1035.129715
   41 	 0.009574 	 793.153978 	 1035.129715
   42 	 0.002389 	 728.722916 	 1035.129715
   43 	 0.004803 	 761.683510 	 1035.129715
   44 	 0.009574 	 736.608329 	 1035.129715
   45 	 0.004803 	 748.572760 	 1035.129715
   46 	 0.004750 	 808.852011 	 1035.129715
   47 	 0.002389 	 733.465183 	 1035.129715
   48 	 0.001793 	 747.590208 	 1035.129715
   49 	 0.002388 	 816.055768 	 1035.129715
 