   0 	 0.000274 	 0.037984 	 0.834272
    1 	 0.000723 	 0.514422 	 12.643504
    2 	 0.001473 	 4.590786 	 103.195579
    3 	 0.001829 	 20.422344 	 141.037008
    4 	 0.000794 	 55.822155 	 285.552288
    5 	 0.009298 	 103.313505 	 429.925276
    6 	 0.002379 	 153.866264 	 429.925276
    7 	 0.002399 	 194.187003 	 944.478278
    8 	 0.005459 	 266.998218 	 1007.315528
    9 	 0.002361 	 330.802875 	 1371.425876
   10 	 0.002379 	 413.721855 	 1371.425876
   11 	 0.002347 	 451.668437 	 1371.425876
   12 	 0.001995 	 556.213606 	 1371.425876
   13 	 0.001058 	 510.052102 	 1371.425876
   14 	 0.002389 	 631.041911 	 1599.569780
   15 	 0.002384 	 684.158340 	 1535.833845
   16 	 0.005390 	 629.853947 	 1478.922179
   17 	 0.002394 	 599.426134 	 1371.425876
   18 	 0.004097 	 713.848177 	 1478.922179
   19 	 0.005390 	 665.120625 	 1371.425876
   20 	 0.002379 	 689.479123 	 1599.569780
   21 	 0.005407 	 757.202961 	 1599.569780
   22 	 0.002384 	 765.301454 	 1599.569780
   23 	 0.002384 	 865.800571 	 1599.569780
   24 	 0.005382 	 903.559869 	 1599.569780
   25 	 0.002374 	 984.089189 	 1599.569780
   26 	 0.002904 	 1031.520308 	 1599.569780
   27 	 0.002384 	 1057.488339 	 1735.604592
   28 	 0.007630 	 963.290567 	 1599.569780
   29 	 0.007644 	 1130.766848 	 1735.604592
   30 	 0.002382 	 1109.366107 	 1735.604592
   31 	 0.001828 	 977.567911 	 1735.604592
   32 	 0.002384 	 969.860071 	 1599.569780
   33 	 0.005415 	 1111.980160 	 1599.569780
   34 	 0.001761 	 901.258508 	 1735.604592
   35 	 0.005407 	 1016.426954 	 1735.604592
   36 	 0.005415 	 966.694886 	 1735.604592
   37 	 0.002382 	 1096.163838 	 1735.604592
   38 	 0.008024 	 974.490564 	 1735.604592
   39 	 0.002379 	 1068.902122 	 1735.604592
   40 	 0.002384 	 1117.587649 	 1735.604592
   41 	 0.002087 	 1091.139834 	 1735.604592
   42 	 0.007621 	 1233.904051 	 1735.604592
   43 	 0.002384 	 1214.836409 	 1735.604592
   44 	 0.007630 	 1089.117927 	 1735.604592
   45 	 0.005415 	 1144.525272 	 1735.604592
   46 	 0.002379 	 1182.015695 	 1735.604592
   47 	 0.005415 	 1105.637096 	 1735.604592
   48 	 0.007630 	 1072.345119 	 1735.604592
   49 	 0.005415 	 1144.359262 	 1735.604592
 