   0 	 0.000301 	 0.017480 	 0.453150
    1 	 0.000421 	 0.197473 	 5.533361
    2 	 0.001146 	 1.447140 	 12.918228
    3 	 0.002423 	 7.732781 	 239.508934
    4 	 0.000976 	 42.565072 	 249.347110
    5 	 0.001017 	 168.157044 	 1314.831723
    6 	 0.004034 	 635.714004 	 23544.036766
    7 	 0.001018 	 6894.626038 	 23544.036766
    8 	 0.003976 	 15259.470319 	 73133.629768
    9 	 0.002681 	 22722.168433 	 73133.629768
   10 	 0.003977 	 31331.575922 	 73133.629768
   11 	 0.001022 	 34178.307415 	 78904.178765
   12 	 0.001021 	 39568.066229 	 78904.178765
   13 	 0.003982 	 50885.513320 	 405827.685565
   14 	 0.001027 	 66191.790982 	 405827.685565
   15 	 0.001024 	 137381.670802 	 405827.685565
   16 	 0.001021 	 208150.952664 	 405827.685565
   17 	 0.001024 	 257289.179489 	 683013.455365
   18 	 0.003989 	 313076.966615 	 683013.455365
   19 	 0.002384 	 325052.703322 	 683013.455365
   20 	 0.002386 	 324772.289824 	 683013.455365
   21 	 0.002384 	 378303.492207 	 683013.455365
   22 	 0.002384 	 401991.845545 	 683013.455365
   23 	 0.001024 	 397955.217368 	 683013.455365
   24 	 0.001024 	 460850.728160 	 683013.455365
   25 	 0.001024 	 474030.740519 	 683013.455365
   26 	 0.002384 	 518023.324968 	 683013.455365
   27 	 0.001024 	 493373.561776 	 683013.455365
   28 	 0.001024 	 500251.979961 	 683013.455365
   29 	 0.001024 	 501305.625572 	 683013.455365
   30 	 0.001024 	 506360.898373 	 683013.455365
   31 	 0.001024 	 502261.310194 	 683013.455365
   32 	 0.000593 	 477241.370342 	 683013.455365
   33 	 0.000758 	 415436.358592 	 683013.455365
   34 	 0.001024 	 489515.301712 	 683013.455365
   35 	 0.009539 	 480835.892055 	 683013.455365
   36 	 0.001024 	 488970.840311 	 683013.455365
   37 	 0.001024 	 446500.669417 	 683013.455365
   38 	 0.002384 	 465263.324643 	 683013.455365
   39 	 0.001388 	 459429.843088 	 683013.455365
   40 	 0.003989 	 520710.470656 	 683013.455365
   41 	 0.002384 	 495860.737235 	 683013.455365
   42 	 0.000374 	 487498.373261 	 683013.455365
   43 	 0.001024 	 484496.971060 	 683013.455365
   44 	 0.000592 	 425685.034257 	 683013.455365
   45 	 0.002384 	 498437.063403 	 683013.455365
   46 	 0.003989 	 483976.403177 	 683013.455365
   47 	 0.002384 	 524333.912942 	 683013.455365
   48 	 0.001024 	 474882.366111 	 683013.455365
   49 	 0.035663 	 485191.539171 	 683013.455365
 