   0 	 0.000329 	 0.034482 	 0.694169
    1 	 0.001028 	 0.273739 	 7.697372
    2 	 0.002284 	 2.757850 	 62.810624
    3 	 0.002462 	 13.875796 	 80.411232
    4 	 0.003808 	 41.777200 	 80.411232
    5 	 0.005437 	 66.909477 	 1137.561178
    6 	 0.002369 	 172.023250 	 1137.561178
    7 	 0.002379 	 709.922249 	 5322.727621
    8 	 0.005438 	 2248.741845 	 110344.827586
    9 	 0.001812 	 35684.515353 	 110344.827586
   10 	 0.004237 	 73821.875412 	 197530.864198
   11 	 0.002384 	 81021.881670 	 197530.864198
   12 	 0.007799 	 88743.030265 	 197530.864198
   13 	 0.002384 	 104727.975130 	 197530.864198
   14 	 0.002384 	 103548.946775 	 197530.864198
   15 	 0.002384 	 106027.778629 	 197530.864198
   16 	 0.001770 	 126612.607163 	 197530.864198
   17 	 0.002386 	 141397.997769 	 197530.864198
   18 	 0.009533 	 132966.211787 	 197530.864198
   19 	 0.002384 	 129833.128005 	 197530.864198
   20 	 0.005463 	 127290.073106 	 197530.864198
   21 	 0.008183 	 153300.088675 	 197530.864198
   22 	 0.002384 	 141237.961780 	 197530.864198
   23 	 0.002379 	 143371.781035 	 197530.864198
   24 	 0.005463 	 145487.218091 	 197530.864198
   25 	 0.002384 	 124822.219842 	 197530.864198
   26 	 0.002311 	 159437.628534 	 197530.864198
   27 	 0.005463 	 138816.231906 	 197530.864198
   28 	 0.007736 	 134222.886662 	 197530.864198
   29 	 0.002384 	 134276.182370 	 197530.864198
   30 	 0.002384 	 137605.388548 	 197530.864198
   31 	 0.009493 	 151261.007183 	 197530.864198
   32 	 0.009533 	 138509.280092 	 197530.864198
   33 	 0.005463 	 144267.173223 	 197530.864198
   34 	 0.002384 	 133752.542855 	 197530.864198
   35 	 0.002384 	 125261.177561 	 197530.864198
   36 	 0.002384 	 137511.082099 	 197530.864198
   37 	 0.005447 	 132035.796851 	 197530.864198
   38 	 0.002384 	 136528.117152 	 197530.864198
   39 	 0.007799 	 138441.243172 	 197530.864198
   40 	 0.002384 	 153528.269467 	 197530.864198
   41 	 0.007801 	 130278.999895 	 197530.864198
   42 	 0.005432 	 133861.636863 	 197530.864198
   43 	 0.005188 	 149928.522217 	 197530.864198
   44 	 0.005463 	 123751.852068 	 197530.864198
   45 	 0.002384 	 144557.255739 	 197530.864198
   46 	 0.007799 	 128738.558468 	 197530.864198
   47 	 0.005463 	 135346.541198 	 197530.864198
   48 	 0.005463 	 139063.072649 	 197530.864198
   49 	 0.002384 	 141339.750434 	 197530.864198
 