   0 	 0.000291 	 0.066496 	 1.586105
    1 	 0.000641 	 0.581992 	 14.313151
    2 	 0.002393 	 3.411938 	 41.155962
    3 	 0.000912 	 11.012487 	 55.475990
    4 	 0.000912 	 19.355669 	 134.839652
    5 	 0.004473 	 30.263336 	 134.839652
    6 	 0.002390 	 44.271498 	 198.089777
    7 	 0.002390 	 80.748951 	 388.994853
    8 	 0.002390 	 108.530035 	 399.595913
    9 	 0.002409 	 165.340582 	 399.595913
   10 	 0.000908 	 218.835307 	 541.062271
   11 	 0.000924 	 282.944540 	 913.468833
   12 	 0.000908 	 325.930740 	 913.468833
   13 	 0.004249 	 387.071968 	 974.157454
   14 	 0.000501 	 482.472763 	 974.157454
   15 	 0.000351 	 524.006538 	 1546.244859
   16 	 0.000924 	 607.019742 	 1546.244859
   17 	 0.000908 	 649.265309 	 1546.244859
   18 	 0.000928 	 654.002904 	 1546.244859
   19 	 0.009552 	 746.691545 	 1546.244859
   20 	 0.000924 	 764.683315 	 1546.244859
   21 	 0.000916 	 862.047527 	 1670.403917
   22 	 0.000908 	 1009.956609 	 1735.652790
   23 	 0.000924 	 1058.665682 	 1735.652790
   24 	 0.000917 	 973.325753 	 1735.652790
   25 	 0.000924 	 929.900503 	 1735.652790
   26 	 0.000916 	 1035.235973 	 1735.652790
   27 	 0.004492 	 979.080423 	 1735.652790
   28 	 0.000924 	 1049.535682 	 1735.652790
   29 	 0.000916 	 1069.065705 	 1735.652790
   30 	 0.000856 	 1118.035517 	 1735.652790
   31 	 0.002386 	 1143.593003 	 1735.652790
   32 	 0.002382 	 1258.050658 	 1735.652790
   33 	 0.000916 	 1100.996711 	 1735.652790
   34 	 0.004462 	 1291.449489 	 1735.652790
   35 	 0.002382 	 1142.989485 	 1735.652790
   36 	 0.002386 	 1231.516395 	 1735.652790
   37 	 0.000702 	 1153.033364 	 1735.652790
   38 	 0.000924 	 1037.659263 	 1735.652790
   39 	 0.000924 	 1112.048170 	 1735.652790
   40 	 0.000916 	 1145.087068 	 1735.652790
   41 	 0.000920 	 973.847989 	 1735.652790
   42 	 0.001001 	 1108.655902 	 1735.652790
   43 	 0.002385 	 1105.682121 	 1735.652790
   44 	 0.000916 	 1206.800300 	 1735.652790
   45 	 0.004462 	 1064.153071 	 1735.652790
   46 	 0.004462 	 1146.936412 	 1735.652790
   47 	 0.000920 	 1201.901905 	 1735.652790
   48 	 0.000920 	 1134.967552 	 1735.652790
   49 	 0.002310 	 1021.492480 	 1735.652790
 