   0 	 0.000293 	 0.036840 	 1.423488
    1 	 0.000664 	 0.763127 	 15.833928
    2 	 0.001745 	 4.300362 	 23.234801
    3 	 0.006621 	 10.528664 	 23.234801
    4 	 0.002427 	 12.922089 	 57.750058
    5 	 0.002430 	 18.076106 	 88.274330
    6 	 0.002389 	 32.751299 	 626.688887
    7 	 0.002395 	 95.823685 	 626.688887
    8 	 0.005206 	 263.217176 	 821.363264
    9 	 0.002236 	 384.931935 	 962.197104
   10 	 0.002390 	 498.703300 	 1299.565256
   11 	 0.002390 	 553.827124 	 1299.565256
   12 	 0.005181 	 520.941530 	 1299.565256
   13 	 0.002236 	 602.148865 	 1299.565256
   14 	 0.002390 	 627.553646 	 1691.222942
   15 	 0.006822 	 677.148667 	 1691.222942
   16 	 0.006810 	 816.865900 	 1691.222942
   17 	 0.000845 	 1009.626871 	 1691.222942
   18 	 0.006822 	 1013.269592 	 1691.222942
   19 	 0.002385 	 1020.383677 	 1691.222942
   20 	 0.006822 	 1019.604259 	 1691.222942
   21 	 0.002385 	 1079.840076 	 1691.222942
   22 	 0.002113 	 1149.280114 	 1691.222942
   23 	 0.002362 	 1058.891363 	 1691.222942
   24 	 0.005167 	 1096.425658 	 1691.222942
   25 	 0.002385 	 1108.571900 	 1691.222942
   26 	 0.002385 	 1134.358890 	 1691.222942
   27 	 0.006732 	 1245.904649 	 1691.222942
   28 	 0.002385 	 1133.301919 	 1691.222942
   29 	 0.009435 	 1209.834193 	 1691.222942
   30 	 0.002385 	 1187.465423 	 1691.222942
   31 	 0.005167 	 1198.671439 	 1691.222942
   32 	 0.002227 	 1222.360569 	 1691.222942
   33 	 0.002385 	 1275.318728 	 1691.222942
   34 	 0.002385 	 1093.147977 	 1691.222942
   35 	 0.006732 	 1306.817063 	 1691.222942
   36 	 0.006775 	 1237.929809 	 1691.222942
   37 	 0.002385 	 1262.945558 	 1691.222942
   38 	 0.002362 	 1189.247656 	 1691.222942
   39 	 0.002385 	 1196.338356 	 1691.222942
   40 	 0.005159 	 1018.530059 	 1691.222942
   41 	 0.001916 	 1246.020396 	 1691.222942
   42 	 0.001714 	 1280.347933 	 1691.222942
   43 	 0.005167 	 1218.262655 	 1691.222942
   44 	 0.006799 	 1194.720335 	 1691.222942
   45 	 0.002362 	 1137.857139 	 1691.222942
   46 	 0.002385 	 1216.095985 	 1691.222942
   47 	 0.005159 	 1111.708728 	 1691.222942
   48 	 0.001816 	 1126.227066 	 1691.222942
   49 	 0.002385 	 1111.438142 	 1691.222942
 