   0 	 0.000382 	 0.042881 	 0.826186
    1 	 0.000527 	 0.210150 	 1.757948
    2 	 0.000565 	 0.447460 	 2.712420
    3 	 0.001021 	 1.526421 	 77.390228
    4 	 0.009020 	 38.301098 	 326.037898
    5 	 0.002371 	 85.219850 	 326.037898
    6 	 0.000930 	 123.164421 	 361.985172
    7 	 0.000351 	 145.965345 	 361.985172
    8 	 0.000914 	 181.142361 	 373.813875
    9 	 0.000893 	 257.800055 	 1574.485525
   10 	 0.009496 	 362.986405 	 4643.040709
   11 	 0.000926 	 820.437173 	 5829.948562
   12 	 0.000921 	 1526.702499 	 5829.948562
   13 	 0.000924 	 2562.097485 	 7850.766353
   14 	 0.001297 	 2795.223777 	 36326.517268
   15 	 0.000916 	 5094.797148 	 36326.517268
   16 	 0.000924 	 10131.514098 	 36326.517268
   17 	 0.000924 	 25642.869427 	 283438.678042
   18 	 0.002383 	 53110.314651 	 283438.678042
   19 	 0.004438 	 118478.496509 	 283438.678042
   20 	 0.000924 	 190618.509333 	 283438.678042
   21 	 0.004239 	 194327.821647 	 283438.678042
   22 	 0.000924 	 174191.550442 	 283438.678042
   23 	 0.000924 	 188784.942193 	 283438.678042
   24 	 0.000924 	 178694.100888 	 283438.678042
   25 	 0.002385 	 201905.477342 	 283438.678042
   26 	 0.004438 	 188034.171944 	 283438.678042
   27 	 0.000924 	 219880.352682 	 283438.678042
   28 	 0.000924 	 195001.827991 	 283438.678042
   29 	 0.000702 	 193271.621601 	 283438.678042
   30 	 0.002385 	 193387.385708 	 283438.678042
   31 	 0.002385 	 199698.189091 	 283438.678042
   32 	 0.002385 	 202320.768068 	 283438.678042
   33 	 0.001083 	 187607.445254 	 283438.678042
   34 	 0.000924 	 196853.073828 	 283438.678042
   35 	 0.004438 	 208392.976783 	 283438.678042
   36 	 0.002385 	 217167.414979 	 283438.678042
   37 	 0.000924 	 192481.602938 	 283438.678042
   38 	 0.004438 	 193220.435559 	 283438.678042
   39 	 0.000924 	 223037.333431 	 283438.678042
   40 	 0.002382 	 207900.916981 	 283438.678042
   41 	 0.009534 	 189188.871205 	 283438.678042
   42 	 0.000924 	 213845.082412 	 283438.678042
   43 	 0.000924 	 212015.386631 	 283438.678042
   44 	 0.000924 	 190515.800197 	 283438.678042
   45 	 0.037745 	 182748.845063 	 283438.678042
   46 	 0.000924 	 211400.732958 	 283438.678042
   47 	 0.002361 	 183648.123261 	 283438.678042
   48 	 0.009534 	 206582.969235 	 283438.678042
   49 	 0.002312 	 227751.851670 	 283438.678042
 