   0 	 0.000360 	 0.099840 	 4.174614
    1 	 0.001371 	 1.919874 	 22.247405
    2 	 0.001249 	 5.860155 	 26.027391
    3 	 0.002383 	 9.687132 	 26.027391
    4 	 0.001369 	 14.086207 	 58.680239
    5 	 0.001388 	 16.011628 	 70.937642
    6 	 0.001332 	 18.061936 	 109.979349
    7 	 0.003137 	 33.512629 	 275.629210
    8 	 0.002363 	 50.311898 	 244.995711
    9 	 0.001365 	 104.670509 	 768.602584
   10 	 0.001359 	 147.390247 	 952.924028
   11 	 0.002390 	 193.078812 	 952.924028
   12 	 0.001359 	 310.064408 	 1104.896071
   13 	 0.001359 	 475.793599 	 1662.782407
   14 	 0.003099 	 623.601778 	 1662.782407
   15 	 0.001369 	 761.699528 	 1720.985264
   16 	 0.001369 	 783.242563 	 1720.985264
   17 	 0.001368 	 803.635826 	 1720.985264
   18 	 0.001369 	 971.899986 	 1720.985264
   19 	 0.001369 	 1019.568180 	 1720.985264
   20 	 0.001359 	 1198.529176 	 1720.985264
   21 	 0.002385 	 1248.095269 	 1720.985264
   22 	 0.024770 	 1153.843044 	 1720.985264
   23 	 0.002384 	 1190.283214 	 1720.985264
   24 	 0.002384 	 1229.678274 	 1720.985264
   25 	 0.001369 	 1107.042688 	 1720.985264
   26 	 0.003109 	 1124.217158 	 1720.985264
   27 	 0.001376 	 1215.549849 	 1720.985264
   28 	 0.001176 	 1180.369243 	 1720.985264
   29 	 0.003096 	 1137.825406 	 1720.985264
   30 	 0.009527 	 1197.462620 	 1720.985264
   31 	 0.002385 	 1026.526821 	 1720.985264
   32 	 0.003099 	 1203.777850 	 1720.985264
   33 	 0.001369 	 1118.743978 	 1720.985264
   34 	 0.001369 	 1082.350484 	 1720.985264
   35 	 0.001368 	 1140.142525 	 1720.985264
   36 	 0.001365 	 1178.554800 	 1720.985264
   37 	 0.002385 	 1227.208256 	 1720.985264
   38 	 0.001369 	 1157.212273 	 1720.985264
   39 	 0.001369 	 1335.240345 	 1720.985264
   40 	 0.001368 	 1227.278077 	 1720.985264
   41 	 0.001371 	 1157.702909 	 1720.985264
   42 	 0.024117 	 1254.048862 	 1720.985264
   43 	 0.001369 	 1027.481019 	 1720.985264
   44 	 0.001354 	 1115.941798 	 1720.985264
   45 	 0.002385 	 1121.295360 	 1720.985264
   46 	 0.001369 	 1122.932689 	 1720.985264
   47 	 0.002385 	 1196.429096 	 1720.985264
   48 	 0.001369 	 1180.852836 	 1720.985264
   49 	 0.001365 	 1024.760556 	 1720.985264
 