   0 	 0.000353 	 0.045036 	 1.291628
    1 	 0.000710 	 0.496873 	 6.700555
    2 	 0.000764 	 1.433570 	 29.764121
    3 	 0.000740 	 5.623265 	 42.965482
    4 	 0.000715 	 11.037594 	 124.339484
    5 	 0.000867 	 27.574104 	 295.028974
    6 	 0.002379 	 86.227913 	 408.380357
    7 	 0.000715 	 153.087685 	 408.380357
    8 	 0.000930 	 179.855666 	 408.380357
    9 	 0.000932 	 192.808286 	 521.513039
   10 	 0.000930 	 230.671878 	 562.841983
   11 	 0.002380 	 228.094418 	 692.508498
   12 	 0.002394 	 260.916611 	 865.032747
   13 	 0.000933 	 303.316839 	 769.765105
   14 	 0.000932 	 363.195225 	 769.765105
   15 	 0.000933 	 411.199417 	 769.765105
   16 	 0.004374 	 469.559896 	 862.740118
   17 	 0.000931 	 431.887459 	 769.765105
   18 	 0.000934 	 452.266990 	 772.619836
   19 	 0.000932 	 466.296377 	 862.740118
   20 	 0.001862 	 455.059839 	 817.061820
   21 	 0.000951 	 485.913318 	 1100.476110
   22 	 0.000931 	 508.047141 	 1472.542386
   23 	 0.002387 	 468.038975 	 1511.995568
   24 	 0.002377 	 513.273548 	 1033.167145
   25 	 0.000357 	 475.342697 	 1100.476110
   26 	 0.002379 	 552.130581 	 1130.769412
   27 	 0.000933 	 529.662008 	 1344.271039
   28 	 0.000934 	 609.863480 	 1726.824632
   29 	 0.002315 	 595.234251 	 1344.271039
   30 	 0.000950 	 727.658913 	 1671.726146
   31 	 0.000941 	 741.637387 	 1553.041974
   32 	 0.005270 	 799.745195 	 1592.109252
   33 	 0.002385 	 749.156015 	 1679.407492
   34 	 0.002380 	 859.476711 	 1736.033954
   35 	 0.038419 	 874.876538 	 1736.033954
   36 	 0.000932 	 786.811941 	 1736.033954
   37 	 0.000938 	 824.890392 	 1736.033954
   38 	 0.002388 	 916.130056 	 1599.934467
   39 	 0.002384 	 995.555901 	 1736.033954
   40 	 0.000720 	 1023.427011 	 1736.033954
   41 	 0.000937 	 775.120918 	 1736.033954
   42 	 0.009503 	 884.148548 	 1733.102253
   43 	 0.000940 	 853.122030 	 1736.033954
   44 	 0.000941 	 779.264531 	 1646.773370
   45 	 0.000988 	 977.802225 	 1733.102253
   46 	 0.000941 	 977.455400 	 1736.033954
   47 	 0.002313 	 894.775929 	 1736.033954
   48 	 0.002384 	 966.370634 	 1736.033954
   49 	 0.002391 	 963.179646 	 1736.033954
 