   0 	 0.000344 	 0.035895 	 1.247971
    1 	 0.000344 	 0.644567 	 24.597486
    2 	 0.000860 	 9.948490 	 164.729405
    3 	 0.001485 	 32.797758 	 298.605013
    4 	 0.002114 	 91.784156 	 472.744931
    5 	 0.009457 	 172.343976 	 556.017173
    6 	 0.002102 	 218.739206 	 656.467094
    7 	 0.002704 	 262.938492 	 974.801764
    8 	 0.002090 	 360.527952 	 1595.278995
    9 	 0.002090 	 360.351190 	 1595.278995
   10 	 0.002030 	 454.987142 	 1595.278995
   11 	 0.002384 	 556.472242 	 1598.195701
   12 	 0.002090 	 591.502410 	 1595.278995
   13 	 0.002070 	 721.394764 	 1730.554110
   14 	 0.002105 	 811.199997 	 1730.554110
   15 	 0.002094 	 837.422956 	 1730.554110
   16 	 0.002090 	 974.440968 	 1730.554110
   17 	 0.002090 	 1025.182678 	 1595.278995
   18 	 0.002088 	 1072.474634 	 1730.554110
   19 	 0.002090 	 1057.676845 	 1730.554110
   20 	 0.002384 	 1096.736105 	 1730.554110
   21 	 0.001675 	 1191.353554 	 1730.554110
   22 	 0.002090 	 1130.261092 	 1730.554110
   23 	 0.002384 	 1242.063355 	 1730.554110
   24 	 0.000636 	 1041.095585 	 1730.554110
   25 	 0.002088 	 1077.389540 	 1730.554110
   26 	 0.002090 	 917.802412 	 1730.554110
   27 	 0.002384 	 1170.624274 	 1730.554110
   28 	 0.002720 	 1063.137287 	 1730.554110
   29 	 0.002090 	 1049.629844 	 1730.554110
   30 	 0.002090 	 1081.082944 	 1735.922751
   31 	 0.002384 	 1100.223618 	 1730.554110
   32 	 0.038001 	 1185.589274 	 1730.554110
   33 	 0.002090 	 1136.069743 	 1730.554110
   34 	 0.002090 	 1249.194009 	 1730.554110
   35 	 0.002389 	 1120.442496 	 1730.554110
   36 	 0.002384 	 1136.230663 	 1730.554110
   37 	 0.002384 	 1126.613812 	 1730.554110
   38 	 0.002090 	 1156.745511 	 1730.554110
   39 	 0.002090 	 1118.582728 	 1730.554110
   40 	 0.002386 	 1098.917950 	 1730.554110
   41 	 0.002384 	 1086.320505 	 1730.554110
   42 	 0.002090 	 1193.413883 	 1730.554110
   43 	 0.000557 	 1073.162810 	 1730.554110
   44 	 0.001887 	 1102.354063 	 1730.554110
   45 	 0.009539 	 1116.722805 	 1730.554110
   46 	 0.002090 	 1161.299507 	 1730.554110
   47 	 0.002721 	 1175.270631 	 1730.554110
   48 	 0.002060 	 1196.210665 	 1730.554110
   49 	 0.002090 	 1125.970974 	 1730.554110
 