   0 	 0.000291 	 0.274272 	 22.163108
    1 	 0.000471 	 15.577720 	 163.454417
    2 	 0.001560 	 29.240432 	 163.454417
    3 	 0.004388 	 47.412938 	 394.646447
    4 	 0.001595 	 88.989528 	 510.747767
    5 	 0.006152 	 136.990391 	 592.026492
    6 	 0.002388 	 219.019222 	 623.378592
    7 	 0.001590 	 242.508963 	 775.184124
    8 	 0.002391 	 318.774382 	 898.380902
    9 	 0.054835 	 397.959245 	 1187.625747
   10 	 0.002374 	 430.415348 	 1723.657684
   11 	 0.002382 	 544.676388 	 1723.657684
   12 	 0.001582 	 554.790307 	 1723.657684
   13 	 0.001597 	 683.106289 	 1723.657684
   14 	 0.001597 	 780.674776 	 1735.166409
   15 	 0.002387 	 801.605479 	 1723.657684
   16 	 0.001591 	 881.482421 	 1723.657684
   17 	 0.002387 	 893.486443 	 1723.657684
   18 	 0.006204 	 972.387299 	 1723.657684
   19 	 0.002365 	 869.716640 	 1723.657684
   20 	 0.001588 	 882.576845 	 1723.657684
   21 	 0.006169 	 1009.546768 	 1723.657684
   22 	 0.001580 	 1081.527123 	 1696.018816
   23 	 0.001588 	 1089.071413 	 1696.018816
   24 	 0.001588 	 1138.546550 	 1696.018816
   25 	 0.000481 	 1105.496911 	 1696.018816
   26 	 0.001588 	 1050.048316 	 1696.018816
   27 	 0.001583 	 1044.427503 	 1696.018816
   28 	 0.006159 	 1154.187078 	 1696.018816
   29 	 0.001588 	 1107.394890 	 1696.018816
   30 	 0.009544 	 1252.681512 	 1696.018816
   31 	 0.001588 	 1114.192769 	 1696.018816
   32 	 0.001588 	 1207.193601 	 1696.018816
   33 	 0.001586 	 1132.903047 	 1696.018816
   34 	 0.009544 	 1170.297816 	 1696.018816
   35 	 0.001588 	 1237.285175 	 1696.018816
   36 	 0.002383 	 1214.582869 	 1696.018816
   37 	 0.001588 	 1200.436704 	 1696.018816
   38 	 0.006159 	 1221.013554 	 1696.018816
   39 	 0.045734 	 1336.147775 	 1696.018816
   40 	 0.001588 	 1323.192179 	 1696.018816
   41 	 0.001591 	 1158.862175 	 1696.018816
   42 	 0.001588 	 1109.069894 	 1696.018816
   43 	 0.001588 	 1034.044616 	 1696.018816
   44 	 0.002383 	 1149.759035 	 1696.018816
   45 	 0.002383 	 1173.233036 	 1696.018816
   46 	 0.002382 	 1204.427758 	 1696.018816
   47 	 0.001588 	 1229.501011 	 1696.018816
   48 	 0.001588 	 1286.940887 	 1696.018816
   49 	 0.002383 	 1193.645147 	 1696.018816
 