   0 	 0.000327 	 0.072164 	 1.562444
    1 	 0.001157 	 0.533399 	 2.921484
    2 	 0.001239 	 0.825182 	 4.057835
    3 	 0.001249 	 1.371022 	 10.466500
    4 	 0.000624 	 3.365232 	 68.091771
    5 	 0.000866 	 12.980604 	 118.820410
    6 	 0.001443 	 33.657092 	 353.982301
    7 	 0.000940 	 56.170438 	 359.066427
    8 	 0.000757 	 107.144202 	 1434.720230
    9 	 0.001741 	 303.292227 	 1434.720230
   10 	 0.001899 	 708.842294 	 1731.853338
   11 	 0.001892 	 711.159435 	 1434.720230
   12 	 0.001892 	 943.348430 	 1731.853338
   13 	 0.003473 	 1073.774093 	 1731.853338
   14 	 0.003469 	 983.236993 	 1731.853338
   15 	 0.000849 	 1008.234496 	 1731.853338
   16 	 0.001791 	 979.471081 	 1731.853338
   17 	 0.002382 	 1061.919795 	 1731.853338
   18 	 0.003465 	 894.869058 	 1731.853338
   19 	 0.002382 	 918.991715 	 1731.853338
   20 	 0.000529 	 951.512938 	 1731.853338
   21 	 0.001892 	 955.294816 	 1434.720230
   22 	 0.002382 	 1041.820104 	 1434.720230
   23 	 0.001892 	 1008.689433 	 1476.197569
   24 	 0.001892 	 1126.404039 	 1731.853338
   25 	 0.016996 	 1046.449699 	 1731.853338
   26 	 0.003912 	 998.278904 	 1731.853338
   27 	 0.001892 	 1085.086466 	 1731.853338
   28 	 0.001698 	 1013.404290 	 1731.853338
   29 	 0.001892 	 1034.639331 	 1731.853338
   30 	 0.003506 	 958.659910 	 1731.853338
   31 	 0.003473 	 944.360228 	 1731.853338
   32 	 0.001891 	 964.000791 	 1731.853338
   33 	 0.001892 	 1007.087212 	 1731.853338
   34 	 0.002316 	 1024.872723 	 1731.853338
   35 	 0.001871 	 1053.566581 	 1731.853338
   36 	 0.001892 	 1011.898118 	 1731.853338
   37 	 0.001808 	 1059.856634 	 1731.853338
   38 	 0.002359 	 1087.494558 	 1731.853338
   39 	 0.001892 	 1085.978819 	 1731.853338
   40 	 0.002312 	 1103.136313 	 1731.853338
   41 	 0.001892 	 1075.325572 	 1731.853338
   42 	 0.001897 	 1056.893952 	 1731.853338
   43 	 0.001897 	 1159.124719 	 1731.853338
   44 	 0.001897 	 1278.470184 	 1731.853338
   45 	 0.002384 	 1269.220515 	 1731.853338
   46 	 0.003143 	 1142.452340 	 1731.853338
   47 	 0.000976 	 1209.538913 	 1731.853338
   48 	 0.001897 	 1263.423517 	 1731.853338
   49 	 0.002384 	 1270.857725 	 1731.853338
 