   0 	 0.000270 	 0.037649 	 1.074984
    1 	 0.001286 	 0.466103 	 9.106950
    2 	 0.002367 	 4.542487 	 135.754292
    3 	 0.009637 	 70.618351 	 210.748156
    4 	 0.037354 	 119.653332 	 240.671014
    5 	 0.001124 	 113.308237 	 350.017501
    6 	 0.001124 	 124.697133 	 522.616326
    7 	 0.001124 	 200.415510 	 3773.584906
    8 	 0.001121 	 1222.797692 	 22222.222222
    9 	 0.001130 	 6838.974651 	 22222.222222
   10 	 0.006490 	 13905.239454 	 27027.027027
   11 	 0.001130 	 14170.187828 	 27027.027027
   12 	 0.001130 	 15053.385062 	 27027.027027
   13 	 0.001130 	 16533.788999 	 27027.027027
   14 	 0.001130 	 18537.402047 	 27027.027027
   15 	 0.037910 	 18644.035478 	 27027.027027
   16 	 0.001130 	 17119.277430 	 27027.027027
   17 	 0.002383 	 17601.397543 	 27027.027027
   18 	 0.001130 	 16780.401069 	 27027.027027
   19 	 0.002383 	 16223.934587 	 27027.027027
   20 	 0.001130 	 16902.620207 	 27027.027027
   21 	 0.009474 	 16695.829074 	 27027.027027
   22 	 0.020419 	 17068.330821 	 27027.027027
   23 	 0.002377 	 18833.841100 	 27027.027027
   24 	 0.001130 	 17062.267071 	 27027.027027
   25 	 0.001130 	 18978.285969 	 27027.027027
   26 	 0.020419 	 16946.360936 	 27027.027027
   27 	 0.001130 	 16899.278023 	 27027.027027
   28 	 0.001130 	 15195.309755 	 27027.027027
   29 	 0.001130 	 19661.657288 	 27027.027027
   30 	 0.001515 	 17024.526010 	 27027.027027
   31 	 0.002380 	 18552.209493 	 27027.027027
   32 	 0.001130 	 18412.715282 	 27027.027027
   33 	 0.001118 	 18853.843687 	 27027.027027
   34 	 0.001130 	 17227.972913 	 27027.027027
   35 	 0.001084 	 19951.932186 	 27027.027027
   36 	 0.001130 	 17582.696524 	 27027.027027
   37 	 0.002383 	 19196.722580 	 27027.027027
   38 	 0.001130 	 16929.646185 	 27027.027027
   39 	 0.002383 	 18313.083990 	 27027.027027
   40 	 0.001130 	 18058.477033 	 27027.027027
   41 	 0.001130 	 19948.371505 	 27027.027027
   42 	 0.002383 	 18382.051684 	 27027.027027
   43 	 0.001130 	 18402.141489 	 27027.027027
   44 	 0.001130 	 19259.252404 	 27027.027027
   45 	 0.002383 	 18128.777751 	 27027.027027
   46 	 0.002241 	 20592.512426 	 27027.027027
   47 	 0.001130 	 19033.531317 	 27027.027027
   48 	 0.002383 	 18883.650719 	 27027.027027
   49 	 0.001130 	 18747.651506 	 27027.027027
 