   0 	 0.000382 	 0.042881 	 0.826186
    1 	 0.000570 	 0.310940 	 2.130623
    2 	 0.002505 	 0.585909 	 2.942166
    3 	 0.002513 	 0.949526 	 2.942166
    4 	 0.024991 	 1.490500 	 5.285103
    5 	 0.002501 	 1.937721 	 5.285103
    6 	 0.020125 	 2.909107 	 7.215337
    7 	 0.016431 	 3.741806 	 8.343388
    8 	 0.001128 	 4.299539 	 7.505077
    9 	 0.017238 	 4.882682 	 8.343388
   10 	 0.017738 	 5.217104 	 7.505077
   11 	 0.033241 	 5.554727 	 7.505077
   12 	 0.017565 	 5.537250 	 7.505077
   13 	 0.017381 	 5.931299 	 7.552551
   14 	 0.000803 	 6.202347 	 7.552551
   15 	 0.017301 	 6.059845 	 7.552551
   16 	 0.017713 	 6.472061 	 8.887124
   17 	 0.005954 	 6.728347 	 7.552551
   18 	 0.001198 	 6.854354 	 7.629212
   19 	 0.034416 	 6.961452 	 7.566864
   20 	 0.001173 	 7.005609 	 7.629212
   21 	 5.285103 	 7.222712 	 7.552551
   22 	 6.787913 	 7.256677 	 7.948505
   23 	 0.017713 	 7.115447 	 7.948505
   24 	 6.787913 	 7.285670 	 7.948505
   25 	 6.787913 	 7.320538 	 9.643367
   26 	 6.787913 	 7.394290 	 9.643367
   27 	 6.787913 	 7.481749 	 12.847460
   28 	 6.787913 	 7.467731 	 9.643367
   29 	 6.787913 	 7.438293 	 9.849284
   30 	 6.787913 	 7.475622 	 9.849284
   31 	 6.787913 	 7.486177 	 9.849284
   32 	 6.787913 	 7.488699 	 10.605638
   33 	 6.787913 	 7.609852 	 10.605638
   34 	 6.944025 	 7.588463 	 10.605638
   35 	 6.944025 	 7.757158 	 13.492276
   36 	 0.035988 	 7.631160 	 13.691788
   37 	 6.944025 	 7.887165 	 13.691788
   38 	 6.944025 	 7.811247 	 13.691788
   39 	 6.944025 	 7.917197 	 13.691788
   40 	 6.944025 	 8.736292 	 13.691788
   41 	 6.944025 	 9.528025 	 13.691788
   42 	 7.157956 	 10.292721 	 13.691788
   43 	 1.605871 	 10.883002 	 13.691788
   44 	 7.157956 	 12.007659 	 14.104277
   45 	 6.944025 	 12.626522 	 14.104277
   46 	 0.144476 	 12.589368 	 14.104277
   47 	 6.944025 	 12.965390 	 14.104277
   48 	 0.316352 	 12.927488 	 14.104277
   49 	 6.944025 	 13.343841 	 14.104277
 