   0 	 0.000350 	 0.055279 	 1.265726
    1 	 0.001633 	 0.623568 	 1.682808
    2 	 0.002339 	 0.882670 	 1.749117
    3 	 0.002557 	 1.173851 	 15.223930
    4 	 0.103939 	 2.571324 	 15.223930
    5 	 0.194622 	 8.949031 	 15.223930
    6 	 1.173680 	 14.488033 	 15.223930
    7 	 1.173680 	 15.056317 	 16.219531
    8 	 15.223930 	 15.223930 	 15.223930
    9 	 3.812515 	 15.109816 	 15.223930
   10 	 15.223930 	 15.341858 	 27.016759
   11 	 15.223930 	 15.341858 	 27.016759
   12 	 15.223930 	 15.459995 	 27.016759
   13 	 5.684206 	 15.600663 	 27.016759
   14 	 15.223930 	 15.931708 	 27.016759
   15 	 10.503533 	 16.238289 	 27.016759
   16 	 10.503533 	 16.946068 	 27.016759
   17 	 10.503533 	 17.889076 	 27.016759
   18 	 1.131870 	 19.517080 	 27.016759
   19 	 10.503533 	 21.025936 	 27.016759
   20 	 10.503533 	 22.061667 	 27.016759
   21 	 7.741972 	 23.777515 	 27.016759
   22 	 10.503533 	 25.314678 	 27.016759
   23 	 10.503533 	 26.497842 	 27.016759
   24 	 15.223930 	 26.662974 	 27.016759
   25 	 15.223930 	 26.780902 	 27.016759
   26 	 15.223930 	 26.780902 	 27.016759
   27 	 2.017080 	 26.526455 	 27.016759
   28 	 15.223930 	 26.889929 	 27.016759
   29 	 15.223930 	 26.894380 	 27.016759
   30 	 15.223930 	 26.898831 	 27.016759
   31 	 0.290285 	 26.502532 	 27.016759
   32 	 25.929533 	 27.005887 	 27.016759
   33 	 25.929533 	 27.005887 	 27.016759
   34 	 0.002381 	 26.426111 	 27.016759
   35 	 21.925920 	 26.965850 	 27.016759
   36 	 21.925920 	 26.965850 	 27.016759
   37 	 21.925920 	 26.965850 	 27.016759
   38 	 27.016759 	 27.016759 	 27.016759
   39 	 27.016759 	 27.016759 	 27.016759
   40 	 0.001719 	 26.746608 	 27.016759
   41 	 27.016759 	 27.016759 	 27.016759
   42 	 27.016759 	 27.016759 	 27.016759
   43 	 27.016759 	 27.016759 	 27.016759
   44 	 27.016759 	 27.016759 	 27.016759
   45 	 27.016759 	 27.016759 	 27.016759
   46 	 27.016759 	 27.016759 	 27.016759
   47 	 27.016759 	 27.016759 	 27.016759
   48 	 13.146817 	 26.878059 	 27.016759
   49 	 0.057224 	 26.469765 	 27.016759
 