   0 	 0.000263 	 0.115135 	 8.343905
    1 	 0.001826 	 5.595257 	 8.795944
    2 	 0.381888 	 8.240182 	 8.385044
    3 	 0.381888 	 8.265930 	 8.385044
    4 	 8.343905 	 8.345139 	 8.385044
    5 	 8.343905 	 8.345551 	 8.385044
    6 	 8.343905 	 8.346785 	 8.385044
    7 	 7.760411 	 8.443427 	 18.591620
    8 	 7.760411 	 8.336349 	 8.385044
    9 	 7.760411 	 8.337994 	 8.385044
   10 	 7.760411 	 8.326736 	 8.385044
   11 	 7.760411 	 8.302106 	 8.385044
   12 	 7.760411 	 8.302162 	 8.385044
   13 	 7.760411 	 8.320901 	 8.385044
   14 	 0.005452 	 8.237517 	 8.385044
   15 	 7.760411 	 8.319124 	 8.385044
   16 	 7.760411 	 8.489551 	 23.162804
   17 	 0.351580 	 8.492230 	 23.162804
   18 	 7.760411 	 9.255715 	 23.162804
   19 	 7.760411 	 10.293038 	 23.162804
   20 	 7.760411 	 11.602753 	 23.162804
   21 	 7.760411 	 14.906557 	 28.692210
   22 	 7.760411 	 17.977423 	 28.692210
   23 	 7.760411 	 20.593052 	 28.692210
   24 	 7.760411 	 21.938790 	 28.692210
   25 	 7.760411 	 22.299054 	 28.692210
   26 	 3.794527 	 22.903899 	 28.692210
   27 	 22.851572 	 23.186975 	 28.692210
   28 	 22.851572 	 23.180750 	 28.692210
   29 	 22.851572 	 23.291339 	 28.692210
   30 	 22.851572 	 23.355970 	 28.692210
   31 	 22.851572 	 23.359082 	 28.692210
   32 	 0.009265 	 23.056870 	 28.692210
   33 	 1.455240 	 23.126624 	 28.692210
   34 	 1.455240 	 23.300303 	 28.692210
   35 	 22.851572 	 23.703295 	 28.692210
   36 	 22.851572 	 24.112992 	 28.692210
   37 	 22.851572 	 24.154985 	 28.692210
   38 	 13.454159 	 24.558657 	 28.692210
   39 	 0.767399 	 24.652966 	 28.692210
   40 	 23.162804 	 25.319272 	 28.692210
   41 	 23.162804 	 25.429861 	 28.692210
   42 	 23.162804 	 25.374567 	 28.692210
   43 	 23.162804 	 25.540449 	 28.692210
   44 	 22.544526 	 25.976618 	 28.692210
   45 	 23.162804 	 26.314565 	 28.692210
   46 	 23.162804 	 26.756918 	 28.692210
   47 	 1.455240 	 26.226838 	 30.568235
   48 	 23.162804 	 26.812212 	 28.692210
   49 	 23.162804 	 27.377584 	 40.994195
 