   0 	 0.000282 	 0.234415 	 21.807843
    1 	 0.001395 	 20.075410 	 21.807843
    2 	 21.807843 	 21.807843 	 21.807843
    3 	 0.001831 	 21.589783 	 21.807843
    4 	 21.807843 	 21.807843 	 21.807843
    5 	 15.138885 	 21.743029 	 21.995395
    6 	 21.807843 	 21.809718 	 21.995395
    7 	 0.001831 	 21.593534 	 21.995395
    8 	 21.807843 	 21.807843 	 21.807843
    9 	 21.807843 	 21.807843 	 21.807843
   10 	 21.807843 	 21.807843 	 21.807843
   11 	 21.807843 	 21.807843 	 21.807843
   12 	 21.807843 	 21.807843 	 21.807843
   13 	 21.807843 	 21.807843 	 21.807843
   14 	 21.807843 	 21.807843 	 21.807843
   15 	 21.807843 	 21.807843 	 21.807843
   16 	 21.807843 	 21.807843 	 21.807843
   17 	 21.807843 	 21.807843 	 21.807843
   18 	 21.807843 	 21.807843 	 21.807843
   19 	 21.807843 	 21.807843 	 21.807843
   20 	 16.828483 	 21.758049 	 21.807843
   21 	 10.095395 	 21.591131 	 21.807843
   22 	 16.828483 	 21.708256 	 21.807843
   23 	 16.828483 	 21.725822 	 21.995395
   24 	 16.828483 	 21.759925 	 21.995395
   25 	 16.828483 	 21.671415 	 21.995395
   26 	 16.828483 	 21.665788 	 21.807843
   27 	 16.828483 	 21.708256 	 21.807843
   28 	 21.807843 	 21.807843 	 21.807843
   29 	 21.807843 	 21.807843 	 21.807843
   30 	 0.002364 	 21.589788 	 21.807843
   31 	 1.767237 	 21.607437 	 21.807843
   32 	 21.807843 	 21.807843 	 21.807843
   33 	 21.807843 	 21.807843 	 21.807843
   34 	 21.807843 	 21.809718 	 21.995395
   35 	 21.807843 	 21.809718 	 21.995395
   36 	 1.767237 	 21.611188 	 21.995395
   37 	 21.807843 	 21.813469 	 21.995395
   38 	 21.807843 	 21.817221 	 21.995395
   39 	 21.807843 	 21.815345 	 21.995395
   40 	 21.807843 	 21.809718 	 21.995395
   41 	 21.807843 	 21.811594 	 21.995395
   42 	 18.397550 	 21.775616 	 21.995395
   43 	 0.039406 	 21.557931 	 21.995395
   44 	 13.634404 	 21.727984 	 21.995395
   45 	 21.807843 	 22.418741 	 82.897689
   46 	 21.807843 	 24.862335 	 82.897689
   47 	 21.807843 	 27.916827 	 82.897689
   48 	 2.036401 	 39.937082 	 82.897689
   49 	 21.807843 	 62.738040 	 82.897689
 