   0 	 0.000327 	 0.072164 	 1.562444
    1 	 0.007206 	 0.746403 	 1.562444
    2 	 0.018200 	 1.138469 	 1.562444
    3 	 0.007547 	 1.314856 	 2.451226
    4 	 0.007533 	 1.388444 	 2.451226
    5 	 0.007533 	 1.382090 	 14.099997
    6 	 0.007498 	 3.356544 	 14.099997
    7 	 0.002882 	 8.171572 	 25.969341
    8 	 0.008440 	 12.724411 	 25.969341
    9 	 1.119317 	 14.682351 	 25.969341
   10 	 0.009858 	 14.659856 	 27.451452
   11 	 0.024449 	 15.506198 	 27.451452
   12 	 0.003614 	 14.631297 	 27.451452
   13 	 0.009858 	 15.898996 	 27.451452
   14 	 13.698442 	 18.302655 	 27.451452
   15 	 0.009858 	 17.624916 	 27.451452
   16 	 0.078008 	 20.939621 	 27.451452
   17 	 0.009858 	 23.161099 	 27.585487
   18 	 13.228223 	 25.478796 	 27.585487
   19 	 13.228223 	 25.924010 	 27.585487
   20 	 0.002345 	 26.239373 	 27.585487
   21 	 25.969341 	 26.453189 	 27.585487
   22 	 0.062192 	 26.195488 	 27.585487
   23 	 25.969341 	 26.406080 	 27.585487
   24 	 25.969341 	 26.331955 	 27.585487
   25 	 0.009858 	 26.072360 	 27.585487
   26 	 25.969341 	 26.309038 	 27.585487
   27 	 25.969341 	 26.336059 	 27.585487
   28 	 25.969341 	 26.353552 	 27.585487
   29 	 25.969341 	 26.341397 	 27.585487
   30 	 25.969341 	 26.496375 	 27.585487
   31 	 25.834489 	 26.474788 	 27.585487
   32 	 25.969341 	 26.493683 	 27.585487
   33 	 25.969341 	 26.567841 	 27.585487
   34 	 25.969341 	 26.567800 	 27.585487
   35 	 25.969341 	 26.531367 	 27.585487
   36 	 25.969341 	 26.470742 	 27.585487
   37 	 25.969341 	 26.571871 	 27.585487
   38 	 25.969341 	 26.674349 	 27.585487
   39 	 25.969341 	 26.609651 	 27.585487
   40 	 25.969341 	 26.585436 	 27.585487
   41 	 25.969341 	 26.678485 	 27.585487
   42 	 25.969341 	 26.743096 	 27.585487
   43 	 25.969341 	 26.705235 	 27.585487
   44 	 25.969341 	 26.779366 	 27.585487
   45 	 25.969341 	 26.868316 	 27.585487
   46 	 8.464838 	 26.708178 	 27.585487
   47 	 25.969341 	 26.898100 	 27.585487
   48 	 0.259441 	 26.597844 	 27.585487
   49 	 25.969341 	 26.759270 	 27.585487
 