   0 	 0.000274 	 0.037984 	 0.834272
    1 	 0.001137 	 0.357243 	 0.958001
    2 	 0.001190 	 0.627835 	 6.531949
    3 	 0.009424 	 1.116988 	 7.929506
    4 	 0.005679 	 3.372262 	 7.929506
    5 	 0.785540 	 6.025449 	 8.803052
    6 	 3.213977 	 6.889950 	 8.803052
    7 	 3.213977 	 6.836165 	 8.803052
    8 	 5.180881 	 6.887628 	 8.803052
    9 	 5.180881 	 6.936596 	 8.803052
   10 	 5.180881 	 7.000517 	 8.114402
   11 	 5.180881 	 7.000876 	 8.100625
   12 	 5.180881 	 7.271217 	 8.100625
   13 	 6.531949 	 7.274729 	 8.100625
   14 	 6.531949 	 7.375386 	 8.100625
   15 	 6.531949 	 7.437697 	 8.100625
   16 	 6.531949 	 7.495991 	 8.100625
   17 	 6.531949 	 7.426374 	 8.771740
   18 	 6.531949 	 7.476467 	 8.954395
   19 	 6.531949 	 7.437190 	 8.771740
   20 	 6.531949 	 7.576356 	 8.771740
   21 	 6.531949 	 7.636825 	 8.981622
   22 	 6.531949 	 7.659986 	 8.771740
   23 	 6.531949 	 7.681821 	 8.771740
   24 	 6.531949 	 7.687154 	 8.771740
   25 	 6.531949 	 7.818284 	 8.771740
   26 	 6.531949 	 7.824139 	 8.771740
   27 	 6.531949 	 7.838603 	 8.771740
   28 	 6.531949 	 7.865447 	 8.771740
   29 	 6.531949 	 7.994652 	 8.771740
   30 	 6.531949 	 7.964990 	 8.771740
   31 	 0.129985 	 8.011619 	 8.771740
   32 	 6.531949 	 8.006517 	 8.981622
   33 	 6.531949 	 8.000023 	 8.771740
   34 	 6.531949 	 8.059952 	 8.771740
   35 	 6.531949 	 8.179811 	 8.771740
   36 	 6.531949 	 8.076243 	 8.771740
   37 	 5.279272 	 8.138226 	 8.771740
   38 	 6.531949 	 8.169309 	 8.771740
   39 	 5.279272 	 8.114301 	 8.771740
   40 	 5.279272 	 8.171176 	 8.771740
   41 	 5.279272 	 8.222187 	 8.771740
   42 	 0.339184 	 8.252692 	 8.771740
   43 	 5.279272 	 8.394553 	 8.771740
   44 	 5.279272 	 8.415840 	 8.771740
   45 	 6.531949 	 8.508148 	 8.771740
   46 	 5.279272 	 8.487199 	 8.771740
   47 	 5.279272 	 8.452275 	 8.771740
   48 	 5.279272 	 8.340498 	 8.771740
   49 	 5.279272 	 8.385294 	 8.771740
 