   0 	 0.000360 	 0.099840 	 4.174614
    1 	 0.006214 	 2.454533 	 23.621840
    2 	 0.001371 	 7.511377 	 23.621840
    3 	 1.545683 	 17.055024 	 24.026297
    4 	 0.006292 	 21.602154 	 24.026297
    5 	 9.321397 	 22.535878 	 24.026297
    6 	 9.321397 	 22.540940 	 24.026297
    7 	 9.321397 	 22.614469 	 24.026297
    8 	 0.024685 	 22.672964 	 24.026297
    9 	 2.214010 	 22.755024 	 24.026297
   10 	 9.716586 	 22.845996 	 24.026297
   11 	 6.177442 	 22.852728 	 24.026297
   12 	 1.907738 	 22.987533 	 24.026297
   13 	 21.900190 	 23.367674 	 24.026297
   14 	 21.900190 	 23.433460 	 24.026297
   15 	 21.900190 	 23.354877 	 24.026297
   16 	 21.900190 	 23.459612 	 24.026297
   17 	 21.900190 	 23.442396 	 24.026297
   18 	 21.900190 	 23.555272 	 24.026297
   19 	 21.900190 	 23.616155 	 24.026297
   20 	 21.900190 	 23.699906 	 24.026297
   21 	 21.900190 	 23.656905 	 24.026297
   22 	 4.709923 	 23.465692 	 24.026297
   23 	 21.900190 	 23.665338 	 24.026297
   24 	 20.552075 	 23.676955 	 24.026297
   25 	 21.900190 	 23.645735 	 24.026297
   26 	 21.900190 	 23.597189 	 24.026297
   27 	 21.900190 	 23.535164 	 24.026297
   28 	 21.900190 	 23.553725 	 24.026297
   29 	 21.900190 	 23.744448 	 33.001444
   30 	 21.900190 	 23.798049 	 33.001444
   31 	 21.900190 	 23.854234 	 33.796272
   32 	 0.620289 	 23.938201 	 33.796272
   33 	 21.900190 	 24.468445 	 33.796272
   34 	 0.856324 	 24.322130 	 33.796272
   35 	 21.900190 	 24.679497 	 33.796272
   36 	 23.621840 	 25.513217 	 33.796272
   37 	 23.621840 	 25.704572 	 33.796272
   38 	 23.621840 	 26.237607 	 33.796272
   39 	 23.621840 	 26.447615 	 33.796272
   40 	 23.621840 	 27.351039 	 33.796272
   41 	 23.621840 	 29.183912 	 33.796272
   42 	 23.621840 	 29.321114 	 33.796272
   43 	 23.621840 	 30.645688 	 33.796272
   44 	 23.621840 	 31.009259 	 33.796272
   45 	 23.621840 	 31.379976 	 33.796272
   46 	 23.621840 	 32.191925 	 33.796272
   47 	 0.001359 	 32.167298 	 33.796272
   48 	 23.621840 	 32.732299 	 33.796272
   49 	 23.621840 	 33.041295 	 33.796272
 