   0 	 0.000304 	 0.073194 	 1.978912
    1 	 0.000377 	 0.840051 	 1.980088
    2 	 0.008076 	 1.419368 	 1.980088
    3 	 0.568857 	 1.942757 	 22.230146
    4 	 0.009259 	 4.967670 	 22.230146
    5 	 0.131365 	 15.575832 	 22.230146
    6 	 1.978912 	 20.471764 	 22.230146
    7 	 1.978912 	 21.553461 	 26.692605
    8 	 22.230146 	 22.391939 	 29.484555
    9 	 22.230146 	 22.642982 	 29.484555
   10 	 22.230146 	 22.788070 	 29.484555
   11 	 0.849994 	 22.635598 	 29.484555
   12 	 1.066198 	 22.860883 	 29.484555
   13 	 22.230146 	 23.251021 	 29.484555
   14 	 22.230146 	 23.591312 	 29.484555
   15 	 22.230146 	 23.608018 	 29.484555
   16 	 22.230146 	 23.730677 	 29.484555
   17 	 22.230146 	 23.819926 	 29.484555
   18 	 22.230146 	 24.160218 	 29.484555
   19 	 22.230146 	 24.723632 	 29.484555
   20 	 22.230146 	 25.253637 	 29.484555
   21 	 22.230146 	 25.464795 	 29.484555
   22 	 13.641902 	 25.398626 	 29.484555
   23 	 22.230146 	 25.576766 	 29.484555
   24 	 1.074816 	 25.168277 	 29.484555
   25 	 22.230146 	 25.791167 	 29.484555
   26 	 22.230146 	 25.990361 	 29.484555
   27 	 22.230146 	 26.142673 	 29.484555
   28 	 22.230146 	 26.039201 	 29.484555
   29 	 22.230146 	 25.968389 	 29.484555
   30 	 7.850855 	 26.332405 	 29.484555
   31 	 22.230146 	 26.866838 	 29.484555
   32 	 22.230146 	 27.135568 	 29.484555
   33 	 22.230146 	 27.461870 	 29.484555
   34 	 22.230146 	 27.421986 	 29.484555
   35 	 22.230146 	 27.753029 	 29.484555
   36 	 22.230146 	 27.836788 	 29.484555
   37 	 1.078930 	 27.792792 	 29.484555
   38 	 22.230146 	 28.048929 	 29.484555
   39 	 0.044983 	 27.445919 	 29.484555
   40 	 22.230146 	 27.822341 	 29.484555
   41 	 22.230146 	 27.900403 	 29.484555
   42 	 4.103809 	 28.005352 	 29.484555
   43 	 22.230146 	 28.246990 	 29.484555
   44 	 22.230146 	 28.187393 	 29.484555
   45 	 22.230146 	 28.117857 	 29.484555
   46 	 22.230146 	 28.622113 	 29.484555
   47 	 0.174562 	 28.755573 	 29.484555
   48 	 22.230146 	 28.925031 	 29.484555
   49 	 22.230146 	 29.005575 	 29.484555
 