   0 	 0.000275 	 0.037551 	 0.818467
    1 	 0.003852 	 0.408781 	 0.818467
    2 	 0.003637 	 0.615383 	 0.818467
    3 	 0.002589 	 0.633687 	 0.863482
    4 	 0.003413 	 0.677620 	 4.595192
    5 	 0.003664 	 1.062290 	 14.799612
    6 	 0.009019 	 3.519953 	 14.799612
    7 	 0.025346 	 11.596446 	 14.799612
    8 	 4.595192 	 14.298821 	 15.742583
    9 	 4.595192 	 14.571366 	 15.742583
   10 	 5.470377 	 14.631070 	 15.742583
   11 	 9.622663 	 14.813851 	 15.742583
   12 	 14.799612 	 14.884480 	 15.742583
   13 	 0.675683 	 14.700955 	 15.742583
   14 	 7.742159 	 14.822716 	 15.742583
   15 	 13.823611 	 14.883860 	 15.742583
   16 	 13.823611 	 14.855115 	 15.742583
   17 	 0.658788 	 14.723177 	 15.742583
   18 	 9.622663 	 308.955602 	 29431.154643
   19 	 14.799612 	 27960.336892 	 29431.154643
   20 	 0.666861 	 29136.849765 	 29431.154643
   21 	 29431.154643 	 29431.154643 	 29431.154643
   22 	 29431.154643 	 29431.154643 	 29431.154643
   23 	 29431.154643 	 29431.154643 	 29431.154643
   24 	 29431.154643 	 29431.154643 	 29431.154643
   25 	 0.946251 	 29136.852559 	 29431.154643
   26 	 5.514026 	 29136.898237 	 29431.154643
   27 	 29431.154643 	 29431.154643 	 29431.154643
   28 	 276.397510 	 29139.607072 	 29431.154643
   29 	 29431.154643 	 29431.154643 	 29431.154643
   30 	 29431.154643 	 29431.154643 	 29431.154643
   31 	 29431.154643 	 29431.154643 	 29431.154643
   32 	 29431.154643 	 29431.154643 	 29431.154643
   33 	 29431.154643 	 29431.154643 	 29431.154643
   34 	 29431.154643 	 29431.154643 	 29431.154643
   35 	 29431.154643 	 29431.154643 	 29431.154643
   36 	 29431.154643 	 29431.154643 	 29431.154643
   37 	 29431.154643 	 29431.154643 	 29431.154643
   38 	 29431.154643 	 29431.154643 	 29431.154643
   39 	 29431.154643 	 29431.154643 	 29431.154643
   40 	 29431.154643 	 29431.154643 	 29431.154643
   41 	 29431.154643 	 29431.154643 	 29431.154643
   42 	 29431.154643 	 29431.154643 	 29431.154643
   43 	 29431.154643 	 29431.154643 	 29431.154643
   44 	 29431.154643 	 29431.154643 	 29431.154643
   45 	 3.874738 	 29136.881844 	 29431.154643
   46 	 29431.154643 	 29431.154643 	 29431.154643
   47 	 29431.154643 	 29431.154643 	 29431.154643
   48 	 29431.154643 	 29431.154643 	 29431.154643
   49 	 29431.154643 	 29431.154643 	 29431.154643
 