   0 	 0.000278 	 0.061571 	 3.859161
    1 	 0.002951 	 2.235734 	 4.896599
    2 	 0.123772 	 3.614875 	 3.869540
    3 	 3.859161 	 3.859161 	 3.859161
    4 	 3.859161 	 3.859161 	 3.859161
    5 	 3.859161 	 3.859161 	 3.859161
    6 	 3.859161 	 3.859161 	 3.859161
    7 	 3.859161 	 3.859161 	 3.859161
    8 	 3.859161 	 3.859161 	 3.859161
    9 	 3.859161 	 3.859161 	 3.859161
   10 	 3.859161 	 3.859161 	 3.859161
   11 	 3.859161 	 3.859161 	 3.859161
   12 	 3.859161 	 3.859161 	 3.859161
   13 	 3.859161 	 3.859161 	 3.859161
   14 	 3.859161 	 3.859161 	 3.859161
   15 	 3.859161 	 3.859161 	 3.859161
   16 	 2.527362 	 3.845843 	 3.859161
   17 	 3.859161 	 3.859161 	 3.859161
   18 	 3.859161 	 3.859161 	 3.859161
   19 	 3.859161 	 3.859161 	 3.859161
   20 	 3.859161 	 3.859161 	 3.859161
   21 	 3.859161 	 3.859161 	 3.859161
   22 	 3.859161 	 3.859161 	 3.859161
   23 	 3.859161 	 3.862608 	 4.203877
   24 	 3.859161 	 3.859265 	 3.869540
   25 	 3.859161 	 3.859472 	 3.869540
   26 	 3.859161 	 3.889148 	 6.826699
   27 	 3.859161 	 3.889148 	 6.826699
   28 	 3.859161 	 4.007538 	 6.826699
   29 	 3.442999 	 4.092402 	 6.826699
   30 	 3.859161 	 4.274616 	 6.826699
   31 	 0.046913 	 4.473897 	 6.826699
   32 	 3.859161 	 5.194553 	 6.826699
   33 	 3.859161 	 5.413909 	 6.826699
   34 	 0.046667 	 5.957663 	 6.826699
   35 	 3.859161 	 6.353169 	 6.954312
   36 	 0.044333 	 6.423973 	 6.826699
   37 	 3.859161 	 6.707998 	 6.826699
   38 	 3.859161 	 6.797024 	 6.826699
   39 	 0.141418 	 6.700495 	 6.826699
   40 	 0.044333 	 6.640174 	 6.826699
   41 	 3.859161 	 6.767348 	 6.826699
   42 	 3.859161 	 6.766640 	 6.826699
   43 	 3.859161 	 6.796315 	 6.826699
   44 	 6.826699 	 6.826699 	 6.826699
   45 	 6.826699 	 6.826699 	 6.826699
   46 	 6.826699 	 6.826699 	 6.826699
   47 	 6.826699 	 6.826699 	 6.826699
   48 	 6.826699 	 6.826699 	 6.826699
   49 	 6.826699 	 6.826699 	 6.826699
 