   0 	 0.000281 	 0.086412 	 3.071794
    1 	 0.003027 	 1.212063 	 3.071794
    2 	 0.015005 	 2.388344 	 8.966465
    3 	 0.234844 	 2.937479 	 8.966465
    4 	 0.759637 	 3.405140 	 8.966465
    5 	 1.154230 	 4.567780 	 8.966465
    6 	 1.154230 	 6.344908 	 8.966465
    7 	 3.039931 	 7.728265 	 8.966465
    8 	 3.071794 	 8.498216 	 9.264726
    9 	 0.027771 	 8.677305 	 9.264726
   10 	 3.071794 	 8.913483 	 9.264726
   11 	 1.766214 	 8.841481 	 9.264726
   12 	 8.966465 	 8.966465 	 8.966465
   13 	 8.966465 	 8.966465 	 8.966465
   14 	 8.966465 	 8.966465 	 8.966465
   15 	 8.966465 	 8.966465 	 8.966465
   16 	 0.009228 	 8.876893 	 8.966465
   17 	 8.966465 	 8.966465 	 8.966465
   18 	 8.966465 	 8.966465 	 8.966465
   19 	 8.966465 	 8.966465 	 8.966465
   20 	 8.966465 	 8.966465 	 8.966465
   21 	 8.966465 	 8.966465 	 8.966465
   22 	 8.966465 	 8.966465 	 8.966465
   23 	 6.320311 	 8.940003 	 8.966465
   24 	 6.320311 	 8.940003 	 8.966465
   25 	 8.966465 	 8.966465 	 8.966465
   26 	 8.966465 	 8.966465 	 8.966465
   27 	 8.966465 	 8.966465 	 8.966465
   28 	 8.966465 	 8.966465 	 8.966465
   29 	 8.966465 	 8.966465 	 8.966465
   30 	 8.966465 	 8.966465 	 8.966465
   31 	 0.002346 	 8.876824 	 8.966465
   32 	 8.966465 	 8.966465 	 8.966465
   33 	 8.966465 	 8.973492 	 9.669216
   34 	 8.966465 	 8.980520 	 9.669216
   35 	 8.966465 	 8.966465 	 8.966465
   36 	 8.966465 	 8.966465 	 8.966465
   37 	 8.966465 	 8.966465 	 8.966465
   38 	 8.966465 	 8.966465 	 8.966465
   39 	 8.966465 	 8.966933 	 9.013258
   40 	 8.873849 	 8.965539 	 8.966465
   41 	 0.182028 	 8.877694 	 8.966465
   42 	 8.873849 	 8.964613 	 8.966465
   43 	 8.873849 	 8.964613 	 8.966465
   44 	 8.873849 	 8.962760 	 8.966465
   45 	 0.171870 	 8.874814 	 8.966465
   46 	 0.071185 	 8.889610 	 10.639354
   47 	 8.873849 	 8.961834 	 8.966465
   48 	 8.873849 	 9.224810 	 34.986232
   49 	 8.873849 	 9.485008 	 34.986232
 