   0 	 0.000270 	 0.037649 	 1.074984
    1 	 0.002654 	 0.357745 	 1.074984
    2 	 0.000847 	 0.807573 	 4.816319
    3 	 0.129878 	 1.170958 	 4.816319
    4 	 0.104803 	 1.556297 	 4.816319
    5 	 0.012720 	 2.726883 	 12.081388
    6 	 0.012724 	 5.385776 	 151.555346
    7 	 0.012875 	 45.538464 	 238.901040
    8 	 4.816319 	 146.244832 	 238.901040
    9 	 111.410681 	 156.394641 	 238.901040
   10 	 1.077779 	 158.785140 	 238.901040
   11 	 151.555346 	 163.783743 	 238.901040
   12 	 151.555346 	 171.644855 	 238.901040
   13 	 151.555346 	 182.126339 	 238.901040
   14 	 0.009496 	 186.725079 	 238.901040
   15 	 151.555346 	 196.975107 	 238.901040
   16 	 151.555346 	 211.823875 	 238.901040
   17 	 151.555346 	 218.811530 	 238.901040
   18 	 151.555346 	 224.925729 	 238.901040
   19 	 151.555346 	 231.039927 	 238.901040
   20 	 151.555346 	 232.786841 	 238.901040
   21 	 151.555346 	 235.407212 	 238.901040
   22 	 151.555346 	 235.407212 	 238.901040
   23 	 151.555346 	 237.154126 	 238.901040
   24 	 151.555346 	 237.154126 	 238.901040
   25 	 151.555346 	 238.027583 	 238.901040
   26 	 238.901040 	 238.901040 	 238.901040
   27 	 238.901040 	 238.901040 	 238.901040
   28 	 238.901040 	 238.901040 	 238.901040
   29 	 238.901040 	 239.193869 	 268.183937
   30 	 238.901040 	 238.901040 	 238.901040
   31 	 238.901040 	 238.901040 	 238.901040
   32 	 238.901040 	 238.901040 	 238.901040
   33 	 238.901040 	 238.901040 	 238.901040
   34 	 0.002389 	 236.512053 	 238.901040
   35 	 156.400692 	 238.076036 	 238.901040
   36 	 238.901040 	 238.901040 	 238.901040
   37 	 211.997642 	 238.632006 	 238.901040
   38 	 211.997642 	 238.362972 	 238.901040
   39 	 211.997642 	 238.362972 	 238.901040
   40 	 238.901040 	 238.901040 	 238.901040
   41 	 43.693626 	 236.948966 	 238.901040
   42 	 238.901040 	 239.193869 	 268.183937
   43 	 238.901040 	 240.072356 	 268.183937
   44 	 238.901040 	 239.486698 	 268.183937
   45 	 238.901040 	 239.486698 	 268.183937
   46 	 238.901040 	 239.486698 	 268.183937
   47 	 238.901040 	 239.193869 	 268.183937
   48 	 2.646732 	 236.538497 	 238.901040
   49 	 238.901040 	 238.901040 	 238.901040
 