   0 	 0.000301 	 0.017480 	 0.453150
    1 	 0.002775 	 0.159484 	 0.989255
    2 	 0.007317 	 0.379353 	 0.989255
    3 	 0.082921 	 0.517209 	 1.041578
    4 	 0.081834 	 0.610431 	 1.041578
    5 	 0.001502 	 0.664998 	 1.051898
    6 	 0.361176 	 0.807875 	 2.475125
    7 	 0.046681 	 0.891581 	 2.475125
    8 	 0.001439 	 1.068332 	 2.475125
    9 	 0.082921 	 1.377296 	 2.539448
   10 	 0.001439 	 1.696126 	 2.475125
   11 	 0.077133 	 1.973510 	 2.475125
   12 	 0.069695 	 2.119181 	 2.475125
   13 	 0.989255 	 2.445408 	 2.475125
   14 	 0.989255 	 2.460266 	 2.475125
   15 	 2.475125 	 2.475125 	 2.475125
   16 	 2.475125 	 2.475125 	 2.475125
   17 	 2.475125 	 2.475125 	 2.475125
   18 	 2.475125 	 2.475125 	 2.475125
   19 	 2.475125 	 2.865036 	 41.466230
   20 	 2.475125 	 10.273346 	 41.466230
   21 	 2.475125 	 33.668009 	 41.466230
   22 	 2.475125 	 39.516675 	 41.466230
   23 	 41.466230 	 41.466230 	 41.466230
   24 	 1.757208 	 41.077132 	 42.265410
   25 	 41.466230 	 41.474222 	 42.265410
   26 	 0.213244 	 41.061692 	 42.265410
   27 	 41.466230 	 41.482214 	 42.265410
   28 	 41.466230 	 41.474222 	 42.265410
   29 	 41.466230 	 41.490205 	 42.265410
   30 	 41.466230 	 41.466230 	 41.466230
   31 	 41.466230 	 41.466230 	 41.466230
   32 	 41.466230 	 41.466230 	 41.466230
   33 	 41.466230 	 41.466230 	 41.466230
   34 	 41.466230 	 41.466230 	 41.466230
   35 	 41.466230 	 41.466230 	 41.466230
   36 	 41.466230 	 41.466230 	 41.466230
   37 	 41.466230 	 41.466230 	 41.466230
   38 	 41.466230 	 41.466230 	 41.466230
   39 	 41.466230 	 41.466230 	 41.466230
   40 	 41.466230 	 41.466230 	 41.466230
   41 	 0.001111 	 41.051579 	 41.466230
   42 	 41.466230 	 41.466230 	 41.466230
   43 	 23.292644 	 41.773990 	 90.415835
   44 	 23.292644 	 42.263486 	 90.415835
   45 	 41.466230 	 43.056650 	 90.415835
   46 	 41.466230 	 42.934718 	 90.415835
   47 	 35.648070 	 46.914436 	 90.415835
   48 	 41.466230 	 50.399090 	 90.415835
   49 	 41.466230 	 56.762539 	 90.415835
 