   0 	 0.000293 	 0.036840 	 1.423488
    1 	 0.001458 	 0.616383 	 1.423488
    2 	 0.017907 	 1.211208 	 1.561918
    3 	 0.428618 	 1.383693 	 1.423488
    4 	 0.083686 	 1.413805 	 2.789898
    5 	 0.428618 	 1.454531 	 2.789898
    6 	 1.423488 	 1.519136 	 2.789898
    7 	 1.423488 	 1.601121 	 2.789898
    8 	 1.423488 	 1.669441 	 2.789898
    9 	 1.423488 	 1.737762 	 2.789898
   10 	 1.381025 	 1.873978 	 2.789898
   11 	 1.423488 	 2.229670 	 2.789898
   12 	 1.423488 	 2.475624 	 2.789898
   13 	 1.423488 	 2.612265 	 2.789898
   14 	 1.423488 	 2.680585 	 2.789898
   15 	 1.423488 	 2.721578 	 2.789898
   16 	 1.423488 	 2.748906 	 2.789898
   17 	 1.423488 	 2.748906 	 2.789898
   18 	 2.789898 	 2.789898 	 2.789898
   19 	 2.789898 	 2.789898 	 2.789898
   20 	 2.789898 	 2.789898 	 2.789898
   21 	 2.789898 	 2.789983 	 2.798385
   22 	 2.789898 	 2.790068 	 2.798385
   23 	 1.423488 	 2.776574 	 2.798385
   24 	 0.034326 	 2.738049 	 2.798385
   25 	 2.789898 	 2.790068 	 2.798385
   26 	 2.789898 	 2.789983 	 2.798385
   27 	 2.789898 	 2.789983 	 2.798385
   28 	 2.789898 	 2.789983 	 2.798385
   29 	 2.313936 	 2.785393 	 2.798385
   30 	 2.789898 	 2.919590 	 15.742082
   31 	 2.789898 	 3.178549 	 15.742082
   32 	 2.789898 	 4.867106 	 15.742082
   33 	 2.789898 	 9.395597 	 15.742082
   34 	 2.789898 	 14.835429 	 15.742082
   35 	 2.789898 	 14.835429 	 15.742082
   36 	 2.789898 	 15.223994 	 15.742082
   37 	 0.134173 	 15.456481 	 15.742082
   38 	 0.134173 	 15.586003 	 15.742082
   39 	 15.742082 	 15.742390 	 15.772871
   40 	 15.742082 	 15.743313 	 15.772871
   41 	 15.742082 	 15.744237 	 15.772871
   42 	 15.742082 	 15.743621 	 15.772871
   43 	 11.350738 	 15.700631 	 15.772871
   44 	 11.350738 	 15.702479 	 15.772871
   45 	 11.350738 	 15.702787 	 15.772871
   46 	 15.742082 	 15.746700 	 15.772871
   47 	 15.742082 	 15.747316 	 15.772871
   48 	 15.742082 	 15.747624 	 15.772871
   49 	 15.742082 	 15.750395 	 15.772871
 