   0 	 0.000319 	 0.050955 	 1.810441
    1 	 0.000864 	 0.695442 	 1.810733
    2 	 0.005584 	 1.413450 	 14.167279
    3 	 0.101668 	 2.690999 	 14.167279
    4 	 0.528378 	 6.806881 	 14.167279
    5 	 1.810441 	 11.735052 	 14.167279
    6 	 1.810441 	 13.982170 	 14.167279
    7 	 11.090263 	 14.136509 	 14.167279
    8 	 2.639852 	 13.990464 	 14.167279
    9 	 11.090263 	 14.136509 	 14.167279
   10 	 0.973709 	 13.905608 	 14.167279
   11 	 8.411873 	 14.109725 	 14.167279
   12 	 14.167279 	 14.167279 	 14.167279
   13 	 14.167279 	 14.167279 	 14.167279
   14 	 14.167279 	 14.167279 	 14.167279
   15 	 14.167279 	 14.167279 	 14.167279
   16 	 14.167279 	 14.167279 	 14.167279
   17 	 14.167279 	 14.167279 	 14.167279
   18 	 14.167279 	 14.167279 	 14.167279
   19 	 14.167279 	 14.167279 	 14.167279
   20 	 14.167279 	 14.167279 	 14.167279
   21 	 13.171415 	 14.155764 	 14.167279
   22 	 13.171415 	 14.157320 	 14.167279
   23 	 0.420292 	 14.029809 	 14.167279
   24 	 12.431443 	 14.149920 	 14.167279
   25 	 12.431443 	 14.149920 	 14.167279
   26 	 14.167279 	 14.167279 	 14.167279
   27 	 14.167279 	 14.167279 	 14.167279
   28 	 1.226482 	 14.037871 	 14.167279
   29 	 10.153399 	 14.127140 	 14.167279
   30 	 10.153399 	 14.046862 	 14.167279
   31 	 10.153399 	 14.127140 	 14.167279
   32 	 10.153399 	 14.012742 	 14.185165
   33 	 10.153399 	 14.052702 	 14.167279
   34 	 10.153399 	 14.127140 	 14.167279
   35 	 10.153399 	 14.127140 	 14.167279
   36 	 14.167279 	 14.167279 	 14.167279
   37 	 14.167279 	 14.167279 	 14.167279
   38 	 14.167279 	 14.167279 	 14.167279
   39 	 14.167279 	 14.167279 	 14.167279
   40 	 14.167279 	 14.167279 	 14.167279
   41 	 14.167279 	 14.167279 	 14.167279
   42 	 14.167279 	 14.167279 	 14.167279
   43 	 14.167279 	 14.167279 	 14.167279
   44 	 14.167279 	 14.167279 	 14.167279
   45 	 14.167279 	 14.253129 	 22.752270
   46 	 14.167279 	 14.424829 	 22.752270
   47 	 0.009067 	 14.155642 	 22.752270
   48 	 14.167279 	 14.424829 	 22.752270
   49 	 14.167279 	 14.768228 	 22.752270
 