   0 	 0.000435 	 0.044595 	 0.612164
    1 	 0.002019 	 0.480308 	 14.518995
    2 	 0.019900 	 4.302876 	 15.463529
    3 	 0.036511 	 12.273628 	 15.463529
    4 	 4.499735 	 14.474039 	 15.463529
    5 	 4.499735 	 14.510369 	 15.463529
    6 	 4.499735 	 14.472679 	 15.463529
    7 	 13.481268 	 14.611585 	 15.463529
    8 	 13.481268 	 14.562082 	 15.463529
    9 	 10.268038 	 14.568663 	 15.463529
   10 	 13.481268 	 14.538625 	 15.463529
   11 	 13.481268 	 14.575887 	 15.463529
   12 	 13.481268 	 14.660263 	 15.463529
   13 	 14.518995 	 14.708942 	 15.463529
   14 	 14.518995 	 14.728872 	 15.463529
   15 	 11.727519 	 14.682175 	 15.463529
   16 	 13.481268 	 14.691199 	 15.463529
   17 	 0.077190 	 14.525918 	 15.463529
   18 	 13.481268 	 14.573499 	 15.463529
   19 	 13.481268 	 14.575883 	 15.463529
   20 	 0.306396 	 14.490733 	 15.463529
   21 	 6.205632 	 14.458006 	 15.463529
   22 	 6.205632 	 14.375393 	 15.463529
   23 	 0.140503 	 14.249054 	 15.463529
   24 	 13.481268 	 14.586260 	 15.463529
   25 	 13.481268 	 14.567890 	 15.463529
   26 	 13.481268 	 14.538514 	 15.463529
   27 	 14.518995 	 14.558856 	 15.463529
   28 	 14.518995 	 14.559376 	 15.463529
   29 	 14.518995 	 14.549411 	 15.463529
   30 	 14.518995 	 14.550451 	 15.463529
   31 	 1.721540 	 14.253100 	 15.463529
   32 	 7.184145 	 14.457172 	 15.463529
   33 	 7.184145 	 14.458212 	 15.463529
   34 	 14.518995 	 14.521075 	 14.570987
   35 	 14.518995 	 14.520035 	 14.570987
   36 	 0.001885 	 14.375904 	 14.570987
   37 	 14.518995 	 14.521075 	 14.570987
   38 	 14.518995 	 14.521595 	 14.570987
   39 	 14.518995 	 14.521075 	 14.570987
   40 	 14.518995 	 14.519515 	 14.570987
   41 	 14.518995 	 14.519515 	 14.570987
   42 	 7.184145 	 14.446167 	 14.570987
   43 	 14.518995 	 14.520035 	 14.570987
   44 	 0.039536 	 14.375240 	 14.570987
   45 	 14.518995 	 14.518995 	 14.518995
   46 	 14.518995 	 14.531160 	 15.735520
   47 	 14.518995 	 14.518995 	 14.518995
   48 	 14.518995 	 14.518995 	 14.518995
   49 	 14.518995 	 14.536875 	 16.307018
 