   0 	 0.000291 	 0.066496 	 1.586105
    1 	 0.002247 	 0.671516 	 1.586105
    2 	 0.025793 	 1.210749 	 2.120324
    3 	 0.004753 	 1.418496 	 2.120324
    4 	 0.331606 	 1.550311 	 2.120324
    5 	 0.331606 	 1.567303 	 2.120324
    6 	 0.892482 	 1.580209 	 2.120324
    7 	 1.255557 	 1.598026 	 2.120324
    8 	 1.255557 	 1.587418 	 1.900857
    9 	 1.255557 	 1.583416 	 1.900857
   10 	 1.255557 	 1.584112 	 1.828516
   11 	 1.542924 	 1.622003 	 5.230688
   12 	 1.542924 	 1.655212 	 5.230688
   13 	 1.542924 	 1.766086 	 5.230688
   14 	 1.542924 	 2.094962 	 5.230688
   15 	 1.542924 	 2.931387 	 5.230688
   16 	 1.542924 	 3.770747 	 5.230688
   17 	 1.586105 	 4.829784 	 5.230688
   18 	 1.586105 	 5.056986 	 6.296833
   19 	 1.586105 	 5.194242 	 5.230688
   20 	 5.230688 	 5.230688 	 5.230688
   21 	 5.211715 	 5.230498 	 5.230688
   22 	 5.211715 	 5.230309 	 5.230688
   23 	 5.211715 	 5.230309 	 5.230688
   24 	 5.211715 	 5.230498 	 5.230688
   25 	 5.211715 	 5.230498 	 5.230688
   26 	 5.211715 	 5.230119 	 5.230688
   27 	 1.672852 	 5.194541 	 5.230688
   28 	 5.211715 	 5.229739 	 5.230688
   29 	 5.211715 	 5.229170 	 5.230688
   30 	 0.213275 	 5.179565 	 5.230688
   31 	 5.211715 	 5.229929 	 5.230688
   32 	 5.154335 	 5.229166 	 5.230688
   33 	 5.211715 	 5.230309 	 5.230688
   34 	 5.211715 	 5.240780 	 6.296833
   35 	 5.211715 	 5.240780 	 6.296833
   36 	 5.211715 	 5.250683 	 6.296833
   37 	 5.211715 	 5.282667 	 6.296833
   38 	 5.211715 	 5.324934 	 6.296833
   39 	 5.211715 	 5.367959 	 6.296833
   40 	 0.280664 	 5.308177 	 6.296833
   41 	 1.586105 	 5.418675 	 14.975072
   42 	 5.211715 	 5.778135 	 14.975072
   43 	 0.044856 	 6.159457 	 14.975072
   44 	 5.230688 	 6.838624 	 14.975072
   45 	 5.230688 	 7.759755 	 14.975072
   46 	 5.230688 	 10.380078 	 14.975072
   47 	 5.230688 	 12.353259 	 14.975072
   48 	 5.230688 	 13.577383 	 14.975072
   49 	 5.230688 	 14.151385 	 14.975072
 