   0 	 0.000322 	 0.015895 	 0.456980
    1 	 0.001251 	 0.171744 	 0.606638
    2 	 0.005299 	 0.365503 	 0.661184
    3 	 0.108569 	 0.459840 	 0.661184
    4 	 0.295544 	 0.487037 	 0.661184
    5 	 0.298475 	 0.490438 	 0.661184
    6 	 0.298475 	 0.500731 	 0.661184
    7 	 0.320289 	 0.519752 	 0.661184
    8 	 0.369310 	 0.527040 	 0.661184
    9 	 0.420869 	 0.550538 	 0.661184
   10 	 0.455452 	 0.571484 	 0.661890
   11 	 0.456980 	 0.559568 	 0.661890
   12 	 0.435549 	 0.572964 	 0.661890
   13 	 0.435549 	 0.596948 	 0.663645
   14 	 0.435549 	 0.610456 	 0.663645
   15 	 0.435549 	 0.605936 	 0.663645
   16 	 0.435549 	 0.610747 	 0.662242
   17 	 0.435919 	 0.624470 	 0.663645
   18 	 0.435919 	 0.634793 	 0.663645
   19 	 0.456980 	 0.647094 	 1.147527
   20 	 0.002303 	 0.652333 	 1.147527
   21 	 0.457746 	 0.670960 	 1.146463
   22 	 0.457746 	 0.664263 	 1.146463
   23 	 0.457746 	 0.669168 	 1.146463
   24 	 0.576827 	 0.680925 	 1.146463
   25 	 0.576827 	 0.704804 	 1.150716
   26 	 0.576827 	 0.733150 	 1.150716
   27 	 0.576002 	 0.769301 	 1.150716
   28 	 0.511745 	 0.828525 	 1.150716
   29 	 0.028008 	 0.876944 	 1.150716
   30 	 0.638416 	 0.970434 	 1.150716
   31 	 0.638416 	 1.039213 	 1.150716
   32 	 0.660831 	 1.106647 	 1.150716
   33 	 0.661184 	 1.120586 	 1.150716
   34 	 0.661184 	 1.130875 	 1.150716
   35 	 1.077372 	 1.144817 	 1.150716
   36 	 0.916268 	 1.141910 	 1.150716
   37 	 0.916268 	 1.136483 	 1.150716
   38 	 0.916268 	 1.134552 	 1.150716
   39 	 0.916268 	 1.139177 	 1.150716
   40 	 0.915229 	 1.137659 	 1.150716
   41 	 0.915229 	 1.139897 	 1.150716
   42 	 0.915229 	 1.142167 	 1.150716
   43 	 0.915229 	 1.144395 	 1.150716
   44 	 0.915229 	 1.142093 	 1.150716
   45 	 0.915229 	 1.141976 	 1.150716
   46 	 0.320815 	 1.131321 	 1.150716
   47 	 0.916268 	 1.142323 	 1.181185
   48 	 0.916268 	 1.148829 	 1.590966
   49 	 0.916268 	 1.153274 	 1.590966
 