   0 	 0.000344 	 0.035895 	 1.247971
    1 	 0.000628 	 0.564430 	 1.247971
    2 	 0.003624 	 1.135681 	 4.870151
    3 	 0.326059 	 1.670889 	 4.870151
    4 	 1.242983 	 2.734237 	 4.870151
    5 	 1.247971 	 3.896274 	 4.870151
    6 	 1.247971 	 4.499202 	 4.870151
    7 	 1.247971 	 4.638484 	 4.870151
    8 	 1.247971 	 4.696418 	 4.870151
    9 	 4.146411 	 4.732640 	 4.870151
   10 	 4.146411 	 4.768827 	 4.870151
   11 	 0.891832 	 4.757994 	 4.870151
   12 	 4.146411 	 4.805014 	 4.870151
   13 	 4.146411 	 4.819489 	 4.870151
   14 	 4.146411 	 4.849978 	 5.747785
   15 	 4.146411 	 4.886144 	 5.747785
   16 	 0.032819 	 4.830056 	 5.284055
   17 	 4.870151 	 4.874290 	 5.284055
   18 	 0.002306 	 4.825611 	 5.284055
   19 	 4.870151 	 4.870151 	 4.870151
   20 	 4.870151 	 4.870151 	 4.870151
   21 	 4.786236 	 4.920553 	 9.994282
   22 	 4.870151 	 5.135134 	 9.994282
   23 	 4.870151 	 5.331323 	 9.994282
   24 	 4.870151 	 5.894977 	 9.994282
   25 	 0.034926 	 6.768968 	 9.994282
   26 	 4.870151 	 7.790905 	 9.994282
   27 	 4.870151 	 8.662008 	 9.994282
   28 	 0.295060 	 9.077429 	 9.994282
   29 	 4.870151 	 9.314988 	 9.994282
   30 	 4.870151 	 9.827401 	 9.994282
   31 	 4.870151 	 9.840558 	 9.994282
   32 	 4.870151 	 9.891799 	 9.994282
   33 	 4.870151 	 9.943040 	 9.994282
   34 	 9.994282 	 9.994282 	 9.994282
   35 	 3.323860 	 9.927577 	 9.994282
   36 	 3.323860 	 9.927577 	 9.994282
   37 	 9.994282 	 9.994282 	 9.994282
   38 	 9.994282 	 9.994282 	 9.994282
   39 	 9.994282 	 9.994282 	 9.994282
   40 	 1.699220 	 9.911331 	 9.994282
   41 	 1.699220 	 9.911331 	 9.994282
   42 	 3.323860 	 9.927577 	 9.994282
   43 	 0.431442 	 9.898653 	 9.994282
   44 	 0.431442 	 9.898653 	 9.994282
   45 	 9.994282 	 10.015699 	 12.135985
   46 	 9.994282 	 10.037116 	 12.135985
   47 	 9.994282 	 10.058533 	 12.135985
   48 	 0.181985 	 10.091137 	 18.783570
   49 	 9.994282 	 10.189260 	 18.783570
 