   0 	 0.000294 	 0.045243 	 1.632773
    1 	 0.000480 	 0.731616 	 3.767840
    2 	 0.025401 	 1.553293 	 4.450799
    3 	 0.007344 	 1.730407 	 3.767840
    4 	 0.007099 	 1.996624 	 4.189446
    5 	 0.008658 	 2.438420 	 4.189446
    6 	 1.527550 	 3.474925 	 57.630164
    7 	 0.008658 	 10.643946 	 57.630164
    8 	 1.632773 	 44.126045 	 57.630164
    9 	 3.767840 	 56.552918 	 57.630164
   10 	 3.767840 	 57.328355 	 81.311601
   11 	 13.735354 	 57.428031 	 81.311601
   12 	 57.630164 	 58.340607 	 81.311601
   13 	 57.630164 	 58.340607 	 81.311601
   14 	 0.014423 	 58.225856 	 81.311601
   15 	 37.856957 	 59.090133 	 81.311601
   16 	 37.856957 	 60.037390 	 81.311601
   17 	 37.856957 	 60.786916 	 81.311601
   18 	 37.856957 	 62.642348 	 81.311601
   19 	 37.856957 	 64.536863 	 81.311601
   20 	 37.856957 	 66.233646 	 81.311601
   21 	 57.630164 	 68.286811 	 81.311601
   22 	 57.630164 	 68.523625 	 81.311601
   23 	 57.630164 	 71.128583 	 81.311601
   24 	 0.009649 	 70.315564 	 81.311601
   25 	 57.630164 	 76.575314 	 81.311601
   26 	 57.630164 	 76.403790 	 81.311601
   27 	 57.630164 	 78.112651 	 86.427674
   28 	 57.630164 	 78.349466 	 86.427674
   29 	 57.630164 	 79.890715 	 81.311601
   30 	 57.630164 	 81.155312 	 89.364162
   31 	 57.630164 	 80.601158 	 81.311601
   32 	 57.630164 	 80.825794 	 81.311601
   33 	 57.630164 	 81.074787 	 81.311601
   34 	 57.630164 	 81.074787 	 81.311601
   35 	 0.553910 	 80.267210 	 81.311601
   36 	 81.311601 	 81.311601 	 81.311601
   37 	 81.311601 	 81.311601 	 81.311601
   38 	 81.311601 	 81.311601 	 81.311601
   39 	 81.311601 	 81.311601 	 81.311601
   40 	 81.311601 	 81.311601 	 81.311601
   41 	 81.311601 	 81.311601 	 81.311601
   42 	 81.311601 	 81.311601 	 81.311601
   43 	 81.311601 	 81.311601 	 81.311601
   44 	 81.311601 	 82.725474 	 222.698892
   45 	 81.311601 	 88.380966 	 222.698892
   46 	 0.159831 	 101.708177 	 222.698892
   47 	 0.082201 	 128.570986 	 222.698892
   48 	 81.311601 	 170.385594 	 222.698892
   49 	 81.311601 	 201.490798 	 222.698892
 