   0 	 0.000308 	 0.085408 	 5.027908
    1 	 0.003402 	 2.875738 	 6.090275
    2 	 0.405462 	 4.725863 	 6.090275
    3 	 0.890550 	 5.033898 	 6.090275
    4 	 0.890550 	 4.946800 	 6.090275
    5 	 1.712506 	 5.086785 	 6.090275
    6 	 2.739388 	 5.034507 	 6.090275
    7 	 2.739388 	 5.120182 	 6.090275
    8 	 1.392487 	 5.052589 	 6.090275
    9 	 3.028842 	 5.141905 	 6.090275
   10 	 0.371833 	 5.016884 	 6.090275
   11 	 0.371833 	 5.093013 	 6.090275
   12 	 3.028842 	 5.097491 	 6.090275
   13 	 0.000742 	 5.020569 	 6.090275
   14 	 0.371833 	 4.966905 	 6.090275
   15 	 0.371833 	 5.060135 	 7.540901
   16 	 1.392487 	 5.261654 	 13.524140
   17 	 0.000706 	 5.096290 	 13.524140
   18 	 3.028842 	 5.670572 	 13.524140
   19 	 0.000719 	 6.041353 	 13.524140
   20 	 0.385695 	 6.370088 	 13.524140
   21 	 0.005224 	 7.083417 	 13.524140
   22 	 0.000742 	 8.258492 	 13.524140
   23 	 0.006646 	 9.877899 	 13.524140
   24 	 3.028842 	 11.385188 	 13.524140
   25 	 3.028842 	 12.491025 	 13.524140
   26 	 5.027908 	 13.034462 	 13.524140
   27 	 5.027908 	 13.188965 	 13.524140
   28 	 5.027908 	 13.113902 	 13.524140
   29 	 11.022022 	 13.198864 	 13.524140
   30 	 11.022022 	 13.248907 	 13.524140
   31 	 11.022022 	 13.273928 	 13.524140
   32 	 11.022022 	 13.372108 	 13.524140
   33 	 11.022022 	 13.399034 	 13.524140
   34 	 2.891943 	 13.267691 	 13.524140
   35 	 11.022022 	 13.399034 	 13.524140
   36 	 11.022022 	 13.399034 	 13.524140
   37 	 11.022022 	 13.499118 	 13.524140
   38 	 13.524140 	 13.524140 	 13.524140
   39 	 13.524140 	 13.524140 	 13.524140
   40 	 13.524140 	 13.524140 	 13.524140
   41 	 0.034483 	 13.460763 	 20.676109
   42 	 13.524140 	 13.524140 	 13.524140
   43 	 13.524140 	 13.524140 	 13.524140
   44 	 1.004478 	 13.273746 	 13.524140
   45 	 13.524140 	 13.524140 	 13.524140
   46 	 13.524140 	 13.524140 	 13.524140
   47 	 13.524140 	 13.524140 	 13.524140
   48 	 13.524140 	 13.524140 	 13.524140
   49 	 13.524140 	 13.524140 	 13.524140
 