   0 	 0.000275 	 0.090846 	 3.463551
    1 	 0.001155 	 1.569679 	 3.463551
    2 	 0.004610 	 2.860528 	 10.124628
    3 	 0.004254 	 3.490067 	 10.124628
    4 	 2.256667 	 4.070494 	 12.527394
    5 	 1.590611 	 7.567540 	 219.247160
    6 	 1.590611 	 73.442204 	 499.734516
    7 	 1.065588 	 249.508423 	 1492.768804
    8 	 0.004616 	 389.961908 	 1492.768804
    9 	 219.247160 	 655.564768 	 1492.768804
   10 	 219.247160 	 1073.342671 	 1492.768804
   11 	 219.247160 	 1309.928607 	 1492.768804
   12 	 499.734516 	 1443.117090 	 1492.768804
   13 	 1492.768804 	 1492.768804 	 1492.768804
   14 	 1492.768804 	 1492.768804 	 1492.768804
   15 	 1492.768804 	 1492.768804 	 1492.768804
   16 	 1492.768804 	 1492.768804 	 1492.768804
   17 	 86.496690 	 1478.706083 	 1492.768804
   18 	 1492.768804 	 1492.768804 	 1492.768804
   19 	 1492.768804 	 1492.768804 	 1492.768804
   20 	 1492.768804 	 1492.768804 	 1492.768804
   21 	 1492.768804 	 1492.768804 	 1492.768804
   22 	 1492.768804 	 1492.768804 	 1492.768804
   23 	 10.323295 	 1477.944349 	 1492.768804
   24 	 10.323295 	 1477.944349 	 1492.768804
   25 	 1492.768804 	 1492.768804 	 1492.768804
   26 	 1492.768804 	 1492.768804 	 1492.768804
   27 	 1492.768804 	 1492.768804 	 1492.768804
   28 	 0.999906 	 1477.851115 	 1492.768804
   29 	 86.496690 	 1478.706083 	 1492.768804
   30 	 43.107357 	 1478.272190 	 1492.768804
   31 	 1492.768804 	 1492.768804 	 1492.768804
   32 	 1492.768804 	 1492.768804 	 1492.768804
   33 	 590.237379 	 1483.743490 	 1492.768804
   34 	 0.004574 	 1468.815847 	 1492.768804
   35 	 1492.768804 	 1492.768804 	 1492.768804
   36 	 1492.768804 	 1492.768804 	 1492.768804
   37 	 1492.768804 	 1492.768804 	 1492.768804
   38 	 1492.768804 	 1492.768804 	 1492.768804
   39 	 1492.768804 	 1492.768804 	 1492.768804
   40 	 1492.768804 	 1492.768804 	 1492.768804
   41 	 1492.768804 	 1492.768804 	 1492.768804
   42 	 1492.768804 	 1492.768804 	 1492.768804
   43 	 1492.768804 	 1492.768804 	 1492.768804
   44 	 1492.768804 	 1492.768804 	 1492.768804
   45 	 0.405596 	 1477.845172 	 1492.768804
   46 	 1492.768804 	 1492.768804 	 1492.768804
   47 	 1492.768804 	 1492.768804 	 1492.768804
   48 	 590.237379 	 1483.743490 	 1492.768804
   49 	 1492.768804 	 1492.768804 	 1492.768804
 