   0 	 0.000291 	 0.274272 	 22.163108
    1 	 0.000573 	 16.968582 	 22.163108
    2 	 0.002338 	 21.547698 	 22.163108
    3 	 21.948584 	 22.160963 	 22.163108
    4 	 21.948584 	 22.158818 	 22.163108
    5 	 1.407429 	 21.918643 	 22.163108
    6 	 0.047608 	 21.654929 	 22.163108
    7 	 18.686830 	 22.119764 	 22.163108
    8 	 21.948584 	 22.158818 	 22.163108
    9 	 22.163108 	 22.163108 	 22.163108
   10 	 22.163108 	 22.163108 	 22.163108
   11 	 0.041300 	 21.941890 	 22.163108
   12 	 22.163108 	 22.163108 	 22.163108
   13 	 22.163108 	 22.163108 	 22.163108
   14 	 22.163108 	 22.163108 	 22.163108
   15 	 22.163108 	 22.163108 	 22.163108
   16 	 2.163753 	 21.767731 	 22.163108
   17 	 22.163108 	 22.163108 	 22.163108
   18 	 2.163753 	 21.963114 	 22.163108
   19 	 22.092112 	 22.162398 	 22.163108
   20 	 22.092112 	 22.162398 	 22.163108
   21 	 1.056814 	 21.951335 	 22.163108
   22 	 22.092112 	 22.161688 	 22.163108
   23 	 2.624727 	 21.967014 	 22.163108
   24 	 22.092112 	 22.162398 	 22.163108
   25 	 22.092112 	 22.162398 	 22.163108
   26 	 2.624727 	 22.563087 	 81.699346
   27 	 2.071593 	 25.534367 	 81.699346
   28 	 1.407429 	 32.076712 	 81.699346
   29 	 22.163108 	 48.954415 	 81.699346
   30 	 1.889074 	 67.803271 	 81.699346
   31 	 0.009695 	 77.310276 	 81.699346
   32 	 81.699346 	 81.699346 	 81.699346
   33 	 81.699346 	 81.699346 	 81.699346
   34 	 31.172070 	 81.194074 	 81.699346
   35 	 48.638132 	 81.368734 	 81.699346
   36 	 48.638132 	 81.368734 	 81.699346
   37 	 81.699346 	 81.699346 	 81.699346
   38 	 81.699346 	 81.699346 	 81.699346
   39 	 0.051040 	 79.466749 	 81.699346
   40 	 81.699346 	 81.699346 	 81.699346
   41 	 81.699346 	 81.699346 	 81.699346
   42 	 0.535998 	 80.887713 	 81.699346
   43 	 81.699346 	 81.699346 	 81.699346
   44 	 81.699346 	 81.699346 	 81.699346
   45 	 0.142940 	 80.070710 	 81.699346
   46 	 81.699346 	 81.699346 	 81.699346
   47 	 39.135880 	 81.273712 	 81.699346
   48 	 39.135880 	 81.273712 	 81.699346
   49 	 39.135880 	 81.273712 	 81.699346
 