   0 	 0.000311 	 0.042454 	 2.272587
    1 	 0.003221 	 1.241998 	 2.728984
    2 	 1.708211 	 2.254749 	 2.728984
    3 	 1.708211 	 2.274683 	 2.728984
    4 	 1.708211 	 2.272832 	 2.728984
    5 	 1.708211 	 2.272886 	 2.728984
    6 	 1.250058 	 2.279448 	 2.728984
    7 	 2.272587 	 2.291925 	 2.728984
    8 	 2.272587 	 2.292659 	 2.728984
    9 	 2.272587 	 2.291925 	 2.728984
   10 	 2.272587 	 2.310181 	 2.728984
   11 	 1.873327 	 2.323364 	 2.833683
   12 	 1.873327 	 2.357595 	 2.833683
   13 	 1.873327 	 2.345008 	 2.833683
   14 	 1.873327 	 2.334636 	 2.833683
   15 	 1.873327 	 2.350683 	 2.833683
   16 	 1.873327 	 2.360161 	 2.833683
   17 	 1.749872 	 2.414976 	 2.833683
   18 	 2.136351 	 2.425774 	 2.833683
   19 	 2.225728 	 2.429861 	 2.833683
   20 	 2.272587 	 2.447578 	 2.833683
   21 	 1.873327 	 2.466095 	 2.919210
   22 	 1.873327 	 2.495865 	 2.833683
   23 	 1.873327 	 2.515710 	 2.833683
   24 	 1.749872 	 2.547803 	 2.833683
   25 	 2.272587 	 2.556104 	 2.833683
   26 	 1.749872 	 2.583161 	 2.833683
   27 	 1.749872 	 2.642636 	 2.833683
   28 	 2.272587 	 2.670675 	 2.833683
   29 	 2.272587 	 2.672690 	 2.833683
   30 	 2.272587 	 2.675573 	 2.833683
   31 	 1.749872 	 2.704496 	 2.833683
   32 	 2.272587 	 2.709922 	 2.833683
   33 	 2.272587 	 2.746954 	 2.833683
   34 	 2.272587 	 2.740982 	 2.870976
   35 	 0.039938 	 2.734403 	 2.870976
   36 	 2.272587 	 2.763836 	 2.870976
   37 	 2.272587 	 2.789676 	 2.833683
   38 	 2.272587 	 2.796334 	 2.833683
   39 	 0.039938 	 2.773465 	 2.833683
   40 	 0.970758 	 2.791397 	 2.833683
   41 	 0.130368 	 2.791579 	 2.833683
   42 	 0.098329 	 2.796998 	 2.833683
   43 	 2.728984 	 2.823213 	 2.833683
   44 	 2.691402 	 2.821791 	 2.833683
   45 	 2.609767 	 2.820407 	 2.919210
   46 	 2.609767 	 2.824219 	 2.919210
   47 	 2.609767 	 2.816664 	 2.919210
   48 	 2.609767 	 2.815195 	 2.919210
   49 	 2.609767 	 2.805420 	 2.919210
 