   0 	 0.000329 	 0.034482 	 0.694169
    1 	 0.002622 	 0.356967 	 0.694169
    2 	 0.001109 	 0.539727 	 0.694169
    3 	 0.002131 	 0.622524 	 0.694169
    4 	 0.130403 	 0.669609 	 1.841666
    5 	 0.018203 	 0.674428 	 1.841666
    6 	 0.017401 	 0.670111 	 1.841666
    7 	 0.022538 	 0.748914 	 6.853878
    8 	 0.001086 	 1.223356 	 6.853878
    9 	 0.452062 	 3.415387 	 13.412819
   10 	 0.694169 	 6.418978 	 13.412819
   11 	 1.841666 	 7.298029 	 13.412819
   12 	 6.853878 	 7.741688 	 13.412819
   13 	 6.853878 	 8.980002 	 22.227584
   14 	 6.853878 	 10.521086 	 22.227584
   15 	 5.810969 	 11.869113 	 22.227584
   16 	 6.853878 	 13.478865 	 22.227584
   17 	 6.853878 	 14.882972 	 22.227584
   18 	 0.008357 	 15.204233 	 22.227584
   19 	 4.165716 	 16.611052 	 22.227584
   20 	 5.266341 	 17.408704 	 22.227584
   21 	 13.412819 	 19.054269 	 22.227584
   22 	 0.036046 	 19.845507 	 22.227584
   23 	 13.412819 	 20.640927 	 22.227584
   24 	 0.030221 	 20.595248 	 22.227584
   25 	 13.412819 	 21.257960 	 22.227584
   26 	 13.412819 	 21.850236 	 28.566577
   27 	 13.412819 	 21.850236 	 28.566577
   28 	 21.037952 	 22.405858 	 28.566577
   29 	 1.665572 	 21.994839 	 28.566577
   30 	 1.665572 	 21.994839 	 28.566577
   31 	 22.227584 	 22.227584 	 22.227584
   32 	 22.227584 	 22.227584 	 22.227584
   33 	 22.227584 	 22.227584 	 22.227584
   34 	 13.176088 	 22.137069 	 22.227584
   35 	 22.227584 	 22.227584 	 22.227584
   36 	 8.307928 	 22.088388 	 22.227584
   37 	 22.227584 	 22.227584 	 22.227584
   38 	 22.227584 	 22.227584 	 22.227584
   39 	 22.227584 	 22.227584 	 22.227584
   40 	 22.227584 	 22.227584 	 22.227584
   41 	 22.227584 	 22.227584 	 22.227584
   42 	 2.146599 	 22.026775 	 22.227584
   43 	 22.227584 	 22.227584 	 22.227584
   44 	 22.227584 	 22.227584 	 22.227584
   45 	 22.227584 	 22.227584 	 22.227584
   46 	 22.227584 	 22.227584 	 22.227584
   47 	 21.037952 	 22.215688 	 22.227584
   48 	 21.037952 	 22.215688 	 22.227584
   49 	 22.227584 	 22.227584 	 22.227584
 