   0 	 0.000353 	 0.045036 	 1.291628
    1 	 0.003931 	 0.758581 	 11.380804
    2 	 0.001006 	 2.155104 	 11.380804
    3 	 0.000986 	 5.970470 	 17.419196
    4 	 0.002330 	 10.216836 	 17.419196
    5 	 2.140399 	 12.124875 	 58.101512
    6 	 10.845908 	 15.583780 	 58.101512
    7 	 11.380804 	 26.334892 	 58.101512
    8 	 11.380804 	 45.954128 	 58.101512
    9 	 1.090191 	 52.859328 	 58.101512
   10 	 11.380804 	 57.167098 	 58.101512
   11 	 11.380804 	 57.634305 	 58.101512
   12 	 58.101512 	 58.101512 	 58.101512
   13 	 0.002354 	 57.520520 	 58.101512
   14 	 0.169461 	 57.522191 	 58.101512
   15 	 58.101512 	 58.101512 	 58.101512
   16 	 58.101512 	 58.101512 	 58.101512
   17 	 58.101512 	 58.101512 	 58.101512
   18 	 56.833501 	 58.191912 	 68.409559
   19 	 56.833501 	 58.088832 	 58.101512
   20 	 58.101512 	 58.101512 	 58.101512
   21 	 58.101512 	 58.101512 	 58.101512
   22 	 58.101512 	 58.101512 	 58.101512
   23 	 58.101512 	 58.200998 	 68.050097
   24 	 0.040173 	 57.719870 	 68.050097
   25 	 58.101512 	 58.101512 	 58.101512
   26 	 58.101512 	 58.101512 	 58.101512
   27 	 58.101512 	 58.101512 	 58.101512
   28 	 58.101512 	 58.101512 	 58.101512
   29 	 58.101512 	 58.101512 	 58.101512
   30 	 3.855430 	 57.559693 	 58.165723
   31 	 58.101512 	 58.102796 	 58.165723
   32 	 0.034237 	 57.521481 	 58.165723
   33 	 58.101512 	 58.102796 	 58.165723
   34 	 58.101512 	 58.103438 	 58.165723
   35 	 0.001010 	 57.274852 	 58.165723
   36 	 33.343390 	 57.838326 	 58.165723
   37 	 56.220026 	 58.067735 	 58.165723
   38 	 43.271581 	 57.899336 	 58.165723
   39 	 43.271581 	 57.899978 	 58.165723
   40 	 56.220026 	 58.028821 	 58.165723
   41 	 34.157606 	 57.806912 	 58.165723
   42 	 34.157606 	 57.676589 	 58.165723
   43 	 34.157606 	 57.437149 	 58.165723
   44 	 34.157606 	 57.456606 	 58.165723
   45 	 27.658496 	 57.649227 	 58.165723
   46 	 57.953356 	 58.101759 	 58.165723
   47 	 0.009785 	 57.518916 	 58.165723
   48 	 57.953356 	 58.099191 	 58.165723
   49 	 4.918122 	 57.566517 	 58.165723
 