   0 	 0.000305 	 0.056486 	 2.876501
    1 	 0.003344 	 1.401830 	 2.876501
    2 	 0.125539 	 2.687877 	 3.927122
    3 	 0.211975 	 2.822159 	 3.927122
    4 	 0.030790 	 2.834356 	 2.876501
    5 	 2.420249 	 2.867376 	 2.876501
    6 	 2.420249 	 2.862813 	 2.876501
    7 	 2.420249 	 2.858251 	 2.876501
    8 	 1.494351 	 2.853554 	 2.876501
    9 	 2.420249 	 2.871938 	 2.876501
   10 	 2.420249 	 2.871938 	 2.876501
   11 	 2.420249 	 2.867376 	 2.876501
   12 	 2.876501 	 2.876501 	 2.876501
   13 	 0.008911 	 2.819335 	 2.876501
   14 	 2.876501 	 2.878806 	 3.107020
   15 	 2.876501 	 2.878806 	 3.107020
   16 	 2.876501 	 2.881111 	 3.107020
   17 	 0.043373 	 2.850475 	 3.107020
   18 	 0.008911 	 2.847746 	 2.876501
   19 	 2.876501 	 2.876501 	 2.876501
   20 	 2.876501 	 2.879088 	 3.135191
   21 	 2.865293 	 2.876389 	 2.876501
   22 	 2.865293 	 2.876389 	 2.876501
   23 	 2.865293 	 2.876389 	 2.876501
   24 	 2.876501 	 2.876501 	 2.876501
   25 	 2.876501 	 2.876501 	 2.876501
   26 	 2.876501 	 2.876501 	 2.876501
   27 	 2.876501 	 2.879088 	 3.135191
   28 	 2.876501 	 2.876501 	 2.876501
   29 	 2.876501 	 2.890972 	 4.323669
   30 	 2.820136 	 2.933824 	 4.323669
   31 	 0.388219 	 2.931075 	 4.323669
   32 	 2.876501 	 3.064633 	 4.323669
   33 	 2.876501 	 3.180406 	 4.323669
   34 	 2.876501 	 3.194878 	 4.323669
   35 	 2.876501 	 3.279939 	 4.323669
   36 	 0.004467 	 3.354289 	 4.323669
   37 	 2.876501 	 3.527509 	 5.749074
   38 	 2.876501 	 3.729765 	 4.323669
   39 	 2.876501 	 3.831632 	 4.323669
   40 	 2.876501 	 3.990820 	 4.323669
   41 	 2.876501 	 4.034235 	 4.323669
   42 	 2.876501 	 4.106594 	 4.323669
   43 	 2.876501 	 4.135537 	 4.323669
   44 	 2.876501 	 4.207895 	 4.323669
   45 	 2.876501 	 4.279522 	 4.323669
   46 	 2.876501 	 4.279615 	 4.332942
   47 	 2.876501 	 4.294725 	 4.323669
   48 	 2.876501 	 4.309197 	 4.323669
   49 	 2.876501 	 4.309197 	 4.323669
 