   0 	 0.000304 	 0.122673 	 4.361922
    1 	 0.009718 	 2.474114 	 4.361922
    2 	 0.032077 	 4.062411 	 4.483647
    3 	 0.006821 	 4.165812 	 4.483647
    4 	 0.002428 	 4.239998 	 5.440399
    5 	 0.018992 	 4.150795 	 5.440399
    6 	 0.003305 	 3.906677 	 6.844561
    7 	 0.031805 	 4.222363 	 6.844561
    8 	 0.006856 	 4.090703 	 6.844561
    9 	 0.006857 	 4.434060 	 6.844561
   10 	 0.018992 	 4.263595 	 7.213651
   11 	 0.031857 	 4.753754 	 7.213651
   12 	 0.031857 	 5.122073 	 7.213651
   13 	 0.022376 	 5.159985 	 7.213651
   14 	 0.031805 	 5.608678 	 8.255899
   15 	 4.216100 	 6.249668 	 8.382244
   16 	 0.727633 	 6.326424 	 8.255899
   17 	 0.034195 	 6.188637 	 8.626228
   18 	 0.032316 	 6.265511 	 8.626228
   19 	 0.028471 	 6.377666 	 8.255899
   20 	 0.023508 	 6.577188 	 8.626228
   21 	 0.023508 	 6.633402 	 8.626228
   22 	 5.063050 	 6.874110 	 8.626228
   23 	 0.023428 	 6.750788 	 8.626228
   24 	 0.031852 	 6.629466 	 8.626228
   25 	 0.012236 	 6.832126 	 8.626228
   26 	 0.035608 	 6.863191 	 8.626228
   27 	 5.440399 	 7.057448 	 8.626228
   28 	 0.028901 	 7.069205 	 8.626228
   29 	 1.861264 	 7.310587 	 8.626228
   30 	 0.031712 	 7.221906 	 8.626228
   31 	 6.384497 	 7.510031 	 8.626228
   32 	 0.032316 	 7.364790 	 8.626228
   33 	 6.384497 	 7.457972 	 8.626228
   34 	 0.031723 	 7.037292 	 8.626228
   35 	 0.010061 	 7.267775 	 8.626228
   36 	 6.384497 	 7.502955 	 8.626228
   37 	 0.028901 	 7.412558 	 8.626228
   38 	 0.028785 	 7.179827 	 8.626228
   39 	 0.003246 	 6.947695 	 8.626228
   40 	 0.023428 	 7.647169 	 8.643416
   41 	 0.020824 	 7.596574 	 8.626228
   42 	 0.020819 	 7.721197 	 8.626228
   43 	 0.006826 	 7.974314 	 8.626228
   44 	 6.384497 	 8.222024 	 8.626228
   45 	 0.019028 	 7.969753 	 8.626228
   46 	 0.003250 	 8.060248 	 8.626228
   47 	 0.032316 	 8.185455 	 8.626228
   48 	 0.036210 	 8.214433 	 8.626228
   49 	 0.006859 	 7.992468 	 8.626228
 