   0 	 0.000339 	 0.026405 	 0.619963
    1 	 0.001475 	 0.208288 	 1.022487
    2 	 0.007772 	 0.472106 	 1.022487
    3 	 0.046750 	 0.632379 	 1.439114
    4 	 0.009793 	 0.723044 	 1.439114
    5 	 0.428082 	 0.805245 	 1.439114
    6 	 0.525601 	 0.881293 	 1.439114
    7 	 0.582086 	 0.947951 	 1.439114
    8 	 0.619963 	 1.077170 	 1.917091
    9 	 0.619963 	 1.091593 	 1.439114
   10 	 0.556289 	 1.183294 	 1.439114
   11 	 0.619963 	 1.268129 	 1.710572
   12 	 1.022487 	 1.307040 	 1.710572
   13 	 1.022487 	 1.306676 	 1.710572
   14 	 0.718279 	 1.325220 	 1.710572
   15 	 0.881058 	 1.356372 	 1.842273
   16 	 0.881058 	 1.381595 	 1.842273
   17 	 0.881058 	 1.384826 	 1.842273
   18 	 0.881058 	 1.404760 	 1.842273
   19 	 0.881058 	 1.375440 	 1.842273
   20 	 0.881058 	 1.397862 	 1.842273
   21 	 1.022487 	 1.482502 	 1.842273
   22 	 1.022487 	 1.504354 	 1.842273
   23 	 1.022487 	 1.524066 	 1.842273
   24 	 1.022487 	 1.540249 	 2.311948
   25 	 0.001057 	 1.576904 	 2.311948
   26 	 0.029195 	 1.647437 	 2.311948
   27 	 1.145413 	 1.680799 	 2.311948
   28 	 0.263410 	 1.719781 	 2.311948
   29 	 0.263410 	 1.749286 	 2.311948
   30 	 1.311001 	 1.773286 	 2.311948
   31 	 0.329153 	 1.747278 	 2.311948
   32 	 0.030023 	 1.804492 	 2.311948
   33 	 1.439114 	 1.931886 	 2.311948
   34 	 1.439114 	 1.984828 	 2.311948
   35 	 1.439114 	 1.968768 	 2.311948
   36 	 1.439114 	 2.057302 	 2.311948
   37 	 1.439114 	 2.063221 	 2.311948
   38 	 1.439114 	 2.100130 	 2.311948
   39 	 0.092868 	 2.136269 	 2.311948
   40 	 1.439114 	 2.131025 	 2.311948
   41 	 1.710572 	 2.137772 	 2.311948
   42 	 1.710572 	 2.187944 	 2.311948
   43 	 1.710572 	 2.225518 	 2.311948
   44 	 1.710572 	 2.233595 	 2.311948
   45 	 1.710572 	 2.250319 	 2.311948
   46 	 1.710572 	 2.273057 	 2.311948
   47 	 1.710572 	 2.277754 	 2.311948
   48 	 1.710572 	 2.282451 	 2.311948
   49 	 0.550682 	 2.280460 	 2.465145
 