   0 	 0.000311 	 0.312843 	 18.737483
    1 	 0.004735 	 11.041332 	 18.737483
    2 	 0.097413 	 17.009309 	 18.737483
    3 	 0.454819 	 18.089670 	 18.737483
    4 	 9.978351 	 18.636645 	 18.737483
    5 	 18.737483 	 18.737483 	 18.737483
    6 	 18.737483 	 18.737483 	 18.737483
    7 	 18.737483 	 18.737483 	 18.737483
    8 	 18.737483 	 18.737483 	 18.737483
    9 	 18.737483 	 18.737483 	 18.737483
   10 	 2.192981 	 18.572038 	 18.737483
   11 	 18.737483 	 18.737483 	 18.737483
   12 	 18.737483 	 19.190898 	 64.078904
   13 	 18.737483 	 20.097726 	 64.078904
   14 	 18.737483 	 21.457969 	 64.078904
   15 	 18.737483 	 25.538696 	 64.078904
   16 	 18.737483 	 34.153566 	 64.078904
   17 	 0.001512 	 44.394733 	 64.078904
   18 	 18.737483 	 58.678819 	 68.167441
   19 	 64.078904 	 64.119789 	 68.167441
   20 	 0.536745 	 63.493045 	 69.035219
   21 	 64.078904 	 64.078904 	 64.078904
   22 	 9.335420 	 63.531469 	 64.078904
   23 	 45.743431 	 63.895549 	 64.078904
   24 	 64.078904 	 64.078904 	 64.078904
   25 	 64.078904 	 64.078904 	 64.078904
   26 	 64.078904 	 64.078904 	 64.078904
   27 	 7.038796 	 63.508503 	 64.078904
   28 	 64.078904 	 69.992225 	 655.411031
   29 	 64.078904 	 117.298795 	 655.411031
   30 	 64.078904 	 365.658289 	 655.411031
   31 	 0.002375 	 595.637053 	 655.411031
   32 	 64.078904 	 643.724793 	 669.451540
   33 	 0.021846 	 643.084223 	 669.451540
   34 	 655.411031 	 655.691841 	 669.451540
   35 	 0.540833 	 649.283544 	 669.451540
   36 	 154.183933 	 650.679570 	 669.451540
   37 	 154.183933 	 645.386489 	 655.411031
   38 	 454.404672 	 653.400967 	 655.411031
   39 	 10.748191 	 648.964402 	 655.411031
   40 	 454.404672 	 653.400967 	 655.411031
   41 	 655.411031 	 655.484880 	 662.795894
   42 	 655.411031 	 655.558728 	 662.795894
   43 	 0.575629 	 649.158071 	 662.795894
   44 	 0.001531 	 649.152330 	 662.795894
   45 	 655.411031 	 655.558728 	 662.795894
   46 	 0.021846 	 643.164636 	 662.795894
   47 	 655.411031 	 655.706425 	 662.795894
   48 	 655.411031 	 655.854123 	 662.795894
   49 	 655.411031 	 655.558728 	 662.795894
 